Car 0.0000 0.0000 0.0000 522.0000 178.0000 571.0000 215.0000 1.4523 1.6345 3.8839 -2.6340 1.6463 30.8322 1.5708 0.9999
Car 0.0000 0.0000 0.0000 574.0000 173.0000 630.0000 228.0000 1.5983 1.6747 3.5589 -0.2508 1.6043 23.3010 1.5587 0.9999
Car 0.0000 0.0000 0.0000 36.0000 176.0000 181.0000 233.0000 1.5423 1.6778 4.1053 -15.1139 1.6322 22.0107 1.5394 0.9998
Car 0.0000 0.0000 0.0000 658.0000 181.0000 735.0000 235.0000 1.4842 1.6257 3.8021 2.5687 1.7073 22.0601 1.5048 0.9997
Car 0.0000 0.0000 0.0000 872.0000 191.0000 1887.0000 736.0000 1.5348 1.6163 3.6187 2.9710 1.6691 3.9740 1.5184 0.9997
Car 0.0000 0.0000 0.0000 194.0000 181.0000 474.0000 362.0000 1.4999 1.6111 3.6493 -2.7057 1.5910 7.8822 1.5708 0.9996
Car 0.0000 0.0000 0.0000 277.0000 179.0000 344.0000 210.0000 1.5021 1.6713 4.1150 -15.3462 1.7751 37.2296 1.5708 0.9996
Car 0.0000 0.0000 0.0000 -1399.0000 195.0000 351.0000 1195.0000 1.4586 1.5871 3.5335 -2.4594 1.5881 2.9134 1.5252 0.9995
Car 0.0000 0.0000 0.0000 -466.0000 188.0000 -114.0000 291.0000 1.4627 1.5844 3.5796 -15.0834 1.7269 12.3734 1.5708 0.9981
Car 0.0000 0.0000 0.0000 432.0000 174.0000 494.0000 213.0000 1.5681 1.6648 4.2117 -6.4840 1.5905 31.6022 1.1326 0.9979
Car 0.0000 0.0000 0.0000 345.0000 181.0000 450.0000 242.0000 1.5640 1.6839 4.2548 -6.2449 1.7737 20.8427 0.9698 0.9976
Car 0.0000 0.0000 0.0000 489.0000 174.0000 529.0000 203.0000 1.6083 1.7340 4.1946 -5.8858 1.6349 41.9794 1.2984 0.9962
Car 0.0000 0.0000 0.0000 18.0000 193.0000 310.0000 326.0000 1.4648 1.6566 4.0463 -6.1782 1.7394 9.8299 0.5184 0.9942
Car 0.0000 0.0000 0.0000 626.0000 174.0000 656.0000 199.0000 1.5139 1.6877 4.2074 2.0049 1.5556 45.8830 1.5708 0.9937
Car 0.0000 0.0000 0.0000 590.0000 170.0000 626.0000 203.0000 1.5312 1.6375 3.6524 -0.0809 1.3563 35.4344 1.5411 0.9776
Car 0.0000 0.0000 0.0000 521.0000 172.0000 544.0000 193.0000 1.5915 1.7147 4.2197 -5.9560 1.4319 55.9188 1.4524 0.9725
