Car 0.0000 0.0000 0.0000 243.0000 171.0000 448.0000 243.0000 1.5020 1.6462 3.9914 -5.8284 1.4586 16.1150 0.0553 0.9997
Car 0.0000 0.0000 0.0000 -3.0000 182.0000 347.0000 301.0000 1.4846 1.6439 3.9106 -5.9447 1.6164 9.9970 0.0507 0.9996
Car 0.0000 0.0000 0.0000 -725.0000 178.0000 118.0000 438.0000 1.5021 1.6498 4.0024 -6.0453 1.5535 5.0657 0.0400 0.9995
Car 0.0000 0.0000 0.0000 994.0000 154.0000 1142.0000 213.0000 1.6058 1.6796 4.2564 13.6181 1.0782 21.7313 1.5527 0.9987
Car 0.0000 0.0000 0.0000 294.0000 176.0000 465.0000 240.0000 1.5225 1.6375 3.8578 -5.8095 1.6032 18.4215 0.0211 0.9984
Car 0.0000 0.0000 0.0000 -255.0000 176.0000 220.0000 335.0000 1.4783 1.6002 3.7541 -6.4633 1.5276 7.6222 0.0574 0.9981
Car 0.0000 0.0000 0.0000 662.0000 174.0000 762.0000 211.0000 1.4585 1.6741 4.0128 4.2487 1.4825 30.1733 0.0846 0.9957
Car 0.0000 0.0000 0.0000 451.0000 174.0000 544.0000 208.0000 1.5158 1.6476 4.1501 -5.2854 1.5590 34.3748 0.0637 0.9910
Car 0.0000 0.0000 0.0000 951.0000 167.0000 1034.0000 204.0000 1.5371 1.6310 3.9224 17.0745 1.2517 32.2767 1.5708 0.9901
Car 0.0000 0.0000 0.0000 150.0000 175.0000 380.0000 263.0000 1.5088 1.5819 3.5690 -6.3338 1.5454 13.3347 0.1588 0.9879
Car 0.0000 0.0000 0.0000 1077.0000 136.0000 1402.0000 273.0000 2.0794 1.9336 5.0158 11.2009 1.5269 13.4667 1.5708 0.9841
Car 0.0000 0.0000 0.0000 923.0000 166.0000 968.0000 189.0000 1.4803 1.6548 3.8925 22.6041 0.9866 48.4365 -1.4263 0.9838
Car 0.0000 0.0000 0.0000 616.0000 179.0000 664.0000 197.0000 1.4441 1.5908 3.8195 2.6306 1.8811 60.4570 0.1593 0.9680
