Car 0.0000 0.0000 0.0000 289.0000 182.0000 470.0000 245.0000 1.4587 1.6517 4.0083 -5.7279 1.6941 18.1083 0.0753 0.9998
Car 0.0000 0.0000 0.0000 780.0000 180.0000 1179.0000 412.0000 1.5004 1.5998 3.6368 2.8513 1.5623 6.5658 1.5165 0.9997
Car 0.0000 0.0000 0.0000 676.0000 181.0000 758.0000 240.0000 1.4869 1.6030 3.5306 2.9314 1.7011 20.3927 1.5193 0.9997
Car 0.0000 0.0000 0.0000 -195.0000 188.0000 285.0000 339.0000 1.4752 1.6642 4.1838 -6.1372 1.6645 8.0649 0.0580 0.9997
Car 0.0000 0.0000 0.0000 733.0000 181.0000 852.0000 224.0000 1.4347 1.6361 3.9659 6.3910 1.7165 25.4873 0.1665 0.9997
Car 0.0000 0.0000 0.0000 -600.0000 207.0000 173.0000 459.0000 1.4896 1.6709 4.1011 -5.8459 1.7837 5.3920 0.0647 0.9996
Car 0.0000 0.0000 0.0000 236.0000 186.0000 443.0000 259.0000 1.4726 1.6478 3.9302 -5.8491 1.7598 15.8127 0.0515 0.9995
Car 0.0000 0.0000 0.0000 -37.0000 165.0000 299.0000 283.0000 1.5357 1.6260 3.8008 -6.7521 1.4442 10.3650 0.0220 0.9992
Car 0.0000 0.0000 0.0000 433.0000 171.0000 524.0000 204.0000 1.6449 1.6832 4.4006 -6.7203 1.5107 37.3441 0.0238 0.9990
Car 0.0000 0.0000 0.0000 635.0000 177.0000 662.0000 199.0000 1.5895 1.7149 4.0096 2.9756 1.8399 54.1636 1.5581 0.9988
Car 0.0000 0.0000 0.0000 347.0000 182.0000 497.0000 233.0000 1.5465 1.6836 4.2998 -5.9179 1.8191 22.9351 0.1133 0.9981
Car 0.0000 0.0000 0.0000 360.0000 180.0000 477.0000 224.0000 1.4789 1.6065 3.6793 -6.7184 1.7216 25.5663 0.1034 0.9977
Car 0.0000 0.0000 0.0000 397.0000 179.0000 507.0000 220.0000 1.4827 1.6248 3.8346 -6.0889 1.7165 27.9621 0.1437 0.9963
Car 0.0000 0.0000 0.0000 319.0000 184.0000 476.0000 241.0000 1.5013 1.6354 3.9699 -5.9668 1.8237 20.4809 0.0561 0.9959
Car 0.0000 0.0000 0.0000 127.0000 188.0000 365.0000 277.0000 1.4621 1.5580 3.5475 -6.5109 1.7472 13.0781 0.0228 0.9935
Car 0.0000 0.0000 0.0000 410.0000 182.0000 515.0000 221.0000 1.5536 1.6425 4.0217 -6.1398 1.9122 30.3883 0.1167 0.9877
Car 0.0000 0.0000 0.0000 563.0000 174.0000 585.0000 193.0000 1.5143 1.6453 3.9103 -2.8056 1.5069 57.7273 1.4793 0.9747
Car 0.0000 0.0000 0.0000 539.0000 178.0000 562.0000 196.0000 1.5247 1.6821 4.0470 -5.0594 1.8473 63.1824 1.5582 0.9699
