Car 0.0000 0.0000 0.0000 711.0000 173.0000 798.0000 252.0000 1.5440 1.6764 3.8883 3.3450 1.5498 16.1742 -1.3082 0.9999
Car 0.0000 0.0000 0.0000 928.0000 162.0000 1033.0000 227.0000 1.5580 1.6522 4.0154 9.8404 1.2827 19.3903 -1.3140 0.9995
Car 0.0000 0.0000 0.0000 956.0000 130.0000 1162.0000 235.0000 1.6747 1.7020 4.1755 8.1806 0.9979 13.6198 -1.4385 0.9995
Car 0.0000 0.0000 0.0000 -14.0000 205.0000 325.0000 352.0000 1.4418 1.6206 3.6315 -5.5273 1.8479 8.7417 0.3539 0.9994
Car 0.0000 0.0000 0.0000 -209.0000 224.0000 89.0000 357.0000 1.4879 1.6520 3.9561 -9.7186 2.2888 10.4045 0.3880 0.9991
Car 0.0000 0.0000 0.0000 -368.0000 239.0000 -105.0000 357.0000 1.5100 1.6547 3.8353 -14.0864 2.6890 11.9522 0.3646 0.9987
Car 0.0000 0.0000 0.0000 -9318.0000 -4851.0000 1668.0000 472.0000 1.6013 1.7138 4.3435 4.0788 1.5218 1.7290 -1.3644 0.9984
Car 0.0000 0.0000 0.0000 732.0000 166.0000 801.0000 224.0000 1.5317 1.6620 3.9563 4.5092 1.3397 21.1413 -1.4249 0.9977
Car 0.0000 0.0000 0.0000 904.0000 155.0000 956.0000 198.0000 1.6378 1.6665 3.9317 13.1238 0.9389 29.6185 -1.2201 0.9974
Car 0.0000 0.0000 0.0000 770.0000 168.0000 824.0000 207.0000 1.4730 1.6244 3.8447 7.6797 1.2617 29.7084 -1.4479 0.9957
Car 0.0000 0.0000 0.0000 -557.0000 224.0000 -188.0000 338.0000 1.5996 1.7926 4.3480 -18.8153 2.7217 14.1830 1.3933 0.9950
Car 0.0000 0.0000 0.0000 777.0000 171.0000 817.0000 204.0000 1.4643 1.5926 3.5855 8.8461 1.3625 33.7441 -1.2636 0.9861
