Car 0.0000 0.0000 0.0000 470.0000 182.0000 540.0000 237.0000 1.4743 1.6132 3.7622 -3.0208 1.7189 21.4169 1.5536 0.9999
Car 0.0000 0.0000 0.0000 817.0000 186.0000 1326.0000 466.0000 1.4667 1.5927 3.6797 3.0209 1.5881 5.7622 1.5315 0.9996
Car 0.0000 0.0000 0.0000 365.0000 183.0000 439.0000 209.0000 1.4783 1.6446 3.9778 -12.5739 2.0532 43.8214 0.0603 0.9995
Car 0.0000 0.0000 0.0000 654.0000 177.0000 724.0000 226.0000 1.4744 1.6031 3.7497 2.5555 1.5848 23.8934 1.4947 0.9995
Car 0.0000 0.0000 0.0000 725.0000 167.0000 925.0000 299.0000 1.5336 1.6156 3.7154 2.8006 1.4701 10.2888 1.5354 0.9995
Car 0.0000 0.0000 0.0000 647.0000 175.0000 699.0000 217.0000 1.5345 1.6204 3.8028 2.5107 1.6126 29.0358 1.5340 0.9974
Car 0.0000 0.0000 0.0000 587.0000 173.0000 612.0000 197.0000 1.5756 1.6928 3.9247 -0.6741 1.5527 50.6124 1.5336 0.9968
Car 0.0000 0.0000 0.0000 692.0000 168.0000 805.0000 253.0000 1.5100 1.5622 3.2241 2.6450 1.4147 14.4170 1.5547 0.9968
Car 0.0000 0.0000 0.0000 637.0000 173.0000 670.0000 204.0000 1.5606 1.6813 4.0342 2.3580 1.5450 39.0343 1.5708 0.9954
Car 0.0000 0.0000 0.0000 266.0000 184.0000 344.0000 209.0000 1.4244 1.6355 4.0157 -18.4167 2.0470 43.6865 0.0331 0.9923
Car 0.0000 0.0000 0.0000 616.0000 171.0000 638.0000 191.0000 1.4981 1.6379 4.0108 1.4101 1.2831 57.4605 1.5708 0.9898
