Car 0.0000 0.0000 0.0000 551.0000 183.0000 577.0000 207.0000 1.5345 1.6906 3.8541 -3.0635 2.1722 49.1640 1.5090 0.9998
Car 0.0000 0.0000 0.0000 681.0000 181.0000 761.0000 238.0000 1.4727 1.6051 3.5979 3.1240 1.6946 20.8675 1.5249 0.9996
Car 0.0000 0.0000 0.0000 721.0000 179.0000 924.0000 306.0000 1.4975 1.6137 3.8004 2.8427 1.5852 10.5793 1.5045 0.9996
Car 0.0000 0.0000 0.0000 800.0000 187.0000 1318.0000 492.0000 1.5472 1.6317 3.6577 2.8357 1.6738 5.6271 1.5294 0.9995
Car 0.0000 0.0000 0.0000 596.0000 179.0000 622.0000 204.0000 1.7081 1.7686 3.9020 -0.0007 2.0649 52.0999 1.5628 0.9990
Car 0.0000 0.0000 0.0000 433.0000 189.0000 487.0000 209.0000 1.5058 1.6673 4.0114 -12.1311 2.7793 59.0142 0.0929 0.9988
Car 0.0000 0.0000 0.0000 659.0000 177.0000 726.0000 225.0000 1.5505 1.6092 3.5404 2.8471 1.6720 25.2635 1.4796 0.9988
Car 0.0000 0.0000 0.0000 649.0000 179.0000 683.0000 210.0000 1.5453 1.6865 4.0300 3.0532 1.8338 38.9530 1.5708 0.9908
Car 0.0000 0.0000 0.0000 360.0000 187.0000 416.0000 207.0000 1.5605 1.6515 4.0069 -18.0366 2.6237 58.9475 0.1133 0.9883
Car 0.0000 0.0000 0.0000 628.0000 178.0000 655.0000 199.0000 1.4952 1.6733 4.0382 2.4229 1.8134 54.0713 1.5408 0.9742
Car 0.0000 0.0000 0.0000 398.0000 184.0000 450.0000 201.0000 1.4688 1.6236 4.0543 -16.1483 2.3305 62.9776 0.0820 0.9617
