Car 0.0000 0.0000 0.0000 456.0000 179.0000 496.0000 203.0000 1.5683 1.7356 4.3254 -9.0409 1.9091 49.4223 1.5708 0.9999
Car 0.0000 0.0000 0.0000 52.0000 176.0000 222.0000 246.0000 1.6116 1.6953 4.0741 -12.1389 1.6848 18.8245 1.5708 0.9998
Car 0.0000 0.0000 0.0000 709.0000 164.0000 782.0000 231.0000 1.5789 1.6716 3.7167 3.5677 1.3535 18.9622 -1.3815 0.9995
Car 0.0000 0.0000 0.0000 849.0000 159.0000 1320.0000 401.0000 1.5584 1.6532 4.0328 3.7437 1.4837 6.7166 1.5519 0.9993
Car 0.0000 0.0000 0.0000 689.0000 173.0000 753.0000 224.0000 1.5322 1.6049 3.5884 3.6512 1.5373 24.0411 1.5708 0.9992
Car 0.0000 0.0000 0.0000 673.0000 175.0000 723.0000 215.0000 1.5446 1.6201 3.4870 3.6072 1.6132 29.7259 1.5708 0.9982
Car 0.0000 0.0000 0.0000 665.0000 177.0000 711.0000 211.0000 1.5568 1.6884 3.8337 3.7955 1.7036 35.0483 1.5439 0.9981
Car 0.0000 0.0000 0.0000 -7028.0000 -2588.0000 1508.0000 535.0000 1.4576 1.5886 3.7167 3.3455 1.6038 1.4130 1.5336 0.9975
Car 0.0000 0.0000 0.0000 650.0000 175.0000 682.0000 199.0000 1.5042 1.6498 3.9197 3.6730 1.5887 46.7126 1.5315 0.9894
Car 0.0000 0.0000 0.0000 655.0000 160.0000 679.0000 178.0000 1.5185 1.6653 3.7981 5.2047 0.3496 64.0189 -1.3654 0.9756
