Car 0.0000 0.0000 0.0000 447.0000 179.0000 493.0000 209.0000 1.5254 1.6735 3.8443 -7.3451 1.7910 38.2772 1.5708 0.9998
Car 0.0000 0.0000 0.0000 -381.0000 183.0000 109.0000 334.0000 1.5035 1.6495 3.8973 -8.2279 1.6262 8.1571 0.0136 0.9995
Car 0.0000 0.0000 0.0000 -89.0000 189.0000 230.0000 296.0000 1.4690 1.6190 3.7526 -8.1089 1.7278 10.9725 0.0654 0.9989
Car 0.0000 0.0000 0.0000 -890.0000 199.0000 -101.0000 430.0000 1.5056 1.6345 3.9039 -8.4067 1.7466 5.7063 0.0332 0.9973
Car 0.0000 0.0000 0.0000 164.0000 177.0000 367.0000 258.0000 1.5519 1.6158 3.8427 -7.5359 1.6383 15.8385 -0.5793 0.9958
Car 0.0000 0.0000 0.0000 652.0000 173.0000 675.0000 192.0000 1.5456 1.6802 3.9126 4.5876 1.4783 59.4769 -1.4499 0.9958
Car 0.0000 0.0000 0.0000 1085.0000 143.0000 1321.0000 216.0000 1.5496 1.6264 3.9472 13.5429 0.9083 16.6387 0.0984 0.9889
Car 0.0000 0.0000 0.0000 190.0000 183.0000 348.0000 249.0000 1.5406 1.5881 3.5345 -8.6589 1.7891 18.5444 -0.3656 0.9857
Car 0.0000 0.0000 0.0000 1180.0000 145.0000 1484.0000 232.0000 1.5521 1.6683 3.9821 13.7964 1.0515 13.9823 0.1054 0.9856
Car 0.0000 0.0000 0.0000 291.0000 185.0000 366.0000 236.0000 1.5156 1.5905 3.6722 -9.1886 1.8833 23.7596 1.4018 0.9812
Car 0.0000 0.0000 0.0000 384.0000 177.0000 432.0000 221.0000 1.5467 1.6318 3.4591 -7.5945 1.6614 27.2884 1.3105 0.9779
Car 0.0000 0.0000 0.0000 419.0000 179.0000 461.0000 205.0000 1.5114 1.6760 4.1471 -10.4119 1.8359 44.5907 1.5549 0.9770
Car 0.0000 0.0000 0.0000 1038.0000 152.0000 1244.0000 214.0000 1.4817 1.6414 4.0176 13.6835 0.9788 18.7443 0.1176 0.9641
