Car 0.0000 0.0000 0.0000 443.0000 176.0000 507.0000 224.0000 1.5296 1.6492 3.9020 -4.6389 1.6291 25.3049 1.5400 0.9999
Car 0.0000 0.0000 0.0000 -142.0000 193.0000 321.0000 425.0000 1.4835 1.6372 3.8377 -4.3536 1.7089 6.8144 1.5629 0.9999
Car 0.0000 0.0000 0.0000 670.0000 172.0000 765.0000 241.0000 1.5726 1.6790 4.0881 2.6369 1.5453 18.5209 1.5383 0.9998
Car 0.0000 0.0000 0.0000 473.0000 167.0000 520.0000 208.0000 1.6346 1.6591 3.8389 -4.7687 1.3627 30.7730 1.5000 0.9997
Car 0.0000 0.0000 0.0000 791.0000 187.0000 1199.0000 428.0000 1.4942 1.6038 3.6338 2.9384 1.6437 6.4911 1.5335 0.9997
Car 0.0000 0.0000 0.0000 738.0000 177.0000 918.0000 294.0000 1.4972 1.5861 3.5731 3.1091 1.5567 11.0743 1.5455 0.9994
Car 0.0000 0.0000 0.0000 195.0000 179.0000 350.0000 234.0000 1.4697 1.6152 3.6484 -9.5039 1.6366 20.4676 0.0037 0.9993
Car 0.0000 0.0000 0.0000 661.0000 172.0000 723.0000 221.0000 1.5682 1.6154 3.5931 2.7777 1.5232 24.8533 1.5396 0.9992
Car 0.0000 0.0000 0.0000 492.0000 166.0000 538.0000 203.0000 1.7318 1.7516 4.2288 -4.6768 1.3621 36.3498 1.5708 0.9980
Car 0.0000 0.0000 0.0000 649.0000 173.0000 692.0000 209.0000 1.5582 1.6380 3.8266 2.7630 1.5417 33.1316 1.5708 0.9949
