Car 0.0000 0.0000 0.0000 677.0000 179.0000 848.0000 239.0000 1.4234 1.6630 4.1051 3.8126 1.5849 18.5581 0.0688 1.0000
Car 0.0000 0.0000 0.0000 475.0000 183.0000 540.0000 238.0000 1.4805 1.6151 3.7200 -3.0315 1.7843 21.9178 1.5233 0.9999
Car 0.0000 0.0000 0.0000 -34.0000 115.0000 457.0000 449.0000 1.9674 1.8534 4.8084 -2.9197 1.6423 6.6676 1.5708 0.9998
Car 0.0000 0.0000 0.0000 624.0000 179.0000 714.0000 212.0000 1.4168 1.6429 3.8870 2.7036 1.6443 32.3155 0.1139 0.9997
Car 0.0000 0.0000 0.0000 383.0000 188.0000 512.0000 284.0000 1.4654 1.6339 3.9678 -2.8982 1.7688 13.5404 1.5399 0.9997
Car 0.0000 0.0000 0.0000 -572.0000 195.0000 159.0000 503.0000 1.4838 1.6148 4.0035 -5.5443 1.7001 5.7734 1.4604 0.9993
Car 0.0000 0.0000 0.0000 514.0000 171.0000 560.0000 213.0000 1.8069 1.8186 4.7101 -3.2337 1.6839 33.1415 1.5269 0.9989
Car 0.0000 0.0000 0.0000 543.0000 177.0000 577.0000 204.0000 1.7021 1.7419 4.3347 -3.2002 1.8963 48.0876 1.5708 0.9948
Car 0.0000 0.0000 0.0000 611.0000 177.0000 636.0000 197.0000 1.4824 1.6474 3.8450 1.1119 1.7210 54.8026 1.5270 0.9909
Car 0.0000 0.0000 0.0000 661.0000 181.0000 779.0000 228.0000 1.5038 1.6265 3.8026 3.7487 1.7779 24.4821 0.1636 0.9706
Car 0.0000 0.0000 0.0000 430.0000 181.0000 487.0000 220.0000 1.4590 1.5971 3.7372 -6.0702 1.7486 29.2890 1.5468 0.9648
