Car 0.0000 0.0000 0.0000 396.0000 180.0000 457.0000 216.0000 1.5226 1.6749 3.8837 -8.1865 1.8047 32.5272 1.5708 0.9999
Car 0.0000 0.0000 0.0000 456.0000 177.0000 537.0000 236.0000 1.5690 1.7027 4.0895 -3.2491 1.6625 21.3638 1.5708 0.9999
Car 0.0000 0.0000 0.0000 43.0000 155.0000 423.0000 380.0000 1.5174 1.6401 3.9154 -3.1231 1.4120 6.8813 1.5506 0.9998
Car 0.0000 0.0000 0.0000 359.0000 181.0000 409.0000 210.0000 1.5367 1.6847 3.9465 -12.7492 1.9532 41.0256 1.5515 0.9994
Car 0.0000 0.0000 0.0000 563.0000 173.0000 617.0000 225.0000 1.5864 1.6772 3.6911 -0.6766 1.5903 24.4619 1.5378 0.9992
Car 0.0000 0.0000 0.0000 500.0000 181.0000 545.0000 214.0000 1.5001 1.6487 3.7816 -4.1188 1.8314 34.6391 1.5708 0.9992
Car 0.0000 0.0000 0.0000 -361.0000 178.0000 117.0000 354.0000 1.5018 1.6103 3.6567 -7.5895 1.5581 8.0153 1.5708 0.9992
Car 0.0000 0.0000 0.0000 228.0000 181.0000 319.0000 225.0000 1.4950 1.6737 3.9685 -12.4051 1.7582 26.8306 1.5321 0.9975
Car 0.0000 0.0000 0.0000 415.0000 173.0000 463.0000 203.0000 1.5457 1.6616 3.8929 -9.1676 1.5264 39.1615 1.5708 0.9972
Car 0.0000 0.0000 0.0000 453.0000 175.0000 486.0000 201.0000 1.5232 1.6778 3.9468 -8.7606 1.6272 45.4031 1.4772 0.9947
Car 0.0000 0.0000 0.0000 255.0000 183.0000 359.0000 245.0000 1.4815 1.6410 3.7863 -8.0804 1.7369 19.5177 1.4417 0.9943
Car 0.0000 0.0000 0.0000 -13.0000 176.0000 174.0000 248.0000 1.4921 1.6381 4.0045 -12.2421 1.5490 16.9765 1.5181 0.9937
Car 0.0000 0.0000 0.0000 527.0000 166.0000 556.0000 192.0000 1.6034 1.6800 4.0749 -4.4023 1.1410 47.6621 1.5241 0.9905
