Car 0.0000 0.0000 0.0000 343.0000 168.0000 458.0000 237.0000 1.5290 1.6660 4.0627 -5.1779 1.4268 18.3265 1.5708 0.9999
Car 0.0000 0.0000 0.0000 175.0000 174.0000 403.0000 302.0000 1.4853 1.6187 3.7912 -4.3470 1.5141 10.3644 1.5615 0.9998
Car 0.0000 0.0000 0.0000 -378.0000 179.0000 109.0000 342.0000 1.4901 1.6377 4.0723 -8.3437 1.5592 8.6866 1.5708 0.9995
Car 0.0000 0.0000 0.0000 579.0000 173.0000 617.0000 209.0000 1.5330 1.6456 3.4796 -0.5197 1.5227 33.1914 1.5448 0.9993
Car 0.0000 0.0000 0.0000 182.0000 179.0000 321.0000 244.0000 1.4522 1.6136 3.7375 -8.8377 1.5851 18.1095 1.5708 0.9988
Car 0.0000 0.0000 0.0000 478.0000 160.0000 534.0000 204.0000 1.6840 1.7246 4.3145 -4.2955 1.1713 30.4548 1.5708 0.9973
Car 0.0000 0.0000 0.0000 344.0000 165.0000 428.0000 208.0000 1.5048 1.6713 3.9893 -8.4441 1.2005 27.6096 -1.4756 0.9964
Car 0.0000 0.0000 0.0000 -564.0000 164.0000 -86.0000 305.0000 1.5073 1.6216 3.7475 -11.9489 1.4194 9.6477 1.5228 0.9964
Car 0.0000 0.0000 0.0000 247.0000 177.0000 341.0000 220.0000 1.5239 1.7214 4.4344 -11.9504 1.6440 27.6119 1.5530 0.9946
Car 0.0000 0.0000 0.0000 455.0000 165.0000 519.0000 221.0000 1.8508 1.7961 4.0837 -4.3577 1.5806 26.1079 1.5242 0.9944
Car 0.0000 0.0000 0.0000 513.0000 168.0000 546.0000 193.0000 1.4939 1.6518 4.0152 -4.9806 1.1283 45.4909 1.5625 0.9840
Car 0.0000 0.0000 0.0000 -547.0000 -1244.0000 5085.0000 551.0000 1.4851 1.6599 4.1332 -4.4797 1.6905 1.2132 1.5641 0.9831
