Car 0.0000 0.0000 0.0000 -53.0000 184.0000 240.0000 283.0000 1.4642 1.5950 3.6560 -8.2923 1.6495 11.7167 0.0183 0.9994
Car 0.0000 0.0000 0.0000 -236.0000 193.0000 152.0000 320.0000 1.4398 1.5953 3.6539 -8.2809 1.7230 9.3165 0.0334 0.9993
Car 0.0000 0.0000 0.0000 468.0000 179.0000 505.0000 207.0000 1.5290 1.6638 4.0030 -7.0955 1.8325 42.0859 1.5307 0.9992
Car 0.0000 0.0000 0.0000 1098.0000 131.0000 1326.0000 196.0000 1.4441 1.6192 4.0405 14.3614 0.4819 17.3440 0.0444 0.9991
Car 0.0000 0.0000 0.0000 98.0000 181.0000 326.0000 261.0000 1.4849 1.6159 3.7967 -7.9526 1.6527 14.5230 0.1218 0.9977
Car 0.0000 0.0000 0.0000 653.0000 173.0000 673.0000 192.0000 1.5082 1.6648 3.9050 4.6235 1.4626 61.2464 1.5708 0.9975
Car 0.0000 0.0000 0.0000 -795.0000 194.0000 -120.0000 401.0000 1.4640 1.5898 3.4175 -8.7137 1.6626 6.0798 0.0192 0.9971
Car 0.0000 0.0000 0.0000 240.0000 182.0000 393.0000 246.0000 1.5370 1.5872 3.5370 -7.8607 1.7697 19.3581 -0.6002 0.9944
Car 0.0000 0.0000 0.0000 -2559.0000 217.0000 -606.0000 733.0000 1.5291 1.6140 3.8319 -8.5289 1.7775 3.1132 0.0287 0.9908
Car 0.0000 0.0000 0.0000 988.0000 150.0000 1163.0000 203.0000 1.5175 1.6690 4.1405 14.1377 0.8525 22.0389 0.1281 0.9861
Car 0.0000 0.0000 0.0000 603.0000 184.0000 623.0000 201.0000 1.5120 1.6936 4.1327 0.4490 2.4157 66.3881 1.5708 0.9851
Car 0.0000 0.0000 0.0000 275.0000 178.0000 405.0000 233.0000 1.5459 1.6079 3.5405 -8.3637 1.7048 22.3993 -0.5406 0.9767
Car 0.0000 0.0000 0.0000 347.0000 180.0000 402.0000 224.0000 1.5357 1.6356 3.7333 -8.9376 1.7916 27.5963 1.3488 0.9701
Car 0.0000 0.0000 0.0000 411.0000 180.0000 454.0000 219.0000 1.5141 1.6705 3.7152 -7.5950 1.7982 30.7739 1.3151 0.9644
Car 0.0000 0.0000 0.0000 518.0000 186.0000 541.0000 206.0000 1.5368 1.7302 4.2378 -6.4230 2.5535 58.8741 1.4998 0.9612
