Car 0.0000 0.0000 0.0000 289.0000 173.0000 385.0000 228.0000 2.0239 1.8973 4.7113 -10.8203 1.9974 28.9803 1.5708 0.9998
Car 0.0000 0.0000 0.0000 588.0000 168.0000 653.0000 224.0000 1.5995 1.6657 3.9020 0.2499 1.4402 22.6391 1.4943 0.9994
Car 0.0000 0.0000 0.0000 484.0000 165.0000 527.0000 204.0000 2.4387 1.9888 5.0993 -6.8061 1.8695 47.9791 1.5708 0.9983
Car 0.0000 0.0000 0.0000 404.0000 177.0000 443.0000 205.0000 1.5333 1.6950 4.2239 -10.7701 1.7305 42.0818 1.4406 0.9981
Car 0.0000 0.0000 0.0000 356.0000 175.0000 417.0000 208.0000 1.5084 1.6405 4.0508 -10.7669 1.5777 35.1107 1.5708 0.9973
Car 0.0000 0.0000 0.0000 835.0000 154.0000 1106.0000 335.0000 1.4967 1.6566 3.9881 4.1527 1.3401 7.9940 -0.8300 0.9968
Car 0.0000 0.0000 0.0000 690.0000 156.0000 820.0000 217.0000 1.7379 1.6814 4.2249 4.6161 1.2344 22.5139 -0.6840 0.9964
Car 0.0000 0.0000 0.0000 660.0000 172.0000 730.0000 211.0000 1.5063 1.6366 3.6692 3.6439 1.4499 30.0085 -1.0781 0.9960
Car 0.0000 0.0000 0.0000 790.0000 159.0000 944.0000 270.0000 1.5166 1.6958 4.1237 4.4470 1.3267 12.0940 -1.0424 0.9956
Car 0.0000 0.0000 0.0000 -2197.0000 -1940.0000 41228.0000 22918.0000 1.5239 1.6848 4.0132 4.2596 1.3519 1.1283 -0.9213 0.9942
Car 0.0000 0.0000 0.0000 797.0000 163.0000 884.0000 244.0000 1.5523 1.6008 3.6542 4.9592 1.3635 15.8706 -1.3168 0.9910
Car 0.0000 0.0000 0.0000 -58.0000 179.0000 17.0000 217.0000 1.5718 1.6773 4.1577 -27.8430 1.8023 31.9233 1.0626 0.9905
Car 0.0000 0.0000 0.0000 652.0000 164.0000 687.0000 188.0000 1.5318 1.6828 4.0381 4.1052 0.9048 47.7965 -1.3244 0.9757
Car 0.0000 0.0000 0.0000 471.0000 176.0000 497.0000 196.0000 1.5334 1.7064 4.0901 -9.9952 1.7130 57.9977 1.4951 0.9734
