Car 0.0000 0.0000 0.0000 44.0000 184.0000 374.0000 290.0000 1.4816 1.6759 4.2210 -6.0510 1.6583 11.1051 0.0749 0.9999
Car 0.0000 0.0000 0.0000 -384.0000 184.0000 247.0000 387.0000 1.4932 1.6751 4.2336 -5.7557 1.6086 6.3552 0.0892 0.9998
Car 0.0000 0.0000 0.0000 -100.0000 179.0000 310.0000 318.0000 1.4934 1.6451 4.0153 -6.0198 1.5743 8.7715 0.1065 0.9996
Car 0.0000 0.0000 0.0000 635.0000 176.0000 673.0000 205.0000 1.6127 1.7094 3.9498 2.6091 1.7514 42.3899 1.5116 0.9996
Car 0.0000 0.0000 0.0000 701.0000 180.0000 812.0000 222.0000 1.4718 1.6256 3.8303 5.4480 1.7253 27.0029 0.0346 0.9996
Car 0.0000 0.0000 0.0000 757.0000 181.0000 1004.0000 342.0000 1.5001 1.5972 3.5528 2.9133 1.6007 8.6289 1.5669 0.9996
Car 0.0000 0.0000 0.0000 224.0000 184.0000 431.0000 255.0000 1.4606 1.6449 3.9807 -6.2399 1.7159 16.1032 0.1010 0.9995
Car 0.0000 0.0000 0.0000 347.0000 162.0000 481.0000 210.0000 1.5896 1.6766 4.2685 -6.8682 1.2169 25.5264 0.0220 0.9995
Car 0.0000 0.0000 0.0000 827.0000 174.0000 1088.0000 259.0000 1.4965 1.6579 4.1530 6.4287 1.5334 13.7552 0.1293 0.9994
Car 0.0000 0.0000 0.0000 123.0000 180.0000 367.0000 266.0000 1.5018 1.6311 3.8095 -6.8169 1.6296 13.6432 0.0326 0.9993
Car 0.0000 0.0000 0.0000 338.0000 177.0000 471.0000 229.0000 1.5388 1.6467 3.8737 -6.5503 1.6689 22.9723 0.4059 0.9990
Car 0.0000 0.0000 0.0000 279.0000 182.0000 444.0000 243.0000 1.4818 1.6105 3.6599 -6.2887 1.6984 18.4721 0.0593 0.9989
Car 0.0000 0.0000 0.0000 -975.0000 212.0000 79.0000 548.0000 1.4203 1.6246 3.9464 -5.6239 1.6910 4.1290 0.0630 0.9988
Car 0.0000 0.0000 0.0000 462.0000 179.0000 539.0000 207.0000 1.4853 1.6379 3.8523 -5.9256 1.7885 39.5309 0.1471 0.9971
Car 0.0000 0.0000 0.0000 729.0000 187.0000 856.0000 233.0000 1.4606 1.6272 3.8978 6.0302 1.9061 24.0363 0.0907 0.9969
Car 0.0000 0.0000 0.0000 451.0000 178.0000 534.0000 209.0000 1.4864 1.6162 3.9325 -5.9301 1.7283 36.8933 0.0582 0.9957
Car 0.0000 0.0000 0.0000 759.0000 173.0000 861.0000 239.0000 1.6478 1.7243 4.2849 5.4753 1.6511 20.2428 1.5708 0.9904
Car 0.0000 0.0000 0.0000 702.0000 172.0000 804.0000 210.0000 1.4778 1.6048 3.8344 5.7747 1.4163 29.2657 0.0489 0.9854
