Car 0.0000 0.0000 0.0000 699.0000 186.0000 821.0000 269.0000 1.4946 1.5834 3.5027 2.9944 1.7654 15.1055 1.4941 0.9998
Car 0.0000 0.0000 0.0000 -237.0000 183.0000 269.0000 346.0000 1.4843 1.6441 3.9962 -6.0182 1.6083 7.5761 0.0122 0.9995
Car 0.0000 0.0000 0.0000 203.0000 177.0000 430.0000 258.0000 1.5172 1.6532 3.9797 -5.8985 1.6021 14.7431 0.0065 0.9994
Car 0.0000 0.0000 0.0000 -20.0000 180.0000 328.0000 298.0000 1.4748 1.6293 3.8484 -6.1835 1.5835 9.9814 0.0483 0.9994
Car 0.0000 0.0000 0.0000 697.0000 177.0000 796.0000 212.0000 1.5044 1.7047 4.1565 6.1987 1.6737 32.7752 -0.0233 0.9992
Car 0.0000 0.0000 0.0000 142.0000 189.0000 404.0000 281.0000 1.4527 1.6154 3.8650 -5.8051 1.7407 12.5803 0.1166 0.9990
Car 0.0000 0.0000 0.0000 449.0000 182.0000 528.0000 211.0000 1.4649 1.6455 3.9298 -6.4201 1.9236 38.5997 0.0499 0.9988
Car 0.0000 0.0000 0.0000 291.0000 178.0000 450.0000 237.0000 1.5096 1.6253 3.7878 -6.4703 1.6400 19.6707 0.0515 0.9986
Car 0.0000 0.0000 0.0000 374.0000 167.0000 491.0000 207.0000 1.5216 1.6520 4.2648 -7.0390 1.2847 28.8961 0.0583 0.9981
Car 0.0000 0.0000 0.0000 782.0000 188.0000 916.0000 238.0000 1.4619 1.6237 3.6858 7.2950 1.9158 22.2380 0.1357 0.9978
Car 0.0000 0.0000 0.0000 514.0000 176.0000 544.0000 202.0000 1.5149 1.6321 3.7523 -4.9783 1.6596 44.6631 1.4107 0.9975
Car 0.0000 0.0000 0.0000 -5892.0000 -2168.0000 1375.0000 486.0000 1.5290 1.6501 4.1021 3.0842 1.5199 1.5505 1.5265 0.9955
Car 0.0000 0.0000 0.0000 -657.0000 175.0000 87.0000 416.0000 1.5182 1.6098 3.7981 -6.4442 1.5494 5.4351 0.0522 0.9944
Car 0.0000 0.0000 0.0000 739.0000 179.0000 858.0000 225.0000 1.5093 1.6246 3.8481 6.4685 1.6971 24.9445 0.2153 0.9877
Car 0.0000 0.0000 0.0000 635.0000 170.0000 678.0000 206.0000 1.9638 1.8648 4.8358 2.6888 1.7671 41.9671 1.5067 0.9816
