Car 0.0000 0.0000 0.0000 186.0000 174.0000 428.0000 255.0000 1.5002 1.6658 4.1427 -5.9549 1.5245 14.4207 0.0303 0.9999
Car 0.0000 0.0000 0.0000 665.0000 171.0000 737.0000 225.0000 1.5090 1.6577 4.0596 2.7503 1.4475 22.4046 1.5610 0.9999
Car 0.0000 0.0000 0.0000 -65.0000 181.0000 323.0000 314.0000 1.4685 1.6249 3.7857 -5.8201 1.5771 8.9431 0.0418 0.9997
Car 0.0000 0.0000 0.0000 365.0000 176.0000 499.0000 225.0000 1.5155 1.6528 4.0126 -5.8199 1.6166 23.8344 0.0417 0.9996
Car 0.0000 0.0000 0.0000 -413.0000 171.0000 208.0000 364.0000 1.5121 1.6568 4.1545 -6.2293 1.5147 6.5625 0.0460 0.9996
Car 0.0000 0.0000 0.0000 381.0000 161.0000 512.0000 210.0000 1.6914 1.6919 4.3824 -5.8854 1.2693 26.2906 0.0711 0.9991
Car 0.0000 0.0000 0.0000 -1214.0000 192.0000 -117.0000 547.0000 1.4646 1.6318 3.8820 -6.7743 1.6001 4.0504 0.1058 0.9989
Car 0.0000 0.0000 0.0000 281.0000 180.0000 447.0000 240.0000 1.5126 1.6252 3.8958 -6.5367 1.6900 19.2401 0.1802 0.9973
Car 0.0000 0.0000 0.0000 754.0000 185.0000 848.0000 269.0000 1.4937 1.6714 3.8639 3.9260 1.7627 15.3185 -1.3700 0.9969
Car 0.0000 0.0000 0.0000 454.0000 169.0000 535.0000 200.0000 1.5090 1.6302 3.7642 -5.7344 1.2808 36.4095 0.0731 0.9955
Car 0.0000 0.0000 0.0000 510.0000 167.0000 544.0000 195.0000 1.5480 1.6797 3.9934 -4.7330 1.1757 42.1706 1.5379 0.9942
Car 0.0000 0.0000 0.0000 722.0000 170.0000 822.0000 210.0000 1.4307 1.5683 3.5842 6.1187 1.3130 27.3364 0.1701 0.9939
Car 0.0000 0.0000 0.0000 630.0000 171.0000 650.0000 189.0000 1.5465 1.6597 3.7984 2.8492 1.3295 65.6458 1.5708 0.9900
Car 0.0000 0.0000 0.0000 293.0000 165.0000 429.0000 219.0000 1.5060 1.5929 3.5157 -7.3325 1.2787 21.4206 -0.0253 0.9895
Car 0.0000 0.0000 0.0000 781.0000 -100.0000 1562.0000 456.0000 2.3291 1.9123 5.0930 2.9564 1.1854 5.5733 1.5357 0.9886
Car 0.0000 0.0000 0.0000 267.0000 179.0000 349.0000 254.0000 1.5231 1.5842 3.5384 -7.0311 1.6535 16.7753 1.1751 0.9799
Car 0.0000 0.0000 0.0000 716.0000 176.0000 813.0000 211.0000 1.4947 1.6253 3.9378 6.8018 1.5953 31.7452 0.0449 0.9709
Car 0.0000 0.0000 0.0000 668.0000 162.0000 694.0000 188.0000 1.8124 1.7866 4.1552 5.2302 0.9739 52.4132 -1.4732 0.9660
