Car 0.0000 0.0000 0.0000 601.0000 181.0000 681.0000 254.0000 1.5335 1.6660 3.6249 0.6759 1.7007 17.0114 1.5708 0.9999
Car 0.0000 0.0000 0.0000 296.0000 186.0000 373.0000 228.0000 1.5698 1.6969 3.7338 -11.3332 2.1130 29.9883 1.5708 0.9999
Car 0.0000 0.0000 0.0000 664.0000 166.0000 729.0000 220.0000 1.9921 1.8804 4.6694 3.4392 1.7154 29.1843 1.5306 0.9998
Car 0.0000 0.0000 0.0000 1292.0000 177.0000 1557.0000 244.0000 1.4421 1.6686 4.0828 18.6358 1.5364 16.6090 0.0410 0.9997
Car 0.0000 0.0000 0.0000 400.0000 180.0000 448.0000 212.0000 1.8877 1.8213 4.3179 -11.3472 2.2489 44.5234 1.5706 0.9996
Car 0.0000 0.0000 0.0000 471.0000 177.0000 539.0000 216.0000 1.5818 1.6811 4.2171 -4.6529 1.7429 31.7309 1.0998 0.9993
Car 0.0000 0.0000 0.0000 581.0000 183.0000 627.0000 224.0000 1.5306 1.6930 3.7680 -0.1508 1.8952 28.9021 1.5708 0.9992
Car 0.0000 0.0000 0.0000 374.0000 187.0000 413.0000 211.0000 1.5814 1.7518 4.1966 -14.9011 2.4801 50.0729 1.4889 0.9973
Car 0.0000 0.0000 0.0000 531.0000 179.0000 564.0000 204.0000 1.5180 1.6474 3.9401 -3.9300 1.8170 45.5466 1.3724 0.9972
Car 0.0000 0.0000 0.0000 506.0000 181.0000 559.0000 212.0000 1.5543 1.6783 4.2298 -4.1149 1.9183 38.1553 1.1971 0.9863
Car 0.0000 0.0000 0.0000 726.0000 185.0000 776.0000 203.0000 1.4574 1.6390 4.0855 12.1058 2.4525 61.3876 0.1200 0.9785
Car 0.0000 0.0000 0.0000 604.0000 176.0000 626.0000 196.0000 1.5360 1.6916 4.1769 0.5639 1.7203 58.7615 1.5708 0.9704
