Car 0.0000 0.0000 0.0000 307.0000 177.0000 452.0000 265.0000 1.4543 1.5897 3.6441 -4.2873 1.5316 13.9073 1.5708 0.9998
Car 0.0000 0.0000 0.0000 422.0000 172.0000 500.0000 223.0000 1.5293 1.7022 4.3912 -4.8517 1.5039 24.0677 1.5624 0.9998
Car 0.0000 0.0000 0.0000 483.0000 177.0000 530.0000 211.0000 1.4593 1.6121 3.6955 -4.6976 1.6071 33.3332 1.5708 0.9997
Car 0.0000 0.0000 0.0000 56.0000 159.0000 233.0000 230.0000 1.6505 1.7535 4.6405 -12.2509 1.3317 19.3605 1.5708 0.9997
Car 0.0000 0.0000 0.0000 282.0000 175.0000 380.0000 230.0000 1.5311 1.6509 3.6768 -8.4580 1.5751 22.1653 1.5579 0.9993
Car 0.0000 0.0000 0.0000 581.0000 177.0000 615.0000 208.0000 1.5599 1.6799 3.7495 -0.5651 1.7092 37.8725 1.5708 0.9992
Car 0.0000 0.0000 0.0000 -51.0000 181.0000 218.0000 292.0000 1.4806 1.6279 3.8027 -8.2621 1.6113 11.7330 1.5707 0.9992
Car 0.0000 0.0000 0.0000 -2363.0000 202.0000 154.0000 1193.0000 1.4568 1.6255 3.8513 -4.0304 1.6467 3.0806 1.5708 0.9942
Car 0.0000 0.0000 0.0000 371.0000 182.0000 427.0000 219.0000 1.4498 1.6031 3.7603 -8.8272 1.8089 30.4751 1.4819 0.9933
Car 0.0000 0.0000 0.0000 421.0000 178.0000 466.0000 206.0000 1.5208 1.6898 3.9963 -9.4767 1.7404 41.6162 1.5651 0.9918
Car 0.0000 0.0000 0.0000 -759.0000 187.0000 -153.0000 341.0000 1.4624 1.6700 4.0652 -12.7417 1.6595 9.1436 1.5708 0.9861
Car 0.0000 0.0000 0.0000 467.0000 173.0000 496.0000 194.0000 1.4744 1.6690 4.0041 -9.2460 1.4098 52.5030 1.5015 0.9821
