Car 0.0000 0.0000 0.0000 664.0000 171.0000 733.0000 222.0000 1.5647 1.6418 3.7335 2.9067 1.5043 24.2462 1.5197 0.9999
Car 0.0000 0.0000 0.0000 364.0000 184.0000 437.0000 231.0000 1.5683 1.7017 3.8638 -7.5040 1.9339 26.1969 1.5208 0.9997
Car 0.0000 0.0000 0.0000 800.0000 174.0000 1312.0000 459.0000 1.5102 1.6364 3.9378 2.8896 1.5354 5.8412 1.5527 0.9997
Car 0.0000 0.0000 0.0000 443.0000 179.0000 492.0000 211.0000 1.6292 1.7576 4.2622 -7.6953 1.9042 39.5658 1.5708 0.9996
Car 0.0000 0.0000 0.0000 739.0000 169.0000 931.0000 294.0000 1.5207 1.6001 3.6605 3.0836 1.4761 10.6862 1.5461 0.9995
Car 0.0000 0.0000 0.0000 593.0000 175.0000 622.0000 201.0000 1.4523 1.6341 3.6593 -0.0583 1.5264 42.5909 1.5708 0.9991
Car 0.0000 0.0000 0.0000 -350.0000 207.0000 14.0000 318.0000 1.4771 1.6511 3.8851 -11.6972 2.0273 10.9643 0.0346 0.9990
Car 0.0000 0.0000 0.0000 -762.0000 217.0000 -330.0000 337.0000 1.5780 1.6775 4.1619 -17.3752 2.2920 10.9245 0.0568 0.9982
Car 0.0000 0.0000 0.0000 642.0000 168.0000 675.0000 193.0000 1.5590 1.6691 3.9843 3.3513 1.2078 47.8015 -1.3601 0.9976
Car 0.0000 0.0000 0.0000 402.0000 182.0000 460.0000 219.0000 1.5163 1.6439 3.9078 -7.7518 1.8750 31.6554 1.5540 0.9971
Car 0.0000 0.0000 0.0000 651.0000 175.0000 702.0000 215.0000 1.5316 1.6141 3.4437 2.7260 1.5937 29.6845 1.5302 0.9897
