Car 0.0000 0.0000 0.0000 419.0000 173.0000 504.0000 231.0000 1.5892 1.6816 3.8388 -4.3824 1.5860 21.8017 1.5708 0.9999
Car 0.0000 0.0000 0.0000 586.0000 168.0000 655.0000 233.0000 1.5797 1.6590 3.5111 0.2676 1.4425 19.3701 1.5708 0.9999
Car 0.0000 0.0000 0.0000 227.0000 161.0000 447.0000 294.0000 1.5123 1.6518 4.0125 -3.6301 1.3883 10.3029 1.5638 0.9998
Car 0.0000 0.0000 0.0000 479.0000 176.0000 524.0000 209.0000 1.4565 1.6056 3.6712 -4.9027 1.5494 33.1907 1.5476 0.9997
Car 0.0000 0.0000 0.0000 53.0000 183.0000 265.0000 281.0000 1.5181 1.6191 3.5322 -7.9791 1.6908 13.1116 1.5708 0.9994
Car 0.0000 0.0000 0.0000 -797.0000 188.0000 -12.0000 431.0000 1.4792 1.6433 3.8373 -8.1191 1.6313 6.4618 1.5708 0.9992
Car 0.0000 0.0000 0.0000 408.0000 176.0000 461.0000 208.0000 1.5238 1.6552 3.8864 -8.6421 1.6165 35.9002 1.5708 0.9991
Car 0.0000 0.0000 0.0000 508.0000 177.0000 546.0000 204.0000 1.4825 1.6755 4.1525 -4.6690 1.6606 41.4984 1.5708 0.9987
Car 0.0000 0.0000 0.0000 -414.0000 188.0000 -16.0000 304.0000 1.4605 1.6470 4.0849 -12.6463 1.7085 11.4873 1.5708 0.9964
Car 0.0000 0.0000 0.0000 255.0000 180.0000 333.0000 220.0000 1.4713 1.6356 3.8171 -12.6009 1.7366 29.0254 1.5178 0.9889
Car 0.0000 0.0000 0.0000 554.0000 172.0000 597.0000 211.0000 1.4705 1.5977 3.7529 -1.3372 1.4273 29.5292 1.5685 0.9677
