Car 0.0000 0.0000 0.0000 243.0000 177.0000 351.0000 232.0000 1.7339 1.8261 4.4135 -10.8426 1.8679 25.3634 1.5708 0.9997
Car 0.0000 0.0000 0.0000 585.0000 169.0000 653.0000 230.0000 1.5862 1.6631 3.7251 0.1894 1.4884 21.0760 1.5062 0.9996
Car 0.0000 0.0000 0.0000 325.0000 175.0000 398.0000 215.0000 1.6084 1.6893 4.1017 -10.7800 1.6736 31.6603 1.5708 0.9994
Car 0.0000 0.0000 0.0000 452.0000 153.0000 510.0000 201.0000 2.4005 2.0269 5.5113 -6.9045 1.3823 39.4823 1.5708 0.9981
Car 0.0000 0.0000 0.0000 -144.0000 177.0000 -60.0000 219.0000 1.5349 1.6372 3.9102 -27.9107 1.6750 28.3311 0.9822 0.9972
Car 0.0000 0.0000 0.0000 668.0000 168.0000 739.0000 211.0000 1.4907 1.6368 3.9238 3.5597 1.2923 26.7080 -1.1739 0.9970
Car 0.0000 0.0000 0.0000 866.0000 150.0000 1093.0000 319.0000 1.5819 1.6305 3.7446 4.5841 1.3628 8.6965 -0.8722 0.9968
Car 0.0000 0.0000 0.0000 1063.0000 169.0000 1625.0000 584.0000 1.5188 1.6999 4.0565 4.0208 1.5130 4.8034 -1.0124 0.9960
Car 0.0000 0.0000 0.0000 660.0000 161.0000 697.0000 190.0000 1.6389 1.7817 4.3378 4.3491 0.9225 44.4279 -1.3575 0.9957
Car 0.0000 0.0000 0.0000 703.0000 161.0000 837.0000 226.0000 1.5295 1.6906 4.0095 4.2877 1.2212 18.8867 -0.8385 0.9953
Car 0.0000 0.0000 0.0000 789.0000 167.0000 1048.0000 268.0000 1.5435 1.6533 3.7252 4.9741 1.4564 12.1226 0.1785 0.9930
Car 0.0000 0.0000 0.0000 386.0000 178.0000 438.0000 207.0000 1.4904 1.6191 3.9652 -10.4642 1.6917 38.5706 1.5708 0.9884
