Car 0.0000 0.0000 0.0000 159.0000 186.0000 439.0000 278.0000 1.4344 1.6842 4.2700 -5.3663 1.6748 12.5827 0.1702 0.9999
Car 0.0000 0.0000 0.0000 995.0000 156.0000 1785.0000 388.0000 1.4664 1.6394 4.0699 5.4172 1.3819 5.5199 0.0749 0.9998
Car 0.0000 0.0000 0.0000 142.0000 184.0000 221.0000 222.0000 1.5528 1.7111 3.9823 -19.1050 2.0313 32.3083 1.4081 0.9997
Car 0.0000 0.0000 0.0000 315.0000 178.0000 493.0000 243.0000 1.5025 1.6434 3.9257 -5.0193 1.6326 17.8670 0.0156 0.9994
Car 0.0000 0.0000 0.0000 893.0000 173.0000 1355.0000 324.0000 1.4871 1.6560 3.8961 5.4229 1.5068 8.0674 0.0785 0.9993
Car 0.0000 0.0000 0.0000 1297.0000 139.0000 1541.0000 216.0000 1.5610 1.6538 3.7401 18.1603 0.8665 16.4519 -1.4367 0.9990
Car 0.0000 0.0000 0.0000 -3422.0000 249.0000 -189.0000 1405.0000 1.4853 1.6116 3.6891 -4.8598 1.7771 1.9100 0.0456 0.9968
Car 0.0000 0.0000 0.0000 1035.0000 141.0000 1223.0000 218.0000 1.5368 1.6236 3.7663 11.6794 0.8961 16.5506 1.5708 0.9922
Car 0.0000 0.0000 0.0000 1164.0000 130.0000 1396.0000 209.0000 1.5073 1.5981 3.7629 14.4119 0.6866 15.8058 1.5708 0.9919
Car 0.0000 0.0000 0.0000 -15105.0000 -3044.0000 119058.0000 64020.0000 1.4880 1.6051 3.7931 4.4814 1.3774 0.6536 0.0836 0.9896
Car 0.0000 0.0000 0.0000 1398.0000 156.0000 1648.0000 230.0000 1.4981 1.6399 3.6050 20.7478 1.1513 16.6191 -1.3565 0.9892
Car 0.0000 0.0000 0.0000 181.0000 180.0000 303.0000 224.0000 1.5144 1.6188 3.7930 -13.2608 1.7382 26.0250 0.2528 0.9828
