Car 0.0000 0.0000 0.0000 363.0000 179.0000 448.0000 231.0000 1.6387 1.7650 4.0188 -6.9853 1.8333 25.0226 1.5708 0.9999
Car 0.0000 0.0000 0.0000 592.0000 168.0000 642.0000 215.0000 1.5795 1.6673 3.7997 0.2173 1.3937 26.5405 1.5459 0.9999
Car 0.0000 0.0000 0.0000 750.0000 163.0000 943.0000 256.0000 1.5295 1.6262 3.8618 4.5728 1.3520 13.6934 -0.6736 0.9994
Car 0.0000 0.0000 0.0000 389.0000 166.0000 440.0000 201.0000 1.8257 1.7334 4.1763 -11.0228 1.4414 41.0894 1.5708 0.9975
Car 0.0000 0.0000 0.0000 366.0000 173.0000 406.0000 197.0000 1.5145 1.6598 3.9916 -15.1641 1.4804 49.1691 1.5285 0.9971
Car 0.0000 0.0000 0.0000 684.0000 171.0000 790.0000 231.0000 1.5232 1.6827 3.8747 3.6720 1.4495 20.2607 -1.0411 0.9967
Car 0.0000 0.0000 0.0000 656.0000 163.0000 738.0000 199.0000 1.6404 1.6390 3.7571 4.2782 1.1281 34.8373 -0.5941 0.9961
Car 0.0000 0.0000 0.0000 420.0000 175.0000 463.0000 201.0000 1.5975 1.7169 4.2092 -10.9247 1.6933 47.2438 1.5708 0.9901
Car 0.0000 0.0000 0.0000 1297.0000 180.0000 5615.0000 2000.0000 1.5318 1.6740 3.8694 4.3997 1.5757 2.7129 -1.0783 0.9757
Car 0.0000 0.0000 0.0000 695.0000 170.0000 821.0000 219.0000 1.5143 1.6483 3.8995 4.8098 1.4202 23.7527 0.0864 0.9735
