Car 0.0000 0.0000 0.0000 410.0000 181.0000 508.0000 249.0000 1.4827 1.6201 3.6281 -3.5881 1.6628 17.6765 1.5708 0.9999
Car 0.0000 0.0000 0.0000 19.0000 182.0000 396.0000 382.0000 1.4597 1.6302 3.8602 -3.6052 1.5557 7.2819 1.5708 0.9998
Car 0.0000 0.0000 0.0000 698.0000 182.0000 807.0000 260.0000 1.4883 1.5933 3.5490 3.0114 1.6842 15.9185 1.5421 0.9998
Car 0.0000 0.0000 0.0000 472.0000 177.0000 535.0000 223.0000 1.5129 1.6667 3.9659 -3.7352 1.6421 26.0491 1.5708 0.9998
Car 0.0000 0.0000 0.0000 650.0000 184.0000 697.0000 219.0000 1.5231 1.6937 4.1485 2.9694 2.0037 33.9297 1.5436 0.9996
Car 0.0000 0.0000 0.0000 217.0000 185.0000 355.0000 253.0000 1.4750 1.6340 3.7711 -7.8108 1.7564 17.7511 1.5708 0.9996
Car 0.0000 0.0000 0.0000 360.0000 181.0000 433.0000 224.0000 1.5169 1.6805 3.8583 -8.1845 1.8043 28.0092 1.5669 0.9995
Car 0.0000 0.0000 0.0000 -693.0000 174.0000 19.0000 402.0000 1.5186 1.6356 3.8612 -7.9892 1.5406 6.7623 1.5708 0.9993
Car 0.0000 0.0000 0.0000 498.0000 183.0000 542.0000 215.0000 1.5163 1.7102 4.0057 -4.5027 1.9925 36.9370 1.5708 0.9993
Car 0.0000 0.0000 0.0000 590.0000 183.0000 618.0000 205.0000 1.5332 1.7114 4.0431 -0.3220 2.1833 52.6500 1.5708 0.9983
Car 0.0000 0.0000 0.0000 523.0000 182.0000 557.0000 206.0000 1.5019 1.6633 3.9747 -4.7187 2.0862 48.8527 1.3164 0.9979
Car 0.0000 0.0000 0.0000 624.0000 185.0000 645.0000 203.0000 1.6320 1.7886 4.3196 2.3429 2.6267 66.3157 1.5708 0.9961
Car 0.0000 0.0000 0.0000 453.0000 173.0000 487.0000 198.0000 1.5245 1.6612 3.8647 -8.7913 1.4813 45.8329 1.5155 0.9722
