Car 0.0000 0.0000 0.0000 333.0000 168.0000 469.0000 257.0000 1.6284 1.7151 4.0092 -4.2850 1.5450 15.3831 1.5708 0.9999
Car 0.0000 0.0000 0.0000 143.0000 179.0000 396.0000 319.0000 1.5327 1.6299 3.7867 -4.3631 1.6158 9.8614 1.5708 0.9999
Car 0.0000 0.0000 0.0000 715.0000 166.0000 878.0000 278.0000 1.6021 1.6608 3.8792 2.9864 1.5128 12.4130 1.5399 0.9999
Car 0.0000 0.0000 0.0000 -797.0000 194.0000 220.0000 632.0000 1.5055 1.6427 3.8330 -4.3646 1.6757 4.5385 1.5698 0.9999
Car 0.0000 0.0000 0.0000 890.0000 155.0000 2009.0000 735.0000 1.5770 1.6238 3.6170 3.0055 1.5462 3.7995 1.5467 0.9998
Car 0.0000 0.0000 0.0000 689.0000 164.0000 789.0000 235.0000 1.6005 1.6570 4.0246 3.1887 1.3958 18.5623 1.5283 0.9993
Car 0.0000 0.0000 0.0000 512.0000 173.0000 540.0000 195.0000 1.5027 1.6457 3.8795 -5.7836 1.4268 50.3990 1.5295 0.9963
Car 0.0000 0.0000 0.0000 585.0000 174.0000 606.0000 192.0000 1.5249 1.6858 4.1363 -1.2101 1.5846 66.9224 1.4935 0.9949
Car 0.0000 0.0000 0.0000 631.0000 171.0000 661.0000 194.0000 1.5114 1.6451 3.8945 2.4376 1.3094 47.8910 1.5522 0.9884
Car 0.0000 0.0000 0.0000 651.0000 137.0000 733.0000 202.0000 2.1014 1.8924 5.0579 2.8650 0.9234 26.1243 1.4697 0.9685
