Car 0.0000 0.0000 0.0000 489.0000 180.0000 569.0000 241.0000 1.4994 1.6443 3.8699 -2.1016 1.6626 19.6258 1.5708 0.9999
Car 0.0000 0.0000 0.0000 727.0000 183.0000 882.0000 297.0000 1.4746 1.6189 3.6842 2.8618 1.6422 11.4050 1.5708 0.9998
Car 0.0000 0.0000 0.0000 664.0000 184.0000 733.0000 236.0000 1.4869 1.6172 3.6776 2.7497 1.8279 22.9614 1.5432 0.9996
Car 0.0000 0.0000 0.0000 774.0000 198.0000 1326.0000 542.0000 1.5485 1.6297 3.7327 2.5901 1.7911 5.4153 1.4877 0.9996
Car 0.0000 0.0000 0.0000 689.0000 186.0000 785.0000 256.0000 1.5008 1.5913 3.3454 2.9821 1.8059 17.4766 1.5321 0.9992
Car 0.0000 0.0000 0.0000 533.0000 186.0000 575.0000 224.0000 1.4662 1.6324 3.7491 -2.2755 1.9720 29.9904 1.5133 0.9974
Car 0.0000 0.0000 0.0000 516.0000 172.0000 575.0000 220.0000 1.5294 1.6418 3.7119 -2.1457 1.4906 24.9951 1.5708 0.9971
Car 0.0000 0.0000 0.0000 574.0000 180.0000 599.0000 203.0000 1.4953 1.6577 3.8594 -1.6088 1.9329 50.6481 1.5249 0.9966
Car 0.0000 0.0000 0.0000 644.0000 177.0000 692.0000 210.0000 1.5188 1.6621 3.8586 2.7859 1.6582 34.5734 1.4885 0.9952
Car 0.0000 0.0000 0.0000 705.0000 176.0000 740.0000 201.0000 1.5670 1.7307 4.4181 7.7064 1.7521 49.1267 1.5708 0.9950
Car 0.0000 0.0000 0.0000 -1133.0000 200.0000 -693.0000 302.0000 1.4970 1.6516 4.3200 -28.1861 2.0505 13.6215 0.9563 0.9946
Car 0.0000 0.0000 0.0000 -446.0000 196.0000 -280.0000 245.0000 1.5606 1.7386 4.3253 -35.9178 2.4236 26.7455 1.1591 0.9870
Car 0.0000 0.0000 0.0000 657.0000 174.0000 714.0000 214.0000 1.5394 1.5809 3.6050 3.0817 1.5625 29.6882 1.4603 0.9870
Car 0.0000 0.0000 0.0000 -14845.0000 216.0000 -2538.0000 1460.0000 1.5060 1.5806 3.7391 -21.5605 1.7796 2.9834 1.0021 0.9732
