Car 0.0000 0.0000 0.0000 427.0000 173.0000 507.0000 227.0000 1.5190 1.6272 3.6571 -4.3240 1.5071 22.2928 1.5708 0.9999
Car 0.0000 0.0000 0.0000 683.0000 178.0000 768.0000 242.0000 1.4921 1.6050 3.5888 2.9352 1.6210 18.9558 1.5593 0.9999
Car 0.0000 0.0000 0.0000 194.0000 164.0000 436.0000 305.0000 1.5100 1.6548 3.9938 -3.7009 1.4282 9.7830 1.5682 0.9998
Car 0.0000 0.0000 0.0000 494.0000 175.0000 537.0000 209.0000 1.5461 1.6691 3.6146 -4.5064 1.6331 35.0839 1.5543 0.9997
Car 0.0000 0.0000 0.0000 54.0000 175.0000 264.0000 268.0000 1.4630 1.5862 3.5635 -8.0003 1.4945 13.1474 1.5708 0.9995
Car 0.0000 0.0000 0.0000 588.0000 176.0000 620.0000 205.0000 1.6209 1.7430 4.0629 -0.2996 1.7372 42.1862 1.5644 0.9992
Car 0.0000 0.0000 0.0000 382.0000 177.0000 443.0000 215.0000 1.5593 1.6824 3.8838 -8.7401 1.7249 32.2537 1.5692 0.9990
Car 0.0000 0.0000 0.0000 631.0000 174.0000 661.0000 200.0000 1.5285 1.6773 3.8851 2.3655 1.5729 46.1999 1.5588 0.9989
Car 0.0000 0.0000 0.0000 -4831.0000 166.0000 165.0000 2150.0000 1.5045 1.6150 3.6266 -3.4491 1.5208 2.3615 1.5708 0.9981
Car 0.0000 0.0000 0.0000 520.0000 173.0000 552.0000 198.0000 1.5011 1.6168 3.8902 -4.6764 1.4791 45.9081 1.3756 0.9917
Car 0.0000 0.0000 0.0000 290.0000 179.0000 382.0000 230.0000 1.4603 1.6029 3.7773 -8.5324 1.6368 22.7455 1.5268 0.9829
Car 0.0000 0.0000 0.0000 -1741.0000 169.0000 -189.0000 584.0000 1.4702 1.6001 3.7059 -7.8022 1.4734 4.4773 1.4983 0.9675
