Car 0.0000 0.0000 0.0000 656.0000 176.0000 763.0000 250.0000 1.5212 1.6007 3.2914 2.1988 1.5852 16.7392 1.4263 0.9999
Car 0.0000 0.0000 0.0000 558.0000 180.0000 606.0000 214.0000 1.5692 1.6890 3.9550 -1.4043 1.8745 35.7480 1.3497 0.9998
Car 0.0000 0.0000 0.0000 611.0000 175.0000 684.0000 226.0000 1.5250 1.5931 3.4493 1.1540 1.5862 23.5757 1.3835 0.9998
Car 0.0000 0.0000 0.0000 539.0000 179.0000 568.0000 205.0000 1.5453 1.6790 3.7684 -3.4752 1.8845 45.6812 1.5372 0.9996
Car 0.0000 0.0000 0.0000 945.0000 -812.0000 11148.0000 4065.0000 1.6202 1.6970 4.2737 2.9618 1.2870 2.3851 1.5528 0.9994
Car 0.0000 0.0000 0.0000 767.0000 184.0000 1095.0000 377.0000 1.5304 1.6320 3.9580 3.0402 1.6566 7.8609 1.5225 0.9994
Car 0.0000 0.0000 0.0000 338.0000 181.0000 434.0000 243.0000 1.4720 1.6199 3.6082 -5.8565 1.6661 19.1920 1.5097 0.9992
Car 0.0000 0.0000 0.0000 -621.0000 199.0000 -233.0000 330.0000 1.4700 1.6030 3.5642 -14.8021 1.8937 10.6033 1.1708 0.9987
Car 0.0000 0.0000 0.0000 368.0000 183.0000 433.0000 233.0000 1.5416 1.6599 4.0951 -7.0730 1.8592 24.7155 1.4094 0.9983
Car 0.0000 0.0000 0.0000 -1124.0000 206.0000 -521.0000 354.0000 1.4841 1.5973 3.8842 -19.1902 2.0076 10.0584 1.1977 0.9936
Car 0.0000 0.0000 0.0000 411.0000 187.0000 446.0000 217.0000 1.5199 1.6747 4.1288 -10.0526 2.2767 40.2232 1.3784 0.9713
