Car 0.0000 0.0000 0.0000 569.0000 170.0000 625.0000 221.0000 1.5276 1.6732 3.9296 -0.3367 1.4288 23.5269 1.5708 0.9998
Car 0.0000 0.0000 0.0000 37.0000 176.0000 346.0000 304.0000 1.4645 1.6473 3.9792 -5.7602 1.5208 9.8165 0.4293 0.9996
Car 0.0000 0.0000 0.0000 518.0000 174.0000 567.0000 214.0000 1.5225 1.6713 4.0688 -2.6994 1.5458 29.9006 1.5574 0.9991
Car 0.0000 0.0000 0.0000 331.0000 178.0000 473.0000 232.0000 1.4573 1.6237 3.9639 -6.0951 1.5914 21.0681 0.4796 0.9988
Car 0.0000 0.0000 0.0000 651.0000 165.0000 719.0000 220.0000 1.7449 1.6977 4.1017 2.5702 1.4904 25.2295 1.5135 0.9985
Car 0.0000 0.0000 0.0000 291.0000 152.0000 384.0000 210.0000 1.8560 1.7942 4.4400 -9.5522 1.1723 25.6642 1.5264 0.9952
Car 0.0000 0.0000 0.0000 639.0000 170.0000 678.0000 201.0000 1.4736 1.5769 3.5323 2.4480 1.3132 36.2847 1.5393 0.9922
Car 0.0000 0.0000 0.0000 -1528.0000 191.0000 -881.0000 304.0000 1.5120 1.6504 4.0204 -29.9034 1.8392 12.2307 1.1915 0.9911
Car 0.0000 0.0000 0.0000 429.0000 170.0000 489.0000 218.0000 1.4871 1.6018 3.8512 -5.2042 1.3754 24.5226 1.2648 0.9889
Car 0.0000 0.0000 0.0000 623.0000 174.0000 646.0000 195.0000 1.5178 1.6581 3.8679 1.9156 1.5462 54.4596 1.5708 0.9853
Car 0.0000 0.0000 0.0000 488.0000 172.0000 524.0000 199.0000 1.4982 1.6804 4.1370 -6.0237 1.4190 42.5778 1.5255 0.9828
Car 0.0000 0.0000 0.0000 666.0000 132.0000 806.0000 247.0000 2.4237 2.0554 5.4000 2.8900 1.5541 17.9634 1.4785 0.9782
Car 0.0000 0.0000 0.0000 -965.0000 194.0000 -465.0000 297.0000 1.4947 1.6536 4.0354 -23.5376 1.9068 13.1239 -1.4616 0.9735
Car 0.0000 0.0000 0.0000 562.0000 176.0000 581.0000 194.0000 1.4793 1.6508 3.9325 -3.2437 1.6820 62.9489 1.5159 0.9684
