Car 0.0000 0.0000 0.0000 320.0000 172.0000 509.0000 280.0000 1.5179 1.6249 3.7412 -3.0726 1.5096 12.0588 -1.4054 0.9999
Car 0.0000 0.0000 0.0000 595.0000 163.0000 692.0000 224.0000 1.7300 1.6831 4.0035 1.1733 1.4376 22.6641 -1.1439 0.9999
Car 0.0000 0.0000 0.0000 -584.0000 179.0000 267.0000 562.0000 1.5365 1.6754 3.9876 -4.1234 1.5807 4.9337 1.5378 0.9998
Car 0.0000 0.0000 0.0000 772.0000 171.0000 954.0000 291.0000 1.5506 1.6596 3.9432 3.7008 1.5386 11.3158 1.5708 0.9998
Car 0.0000 0.0000 0.0000 858.0000 178.0000 1355.0000 448.0000 1.5412 1.6176 3.5495 3.4405 1.5856 5.9216 1.5708 0.9997
Car 0.0000 0.0000 0.0000 -165.0000 191.0000 -48.0000 230.0000 1.5170 1.6603 3.6632 -31.5332 2.3225 31.8026 1.5094 0.9987
Car 0.0000 0.0000 0.0000 713.0000 163.0000 744.0000 187.0000 1.4841 1.6519 3.8635 7.8666 0.8170 47.0245 -1.3117 0.9982
Car 0.0000 0.0000 0.0000 935.0000 148.0000 1025.0000 192.0000 1.5606 1.6811 3.8261 14.1035 0.6551 27.6160 1.5708 0.9947
Car 0.0000 0.0000 0.0000 781.0000 167.0000 873.0000 239.0000 1.4978 1.6127 3.5755 4.9278 1.3634 16.7512 -1.3920 0.9931
Car 0.0000 0.0000 0.0000 799.0000 160.0000 881.0000 218.0000 1.5248 1.6561 3.8823 6.5833 1.1814 20.9348 -1.4220 0.9861
Car 0.0000 0.0000 0.0000 683.0000 157.0000 721.0000 189.0000 1.5131 1.6330 3.8538 4.7129 0.7125 36.7574 1.5708 0.9783
