Car 0.0000 0.0000 0.0000 470.0000 176.0000 530.0000 217.0000 1.8285 1.8842 4.5691 -5.1864 1.9528 34.8403 1.5708 1.0000
Car 0.0000 0.0000 0.0000 267.0000 181.0000 406.0000 259.0000 1.6328 1.7105 4.0366 -6.4386 1.8244 17.4464 1.5708 0.9999
Car 0.0000 0.0000 0.0000 113.0000 180.0000 271.0000 252.0000 1.6346 1.6928 4.0577 -10.4948 1.7899 18.4384 1.5708 0.9999
Car 0.0000 0.0000 0.0000 -206.0000 189.0000 134.0000 308.0000 1.5634 1.7353 4.4716 -10.4012 1.8537 12.1383 1.5708 0.9997
Car 0.0000 0.0000 0.0000 592.0000 178.0000 662.0000 242.0000 1.5816 1.6618 3.4872 0.4020 1.7076 19.8156 1.5243 0.9997
Car 0.0000 0.0000 0.0000 709.0000 171.0000 844.0000 237.0000 1.5815 1.6544 3.9442 4.5194 1.5073 19.1867 -0.7776 0.9975
Car 0.0000 0.0000 0.0000 659.0000 173.0000 680.0000 194.0000 1.7224 1.7728 4.0984 5.2667 1.6487 62.6545 1.5708 0.9975
Car 0.0000 0.0000 0.0000 579.0000 179.0000 601.0000 199.0000 1.5158 1.6869 4.0146 -1.4799 1.9734 59.2011 1.5708 0.9961
Car 0.0000 0.0000 0.0000 778.0000 154.0000 1000.0000 268.0000 1.7102 1.7055 4.2418 5.0370 1.4183 12.7690 -0.6595 0.9954
Car 0.0000 0.0000 0.0000 -1004292.0000 -576034.0000 199820.0000 639.0000 1.5244 1.7145 4.0739 4.4715 1.5092 1.1561 -0.9517 0.9946
Car 0.0000 0.0000 0.0000 -269.0000 184.0000 -35.0000 246.0000 1.5181 1.6635 4.3092 -21.3434 1.8275 20.4298 -1.3523 0.9908
Car 0.0000 0.0000 0.0000 447.0000 178.0000 489.0000 206.0000 1.5074 1.6964 4.3734 -8.0288 1.7225 41.3516 1.5432 0.9885
Car 0.0000 0.0000 0.0000 871.0000 176.0000 894.0000 193.0000 1.5053 1.6629 3.8861 25.9001 1.7065 68.0578 -1.3050 0.9763
