Car 0.0000 0.0000 0.0000 397.0000 178.0000 500.0000 250.0000 1.4940 1.6319 3.7034 -3.6780 1.5987 16.9617 1.5626 0.9999
Car 0.0000 0.0000 0.0000 696.0000 173.0000 798.0000 249.0000 1.5540 1.5934 3.4619 3.0350 1.5612 16.5907 1.5452 0.9998
Car 0.0000 0.0000 0.0000 857.0000 183.0000 2146.0000 829.0000 1.5160 1.6404 4.0599 2.8800 1.5779 3.7904 1.5218 0.9998
Car 0.0000 0.0000 0.0000 -935.0000 210.0000 285.0000 822.0000 1.4571 1.6228 3.7189 -3.3895 1.7370 3.7864 1.5604 0.9995
Car 0.0000 0.0000 0.0000 443.0000 155.0000 527.0000 228.0000 2.0219 1.8190 4.6500 -3.7564 1.5262 22.4409 1.5665 0.9994
Car 0.0000 0.0000 0.0000 667.0000 170.0000 752.0000 230.0000 1.5862 1.6431 3.9264 2.8320 1.4949 21.2454 1.4919 0.9992
Car 0.0000 0.0000 0.0000 602.0000 161.0000 631.0000 187.0000 1.7691 1.7712 4.1114 0.5205 0.8833 52.4605 1.5054 0.9990
Car 0.0000 0.0000 0.0000 912.0000 159.0000 1079.0000 256.0000 1.5716 1.6884 3.9840 7.1480 1.3517 13.8137 -1.3805 0.9973
Car 0.0000 0.0000 0.0000 696.0000 157.0000 735.0000 192.0000 1.5142 1.6500 3.9626 4.8927 0.7825 33.1756 -1.4221 0.9908
Car 0.0000 0.0000 0.0000 299.0000 149.0000 409.0000 193.0000 1.7566 1.6472 4.0267 -10.6639 0.7816 30.2193 0.1422 0.9895
Car 0.0000 0.0000 0.0000 -420.0000 236.0000 105.0000 432.0000 1.6276 1.6508 4.2850 -7.9822 2.3567 7.6142 0.1427 0.9879
Car 0.0000 0.0000 0.0000 627.0000 170.0000 645.0000 185.0000 1.4693 1.6359 3.5798 2.7146 1.0775 70.0177 1.5708 0.9865
Car 0.0000 0.0000 0.0000 666.0000 166.0000 726.0000 209.0000 1.5050 1.6441 3.8816 3.2446 1.2471 27.7011 1.5246 0.9858
Car 0.0000 0.0000 0.0000 508.0000 166.0000 542.0000 189.0000 1.5709 1.6989 4.2690 -6.0449 1.0457 52.3090 1.5708 0.9846
