Car 0.0000 0.0000 0.0000 468.0000 176.0000 521.0000 214.0000 1.4650 1.6310 3.8050 -4.6846 1.5733 29.7938 1.5608 0.9997
Car 0.0000 0.0000 0.0000 395.0000 180.0000 436.0000 204.0000 1.4858 1.6568 3.9623 -12.8051 1.8891 47.8989 1.5569 0.9992
Car 0.0000 0.0000 0.0000 348.0000 181.0000 422.0000 223.0000 1.4821 1.6420 3.8725 -8.4981 1.7560 27.6041 1.5634 0.9991
Car 0.0000 0.0000 0.0000 495.0000 179.0000 535.0000 209.0000 1.5674 1.7109 3.9943 -5.1385 1.8750 39.9720 1.5633 0.9989
Car 0.0000 0.0000 0.0000 392.0000 180.0000 493.0000 246.0000 1.5027 1.6797 4.2182 -4.2055 1.6775 18.7432 1.5627 0.9987
Car 0.0000 0.0000 0.0000 580.0000 176.0000 613.0000 208.0000 1.6662 1.7379 3.8329 -0.6814 1.7988 40.4862 1.5606 0.9984
Car 0.0000 0.0000 0.0000 -636.0000 -28.0000 338.0000 537.0000 2.2635 1.9342 5.4228 -4.1227 1.4673 5.6096 1.5598 0.9916
Car 0.0000 0.0000 0.0000 416.0000 181.0000 460.0000 211.0000 1.5022 1.6766 4.0070 -9.0013 1.8834 38.1225 1.4904 0.9818
Car 0.0000 0.0000 0.0000 447.0000 182.0000 485.0000 207.0000 1.5182 1.6951 4.1972 -9.2480 2.0743 46.8025 1.5484 0.9800
Car 0.0000 0.0000 0.0000 494.0000 173.0000 517.0000 190.0000 1.5735 1.6953 3.9825 -9.8045 1.5104 68.9347 1.5470 0.9721
Car 0.0000 0.0000 0.0000 536.0000 173.0000 558.0000 198.0000 2.1654 1.9476 4.8535 -5.6044 2.1051 65.8217 1.4911 0.9694
