Car 0.0000 0.0000 0.0000 305.0000 196.0000 454.0000 303.0000 1.4736 1.6214 3.7177 -3.8255 1.9044 12.4939 1.5045 0.9999
Car 0.0000 0.0000 0.0000 -222.0000 206.0000 362.0000 546.0000 1.5058 1.6857 4.2405 -3.4606 1.8447 5.7230 1.5046 0.9998
Car 0.0000 0.0000 0.0000 681.0000 171.0000 791.0000 254.0000 1.5540 1.6200 3.4946 2.5494 1.5104 15.3302 1.5417 0.9997
Car 0.0000 0.0000 0.0000 441.0000 168.0000 516.0000 229.0000 1.7986 1.7935 4.3506 -4.2274 1.6520 23.8350 1.5373 0.9997
Car 0.0000 0.0000 0.0000 856.0000 205.0000 1548.0000 575.0000 1.5020 1.6210 3.8924 3.3652 1.8061 5.2290 1.4958 0.9995
Car 0.0000 0.0000 0.0000 505.0000 178.0000 536.0000 203.0000 1.4912 1.6557 3.9583 -5.5093 1.7518 45.3238 1.5145 0.9994
Car 0.0000 0.0000 0.0000 746.0000 183.0000 969.0000 317.0000 1.4744 1.5982 3.8514 3.1561 1.6150 10.0747 1.5189 0.9990
Car 0.0000 0.0000 0.0000 629.0000 176.0000 684.0000 220.0000 1.5381 1.6410 4.0247 1.7477 1.6457 27.9390 1.5151 0.9988
Car 0.0000 0.0000 0.0000 619.0000 178.0000 655.0000 208.0000 1.5614 1.6729 3.9250 1.5224 1.7980 40.0429 1.5323 0.9939
Car 0.0000 0.0000 0.0000 -3699.0000 -1357.0000 1637.0000 574.0000 1.4575 1.5708 3.6259 3.3657 1.5597 1.0608 1.5373 0.9924
Car 0.0000 0.0000 0.0000 626.0000 176.0000 672.0000 212.0000 1.5496 1.6030 3.5485 1.7939 1.6766 33.3182 1.4694 0.9850
Car 0.0000 0.0000 0.0000 466.0000 184.0000 518.0000 224.0000 1.4785 1.6131 3.7422 -4.7191 1.9069 29.4809 1.5425 0.9781
