Car 0.0000 0.0000 0.0000 601.0000 171.0000 664.0000 230.0000 1.5693 1.6755 3.8048 0.6490 1.5072 21.2426 1.5708 0.9997
Car 0.0000 0.0000 0.0000 822.0000 165.0000 1145.0000 334.0000 1.6187 1.6992 4.2576 4.2461 1.5579 9.1224 1.5226 0.9996
Car 0.0000 0.0000 0.0000 720.0000 178.0000 805.0000 235.0000 1.5220 1.6162 3.6939 4.4007 1.6443 21.2141 1.5495 0.9994
Car 0.0000 0.0000 0.0000 755.0000 177.0000 881.0000 254.0000 1.4810 1.5863 3.6785 4.4370 1.5698 15.9041 1.5388 0.9992
Car 0.0000 0.0000 0.0000 -313.0000 167.0000 125.0000 327.0000 1.5354 1.6351 3.8962 -8.1868 1.4931 8.9335 1.5708 0.9991
Car 0.0000 0.0000 0.0000 397.0000 171.0000 540.0000 229.0000 1.5271 1.6536 4.0499 -4.0878 1.4618 20.5414 0.6252 0.9989
Car 0.0000 0.0000 0.0000 -10408.0000 -3413.0000 1542.0000 507.0000 1.5141 1.6468 4.0275 3.9624 1.6696 1.6606 1.5469 0.9989
Car 0.0000 0.0000 0.0000 50.0000 161.0000 377.0000 369.0000 1.5174 1.6542 3.9856 -4.1667 1.4452 7.1884 0.7377 0.9977
Car 0.0000 0.0000 0.0000 757.0000 167.0000 839.0000 196.0000 1.4576 1.6058 3.9146 9.9478 1.1258 38.0315 0.0352 0.9977
Car 0.0000 0.0000 0.0000 703.0000 161.0000 772.0000 211.0000 1.6745 1.6587 3.9472 4.6023 1.2500 26.3781 1.5345 0.9975
Car 0.0000 0.0000 0.0000 607.0000 163.0000 648.0000 196.0000 1.4849 1.6602 3.9920 0.8247 1.0214 34.8571 1.5147 0.9954
Car 0.0000 0.0000 0.0000 509.0000 165.0000 552.0000 202.0000 1.5037 1.6536 3.8606 -3.4079 1.1722 31.8164 1.5280 0.9951
Car 0.0000 0.0000 0.0000 171.0000 167.0000 431.0000 295.0000 1.5732 1.6549 3.8355 -4.6495 1.5158 10.6284 0.5687 0.9945
Car 0.0000 0.0000 0.0000 120.0000 161.0000 301.0000 246.0000 1.5211 1.6529 3.8211 -8.0465 1.3018 14.9111 1.5675 0.9923
Car 0.0000 0.0000 0.0000 103.0000 168.0000 240.0000 222.0000 1.5819 1.7177 4.2844 -14.1359 1.4349 23.5371 1.5708 0.9921
Car 0.0000 0.0000 0.0000 439.0000 173.0000 545.0000 215.0000 1.5597 1.6212 3.7625 -4.5572 1.5392 27.9460 0.3845 0.9841
Car 0.0000 0.0000 0.0000 561.0000 165.0000 597.0000 188.0000 1.6073 1.7402 4.2856 -2.1992 1.0189 52.4963 1.3294 0.9805
