Car 0.0000 0.0000 0.0000 681.0000 182.0000 752.0000 233.0000 1.4633 1.5985 3.4789 3.2994 1.7356 22.7328 1.5376 0.9999
Car 0.0000 0.0000 0.0000 896.0000 187.0000 1872.0000 680.0000 1.5132 1.6151 3.6517 3.1838 1.6190 4.1340 1.5481 0.9997
Car 0.0000 0.0000 0.0000 -252.0000 181.0000 245.0000 339.0000 1.4682 1.6480 3.9598 -6.3132 1.5656 7.6661 0.0315 0.9997
Car 0.0000 0.0000 0.0000 763.0000 173.0000 1017.0000 331.0000 1.5714 1.6315 3.7778 3.2044 1.5832 9.1543 1.5365 0.9997
Car 0.0000 0.0000 0.0000 278.0000 177.0000 449.0000 241.0000 1.4640 1.6047 3.6599 -6.0231 1.5684 17.8369 0.0229 0.9992
Car 0.0000 0.0000 0.0000 130.0000 180.0000 389.0000 270.0000 1.4910 1.6300 3.9418 -6.2839 1.6300 13.1259 0.0430 0.9988
Car 0.0000 0.0000 0.0000 354.0000 177.0000 493.0000 229.0000 1.5250 1.6359 3.8879 -5.7288 1.6559 22.4704 0.0441 0.9985
Car 0.0000 0.0000 0.0000 732.0000 180.0000 834.0000 217.0000 1.4715 1.6317 3.9088 7.1623 1.7411 29.9420 0.1141 0.9985
Car 0.0000 0.0000 0.0000 229.0000 181.0000 439.0000 257.0000 1.4902 1.6188 3.8647 -5.8002 1.6650 15.3724 0.0498 0.9973
Car 0.0000 0.0000 0.0000 434.0000 169.0000 525.0000 200.0000 1.5296 1.6677 4.2752 -6.5435 1.2966 36.5902 0.0728 0.9969
Car 0.0000 0.0000 0.0000 333.0000 182.0000 491.0000 239.0000 1.5084 1.6386 3.9746 -5.5303 1.7585 20.3174 0.1858 0.9949
Car 0.0000 0.0000 0.0000 393.0000 176.0000 505.0000 219.0000 1.5292 1.6275 3.8741 -6.0670 1.6447 27.4475 0.0627 0.9904
Car 0.0000 0.0000 0.0000 639.0000 173.0000 675.0000 203.0000 1.9373 1.9174 4.6756 3.2956 1.9137 49.6278 1.5163 0.9832
Car 0.0000 0.0000 0.0000 506.0000 174.0000 564.0000 196.0000 1.5262 1.6188 3.9449 -5.2464 1.5658 51.5201 0.0860 0.9789
Car 0.0000 0.0000 0.0000 709.0000 165.0000 735.0000 187.0000 1.7674 1.7959 4.3069 9.4327 1.0405 59.7696 -1.3411 0.9744
