Car 0.0000 0.0000 0.0000 582.0000 168.0000 637.0000 223.0000 1.7068 1.7100 3.4679 -0.0163 1.5365 24.1091 1.5611 0.9999
Car 0.0000 0.0000 0.0000 253.0000 159.0000 449.0000 256.0000 1.5639 1.6537 4.0427 -4.9911 1.3442 13.5512 0.6982 0.9996
Car 0.0000 0.0000 0.0000 -151.0000 149.0000 327.0000 416.0000 1.5524 1.6661 4.2257 -4.4954 1.4356 5.9665 0.5339 0.9993
Car 0.0000 0.0000 0.0000 651.0000 143.0000 724.0000 208.0000 2.5111 1.9992 5.5143 3.1902 1.3366 30.4940 1.4810 0.9993
Car 0.0000 0.0000 0.0000 1495.0000 171.0000 1633.0000 218.0000 1.5470 1.7207 4.1760 34.1357 1.4530 25.8844 -0.9715 0.9992
Car 0.0000 0.0000 0.0000 -422.0000 174.0000 67.0000 354.0000 1.5911 1.6894 3.8574 -8.5902 1.6171 8.4288 1.4994 0.9986
Car 0.0000 0.0000 0.0000 426.0000 173.0000 530.0000 218.0000 1.6117 1.6670 3.9355 -5.0501 1.5828 27.4240 0.6648 0.9953
Car 0.0000 0.0000 0.0000 637.0000 172.0000 662.0000 193.0000 1.5036 1.6459 3.8367 3.0895 1.3982 54.5563 1.5708 0.9952
Car 0.0000 0.0000 0.0000 353.0000 160.0000 471.0000 240.0000 1.6632 1.7448 4.1651 -4.8349 1.3821 17.1454 1.0637 0.9934
Car 0.0000 0.0000 0.0000 527.0000 168.0000 553.0000 192.0000 1.6679 1.7192 4.2135 -4.9211 1.2590 52.2035 1.5123 0.9894
Car 0.0000 0.0000 0.0000 1404.0000 182.0000 1537.0000 221.0000 1.5334 1.6826 3.9877 36.9135 1.9028 31.0128 -1.3049 0.9818
Car 0.0000 0.0000 0.0000 394.0000 170.0000 506.0000 220.0000 1.5712 1.6365 3.7668 -5.4319 1.4586 24.3070 0.6426 0.9763
Car 0.0000 0.0000 0.0000 -1018.0000 197.0000 -36.0000 900.0000 1.4558 1.6116 3.8929 -4.8704 1.5735 3.0348 0.4028 0.9758
Car 0.0000 0.0000 0.0000 578.0000 166.0000 613.0000 197.0000 1.5206 1.6500 3.9272 -0.7325 1.1266 37.2018 1.5164 0.9713
Car 0.0000 0.0000 0.0000 315.0000 158.0000 368.0000 186.0000 1.5266 1.7023 4.2062 -15.7523 0.6539 42.6332 1.5365 0.9661
Car 0.0000 0.0000 0.0000 507.0000 166.0000 543.0000 200.0000 1.5382 1.6354 4.1167 -4.1459 1.2152 35.0647 1.4346 0.9612
