Car 0.0000 0.0000 0.0000 -147.0000 157.0000 290.0000 353.0000 1.4857 1.6251 3.7742 -4.9897 1.3769 7.3757 1.5708 0.9999
Car 0.0000 0.0000 0.0000 485.0000 167.0000 532.0000 200.0000 1.4749 1.6457 4.0041 -4.8011 1.1826 34.7998 1.5708 0.9998
Car 0.0000 0.0000 0.0000 141.0000 155.0000 315.0000 236.0000 1.5534 1.6637 4.0307 -8.2721 1.2102 16.0274 1.5708 0.9998
Car 0.0000 0.0000 0.0000 578.0000 175.0000 618.0000 213.0000 1.5239 1.6413 3.7255 -0.4733 1.5762 30.9728 1.5605 0.9989
Car 0.0000 0.0000 0.0000 402.0000 144.0000 505.0000 222.0000 1.8844 1.7853 4.6324 -4.1379 1.1729 19.8330 1.5708 0.9983
Car 0.0000 0.0000 0.0000 279.0000 181.0000 367.0000 233.0000 1.4738 1.6358 3.7941 -8.9156 1.7038 22.6896 1.4512 0.9983
Car 0.0000 0.0000 0.0000 -609.0000 190.0000 -29.0000 386.0000 1.4576 1.5616 3.3751 -8.7770 1.6475 7.2899 1.5460 0.9966
Car 0.0000 0.0000 0.0000 331.0000 149.0000 464.0000 243.0000 1.6955 1.6616 3.6613 -4.2919 1.2653 15.0650 1.5708 0.9953
Car 0.0000 0.0000 0.0000 10.0000 181.0000 192.0000 253.0000 1.4894 1.6243 3.7319 -11.8114 1.6659 17.0103 1.5708 0.9931
Car 0.0000 0.0000 0.0000 617.0000 181.0000 640.0000 199.0000 1.5418 1.6959 4.0875 1.7744 2.1593 62.9334 -1.4599 0.9911
