Car 0.0000 0.0000 0.0000 387.0000 186.0000 501.0000 265.0000 1.4796 1.6248 3.8075 -3.5205 1.7814 15.8787 1.5701 0.9999
Car 0.0000 0.0000 0.0000 187.0000 189.0000 433.0000 336.0000 1.5096 1.6531 3.8796 -3.7346 1.7494 9.6779 1.5708 0.9998
Car 0.0000 0.0000 0.0000 -1344.0000 196.0000 234.0000 861.0000 1.5346 1.7020 4.3184 -4.0796 1.7176 3.9512 1.5653 0.9996
Car 0.0000 0.0000 0.0000 791.0000 162.0000 959.0000 257.0000 1.6520 1.7573 4.7433 5.2511 1.4709 15.0189 1.5708 0.9995
Car 0.0000 0.0000 0.0000 461.0000 187.0000 539.0000 242.0000 1.4722 1.6278 4.0088 -3.2605 1.9145 22.0659 1.5708 0.9991
Car 0.0000 0.0000 0.0000 678.0000 178.0000 737.0000 216.0000 1.5117 1.6236 3.7301 4.2314 1.6869 30.6919 -1.1905 0.9990
Car 0.0000 0.0000 0.0000 664.0000 178.0000 714.0000 224.0000 1.5691 1.6655 3.5156 2.8738 1.7100 26.4803 1.5708 0.9989
Car 0.0000 0.0000 0.0000 495.0000 179.0000 554.0000 224.0000 1.5573 1.6931 4.0354 -3.1347 1.7535 27.1757 1.5708 0.9979
Car 0.0000 0.0000 0.0000 712.0000 174.0000 774.0000 208.0000 1.5685 1.7114 4.2305 6.5750 1.5769 35.0726 -1.0642 0.9891
Car 0.0000 0.0000 0.0000 769.0000 178.0000 935.0000 238.0000 1.5287 1.6565 3.9556 6.4296 1.6582 19.4592 0.1076 0.9887
Car 0.0000 0.0000 0.0000 521.0000 182.0000 556.0000 214.0000 1.5327 1.6807 3.9456 -3.6109 1.9722 37.0067 1.4899 0.9792
