Car 0.0000 0.0000 0.0000 428.0000 183.0000 494.0000 226.0000 1.5589 1.7010 4.1392 -5.8297 1.9285 28.7987 1.5708 0.9999
Car 0.0000 0.0000 0.0000 -35.0000 195.0000 273.0000 337.0000 1.5870 1.7567 4.2094 -6.8636 1.9489 10.6717 1.5528 0.9999
Car 0.0000 0.0000 0.0000 601.0000 180.0000 667.0000 242.0000 1.5227 1.6293 3.6255 0.5748 1.7035 19.6699 1.5635 0.9998
Car 0.0000 0.0000 0.0000 311.0000 182.0000 391.0000 225.0000 1.5927 1.6904 4.0101 -10.3404 1.9449 29.1233 1.5708 0.9997
Car 0.0000 0.0000 0.0000 402.0000 188.0000 451.0000 219.0000 1.5171 1.6801 3.9910 -9.8901 2.3267 39.2640 1.5523 0.9996
Car 0.0000 0.0000 0.0000 674.0000 178.0000 744.0000 220.0000 1.6083 1.7966 4.3590 4.2318 1.7807 30.0206 -1.1690 0.9993
Car 0.0000 0.0000 0.0000 221.0000 192.0000 338.0000 248.0000 1.5391 1.7254 4.3010 -10.3142 2.1430 22.8519 1.5708 0.9993
Car 0.0000 0.0000 0.0000 485.0000 187.0000 520.0000 211.0000 1.5897 1.7562 4.2981 -7.6088 2.5424 52.1237 1.5708 0.9992
Car 0.0000 0.0000 0.0000 514.0000 183.0000 556.0000 210.0000 1.5636 1.7392 4.2840 -4.5577 2.1413 45.2535 -1.4554 0.9991
Car 0.0000 0.0000 0.0000 786.0000 160.0000 1012.0000 270.0000 1.5922 1.6499 4.0279 4.9742 1.3852 12.2338 -0.6234 0.9986
Car 0.0000 0.0000 0.0000 704.0000 174.0000 822.0000 227.0000 1.5524 1.6182 3.7888 5.0023 1.5732 23.2820 -0.6309 0.9981
Car 0.0000 0.0000 0.0000 43.0000 183.0000 182.0000 240.0000 1.5288 1.6513 3.6983 -14.7855 1.8289 21.6685 1.5676 0.9978
Car 0.0000 0.0000 0.0000 571.0000 183.0000 596.0000 202.0000 1.5651 1.7254 4.1806 -2.2090 2.4311 64.8934 1.5708 0.9971
