Car 0.0000 0.0000 0.0000 -260.0000 216.0000 141.0000 452.0000 1.4522 1.6049 3.6924 -6.0709 1.9752 7.0795 1.2150 0.9999
Car 0.0000 0.0000 0.0000 472.0000 176.0000 521.0000 219.0000 1.5418 1.6239 3.7175 -4.4367 1.6469 27.9984 1.3474 0.9996
Car 0.0000 0.0000 0.0000 576.0000 182.0000 717.0000 278.0000 1.5217 1.5985 3.6497 0.5220 1.6713 13.5057 1.3183 0.9995
Car 0.0000 0.0000 0.0000 281.0000 188.0000 330.0000 218.0000 1.5186 1.6944 4.0403 -16.9989 2.3410 40.5249 1.3990 0.9994
Car 0.0000 0.0000 0.0000 1267.0000 147.0000 1629.0000 285.0000 1.5557 1.6737 4.0249 11.4290 1.2645 10.2962 -1.1912 0.9994
Car 0.0000 0.0000 0.0000 758.0000 120.0000 1370.0000 433.0000 1.6279 1.6539 4.1613 3.0083 1.3616 5.9699 1.2471 0.9992
Car 0.0000 0.0000 0.0000 36.0000 202.0000 211.0000 315.0000 1.4604 1.5998 3.6924 -7.9649 1.9970 12.1197 1.2216 0.9990
Car 0.0000 0.0000 0.0000 645.0000 170.0000 749.0000 208.0000 1.4920 1.6383 3.9674 3.6069 1.3612 29.5425 0.3759 0.9988
Car 0.0000 0.0000 0.0000 438.0000 178.0000 459.0000 197.0000 1.5695 1.6681 3.7482 -13.5546 1.8893 60.9451 1.3312 0.9938
Car 0.0000 0.0000 0.0000 453.0000 178.0000 493.0000 216.0000 1.6262 1.6897 4.0903 -6.3756 1.8401 33.5849 1.3671 0.9762
