Car 0.0000 0.0000 0.0000 357.0000 173.0000 478.0000 250.0000 1.5061 1.6312 3.7265 -4.1653 1.5049 16.1405 1.5708 0.9999
Car 0.0000 0.0000 0.0000 457.0000 176.0000 515.0000 217.0000 1.4960 1.6281 3.7288 -4.7285 1.5753 28.0037 1.5708 0.9999
Car 0.0000 0.0000 0.0000 -450.0000 164.0000 325.0000 533.0000 1.5014 1.6613 4.0332 -3.6193 1.4858 4.9901 1.5567 0.9996
Car 0.0000 0.0000 0.0000 180.0000 181.0000 330.0000 252.0000 1.4960 1.6653 4.1288 -8.4305 1.6736 17.5236 1.5525 0.9996
Car 0.0000 0.0000 0.0000 585.0000 169.0000 658.0000 240.0000 1.6167 1.6842 3.6132 0.2382 1.5236 18.4882 1.5526 0.9996
Car 0.0000 0.0000 0.0000 97.0000 186.0000 173.0000 214.0000 1.6117 1.7953 4.1609 -28.6866 2.3432 43.7464 1.5708 0.9996
Car 0.0000 0.0000 0.0000 498.0000 171.0000 539.0000 203.0000 1.5299 1.6658 3.9449 -4.4667 1.3954 35.9962 1.5428 0.9991
Car 0.0000 0.0000 0.0000 273.0000 183.0000 351.0000 221.0000 1.5319 1.7045 4.1480 -13.0003 1.9616 31.7212 1.5708 0.9990
Car 0.0000 0.0000 0.0000 378.0000 182.0000 445.0000 219.0000 1.4603 1.6269 3.7468 -8.3890 1.8251 30.8127 1.5708 0.9922
Car 0.0000 0.0000 0.0000 -481.0000 181.0000 68.0000 370.0000 1.4733 1.6284 3.9553 -8.0459 1.5629 7.7371 1.4917 0.9916
Car 0.0000 0.0000 0.0000 176.0000 179.0000 289.0000 230.0000 1.5320 1.6829 3.9615 -12.4006 1.7172 23.9701 1.5708 0.9852
Car 0.0000 0.0000 0.0000 417.0000 165.0000 451.0000 190.0000 1.6522 1.7314 4.0065 -12.4312 1.0827 51.2765 1.4905 0.9848
Car 0.0000 0.0000 0.0000 451.0000 178.0000 487.0000 203.0000 1.5130 1.6675 3.9515 -8.7204 1.7711 45.1587 1.5114 0.9743
