Car 0.0000 0.0000 0.0000 107.0000 199.0000 404.0000 376.0000 1.4689 1.6095 3.6298 -3.7226 1.8109 8.2469 1.5708 0.9999
Car 0.0000 0.0000 0.0000 863.0000 160.0000 1085.0000 231.0000 1.5117 1.6742 4.2631 8.3008 1.2403 16.6929 0.0373 0.9999
Car 0.0000 0.0000 0.0000 772.0000 168.0000 898.0000 212.0000 1.5038 1.6430 4.0221 8.0820 1.3235 26.0517 0.0170 0.9998
Car 0.0000 0.0000 0.0000 662.0000 181.0000 728.0000 231.0000 1.4761 1.6132 3.6589 2.7357 1.7245 23.7277 1.5478 0.9998
Car 0.0000 0.0000 0.0000 825.0000 153.0000 1002.0000 212.0000 1.5049 1.6604 4.1618 8.2783 0.9833 19.8923 0.0340 0.9998
Car 0.0000 0.0000 0.0000 414.0000 189.0000 479.0000 233.0000 1.5624 1.6859 3.7964 -6.3045 2.1820 28.2916 1.5708 0.9993
Car 0.0000 0.0000 0.0000 293.0000 193.0000 407.0000 265.0000 1.5062 1.6177 3.4395 -6.2560 2.0240 17.7012 1.5473 0.9991
Car 0.0000 0.0000 0.0000 385.0000 199.0000 454.0000 250.0000 1.4594 1.6182 3.9117 -6.4083 2.3900 24.6582 1.4932 0.9983
Car 0.0000 0.0000 0.0000 471.0000 188.0000 515.0000 218.0000 1.5327 1.7166 4.2083 -6.2831 2.3110 39.4584 1.5708 0.9946
Car 0.0000 0.0000 0.0000 1094.0000 162.0000 1227.0000 202.0000 1.5683 1.7208 3.9950 22.3665 1.1065 29.3208 0.0560 0.9932
Car 0.0000 0.0000 0.0000 -336.0000 -1676.0000 4615.0000 543.0000 1.5073 1.6520 3.9927 -3.3724 1.6436 1.3073 1.5069 0.9931
Car 0.0000 0.0000 0.0000 1045.0000 154.0000 1160.0000 192.0000 1.6100 1.6397 3.9806 22.3082 0.7767 32.6896 1.1257 0.9922
Car 0.0000 0.0000 0.0000 1007.0000 159.0000 1114.0000 193.0000 1.5827 1.6668 4.1288 22.2563 0.8849 35.6177 0.1276 0.9916
Car 0.0000 0.0000 0.0000 1140.0000 144.0000 1304.0000 195.0000 1.7155 1.6571 4.3158 21.9072 0.7009 25.8579 0.0836 0.9826
Car 0.0000 0.0000 0.0000 526.0000 188.0000 546.0000 206.0000 1.5203 1.6696 4.0746 -6.3590 2.7534 63.2457 1.4878 0.9603
