Car 0.0000 0.0000 0.0000 376.0000 177.0000 499.0000 221.0000 1.4933 1.6479 3.9764 -6.1041 1.6397 25.8161 0.0840 0.9995
Car 0.0000 0.0000 0.0000 70.0000 190.0000 380.0000 295.0000 1.4650 1.6409 4.0397 -5.9143 1.7424 11.2402 0.1079 0.9991
Car 0.0000 0.0000 0.0000 221.0000 184.0000 419.0000 256.0000 1.4803 1.6113 3.7369 -6.3106 1.7249 15.8422 0.1064 0.9984
Car 0.0000 0.0000 0.0000 846.0000 150.0000 936.0000 205.0000 2.0179 1.8561 4.2157 11.2333 1.1480 29.0401 1.5400 0.9981
Car 0.0000 0.0000 0.0000 911.0000 164.0000 986.0000 203.0000 1.5197 1.6330 3.7221 14.0354 1.1478 30.0130 -1.4766 0.9981
Car 0.0000 0.0000 0.0000 324.0000 181.0000 472.0000 235.0000 1.4682 1.6243 3.7705 -6.0687 1.6895 20.8238 0.1760 0.9977
Car 0.0000 0.0000 0.0000 646.0000 170.0000 676.0000 195.0000 1.5423 1.6531 3.8852 3.4313 1.2947 46.9199 -1.4171 0.9947
Car 0.0000 0.0000 0.0000 427.0000 176.0000 525.0000 212.0000 1.5322 1.6436 3.9255 -5.8652 1.6325 31.9264 0.1728 0.9907
Car 0.0000 0.0000 0.0000 794.0000 162.0000 822.0000 180.0000 1.5200 1.6838 3.9189 17.9634 0.5054 64.9791 1.5708 0.9907
Car 0.0000 0.0000 0.0000 441.0000 175.0000 531.0000 209.0000 1.5776 1.6419 3.9063 -5.8842 1.6298 34.4578 0.2315 0.9831
Car 0.0000 0.0000 0.0000 340.0000 174.0000 468.0000 223.0000 1.5175 1.5943 3.7288 -6.6980 1.5498 23.6190 0.1221 0.9750
