Car 0.0000 0.0000 0.0000 368.0000 183.0000 479.0000 256.0000 1.5235 1.6561 3.9011 -4.4072 1.7729 17.5400 1.5708 0.9999
Car 0.0000 0.0000 0.0000 729.0000 175.0000 829.0000 244.0000 1.5334 1.6258 3.7037 4.1307 1.5842 18.1062 1.5708 0.9996
Car 0.0000 0.0000 0.0000 766.0000 180.0000 939.0000 283.0000 1.4912 1.6108 3.8090 3.9764 1.6134 12.5274 1.5417 0.9996
Car 0.0000 0.0000 0.0000 853.0000 184.0000 1234.0000 383.0000 1.4981 1.6000 3.6037 3.9545 1.6206 7.3863 1.5269 0.9996
Car 0.0000 0.0000 0.0000 474.0000 181.0000 536.0000 224.0000 1.5336 1.6793 4.0926 -4.0585 1.8370 28.5516 1.5708 0.9996
Car 0.0000 0.0000 0.0000 438.0000 184.0000 515.0000 236.0000 1.5162 1.6539 3.8503 -4.1983 1.8480 23.2492 1.5708 0.9995
Car 0.0000 0.0000 0.0000 539.0000 176.0000 571.0000 202.0000 1.4939 1.6705 4.0062 -3.2775 1.6515 44.6252 1.5707 0.9990
Car 0.0000 0.0000 0.0000 -8584.0000 -2907.0000 1532.0000 527.0000 1.5039 1.6280 4.0087 3.8771 1.6989 1.5602 1.5130 0.9984
Car 0.0000 0.0000 0.0000 700.0000 176.0000 774.0000 228.0000 1.5140 1.6115 3.9182 4.0188 1.5993 23.2251 1.5596 0.9978
Car 0.0000 0.0000 0.0000 687.0000 176.0000 736.0000 210.0000 1.4912 1.6141 3.5966 4.7205 1.5884 33.6036 1.5195 0.9907
Car 0.0000 0.0000 0.0000 689.0000 183.0000 746.0000 224.0000 1.5002 1.5990 3.7460 4.1689 1.8495 28.2717 1.5594 0.9822
