Car 0.0000 0.0000 0.0000 129.0000 180.0000 388.0000 314.0000 1.4823 1.6385 3.9154 -4.5610 1.5756 9.9962 1.5708 0.9999
Car 0.0000 0.0000 0.0000 495.0000 168.0000 541.0000 203.0000 1.4358 1.6307 3.8410 -3.9784 1.1970 31.8915 1.5571 0.9999
Car 0.0000 0.0000 0.0000 582.0000 172.0000 640.0000 226.0000 1.5725 1.6776 3.7130 0.0536 1.5300 22.9485 1.5708 0.9998
Car 0.0000 0.0000 0.0000 -337.0000 175.0000 137.0000 337.0000 1.5588 1.7110 4.3403 -8.3573 1.5927 9.1528 1.5708 0.9995
Car 0.0000 0.0000 0.0000 280.0000 176.0000 387.0000 232.0000 1.5450 1.7139 4.3950 -8.4858 1.6380 22.5199 1.5535 0.9990
Car 0.0000 0.0000 0.0000 -358.0000 175.0000 -14.0000 285.0000 1.5063 1.6180 3.7080 -12.6459 1.5364 11.7995 1.5328 0.9978
Car 0.0000 0.0000 0.0000 402.0000 161.0000 501.0000 237.0000 1.8418 1.8760 5.0188 -4.2842 1.5525 20.2742 1.5332 0.9888
Car 0.0000 0.0000 0.0000 263.0000 173.0000 344.0000 214.0000 1.6370 1.7280 4.0962 -13.1224 1.6322 31.1534 1.5708 0.9825
Car 0.0000 0.0000 0.0000 359.0000 171.0000 409.0000 212.0000 1.5378 1.6501 4.0616 -9.1960 1.4513 29.6460 1.3425 0.9779
Car 0.0000 0.0000 0.0000 517.0000 171.0000 548.0000 197.0000 1.4965 1.6387 3.8289 -4.6881 1.3508 44.6180 1.5368 0.9756
Car 0.0000 0.0000 0.0000 573.0000 177.0000 620.0000 213.0000 1.4947 1.6227 3.7647 -0.6263 1.6314 32.3023 1.4301 0.9743
