Car 0.0000 0.0000 0.0000 390.0000 197.0000 490.0000 273.0000 1.5044 1.6643 3.8301 -3.9569 2.1096 17.2759 1.5198 1.0000
Car 0.0000 0.0000 0.0000 708.0000 199.0000 888.0000 314.0000 1.4809 1.5935 3.5201 2.8619 1.9450 11.7861 1.4329 0.9998
Car 0.0000 0.0000 0.0000 851.0000 209.0000 1489.0000 577.0000 1.5072 1.5993 3.5568 3.1490 1.8343 5.0816 1.5186 0.9996
Car 0.0000 0.0000 0.0000 643.0000 194.0000 723.0000 252.0000 1.5344 1.6642 4.1246 2.1665 2.2026 22.3017 1.4755 0.9995
Car 0.0000 0.0000 0.0000 610.0000 189.0000 636.0000 210.0000 1.5372 1.6853 3.7937 1.1085 2.7113 55.7540 1.5074 0.9995
Car 0.0000 0.0000 0.0000 665.0000 188.0000 768.0000 266.0000 1.5082 1.6027 3.6203 2.2944 1.8546 16.3658 1.5170 0.9994
Car 0.0000 0.0000 0.0000 625.0000 187.0000 674.0000 222.0000 1.5017 1.6556 3.8208 1.8388 2.1453 33.9659 1.4587 0.9993
Car 0.0000 0.0000 0.0000 437.0000 198.0000 509.0000 253.0000 1.5135 1.6435 3.7126 -4.3079 2.3287 23.1341 1.5583 0.9991
Car 0.0000 0.0000 0.0000 549.0000 200.0000 580.0000 229.0000 1.5243 1.7197 4.1716 -2.7343 3.1797 43.7033 1.4852 0.9968
Car 0.0000 0.0000 0.0000 -299.0000 -2087.0000 5509.0000 551.0000 1.4738 1.6244 3.8369 -3.2603 1.6731 1.3559 1.5297 0.9944
Car 0.0000 0.0000 0.0000 764.0000 170.0000 835.0000 198.0000 1.5024 1.6107 3.6876 10.9701 1.3250 41.5628 0.0920 0.9876
Car 0.0000 0.0000 0.0000 642.0000 187.0000 691.0000 229.0000 1.4792 1.5795 3.7242 2.1897 2.0085 28.2566 1.5670 0.9833
Car 0.0000 0.0000 0.0000 461.0000 184.0000 516.0000 225.0000 1.5548 1.7250 4.4300 -4.9540 1.9810 30.0897 1.5234 0.9670
Car 0.0000 0.0000 0.0000 660.0000 199.0000 693.0000 225.0000 1.5119 1.6542 3.8731 4.2910 3.1448 46.2608 1.5464 0.9634
Car 0.0000 0.0000 0.0000 574.0000 190.0000 593.0000 206.0000 1.5106 1.7296 4.0381 -2.4541 3.1162 71.3438 1.5708 0.9630
