Car 0.0000 0.0000 0.0000 347.0000 181.0000 500.0000 281.0000 1.5110 1.6272 3.7866 -3.1871 1.6554 12.9788 1.5708 0.9999
Car 0.0000 0.0000 0.0000 772.0000 170.0000 1061.0000 344.0000 1.5089 1.6486 3.8741 3.0892 1.4948 8.2298 1.5708 0.9999
Car 0.0000 0.0000 0.0000 729.0000 179.0000 865.0000 270.0000 1.5260 1.6349 3.7535 3.4745 1.6402 14.1044 1.5620 0.9996
Car 0.0000 0.0000 0.0000 776.0000 163.0000 890.0000 205.0000 1.5207 1.6267 3.9531 8.4142 1.1312 27.3427 0.1959 0.9995
Car 0.0000 0.0000 0.0000 521.0000 183.0000 575.0000 223.0000 1.5119 1.6594 4.0159 -2.4447 1.8793 29.5765 1.5708 0.9994
Car 0.0000 0.0000 0.0000 440.0000 153.0000 543.0000 234.0000 1.8302 1.7491 4.4870 -2.9191 1.3807 18.7422 1.5708 0.9988
Car 0.0000 0.0000 0.0000 -59706.0000 202.0000 148.0000 23472.0000 1.5359 1.6876 4.1317 -3.5760 1.6905 2.1155 1.5698 0.9981
Car 0.0000 0.0000 0.0000 963.0000 163.0000 1131.0000 241.0000 1.5277 1.5748 3.7063 9.5593 1.3122 15.7010 -0.5461 0.9979
Car 0.0000 0.0000 0.0000 1180.0000 134.0000 1376.0000 274.0000 1.6032 1.6102 3.7546 9.4352 1.1518 10.0950 -0.7175 0.9970
Car 0.0000 0.0000 0.0000 492.0000 179.0000 559.0000 231.0000 1.5706 1.6739 3.9218 -2.6973 1.7487 23.9635 1.5708 0.9970
Car 0.0000 0.0000 0.0000 683.0000 174.0000 742.0000 195.0000 1.4731 1.6193 4.0929 7.4868 1.4797 52.0988 0.0807 0.9968
Car 0.0000 0.0000 0.0000 773.0000 165.0000 890.0000 204.0000 1.5294 1.6475 4.4069 9.1918 1.2057 30.0010 0.1188 0.9957
Car 0.0000 0.0000 0.0000 1849.0000 107.0000 2478.0000 380.0000 1.5568 1.5775 3.4958 11.6258 1.1735 5.7235 -0.5848 0.9936
Car 0.0000 0.0000 0.0000 891.0000 167.0000 987.0000 225.0000 1.5824 1.6058 3.8263 9.9458 1.3946 21.6033 -0.8565 0.9898
Car 0.0000 0.0000 0.0000 909.0000 173.0000 1086.0000 237.0000 1.5374 1.6170 3.7378 9.7906 1.5347 18.4765 0.3032 0.9769
Car 0.0000 0.0000 0.0000 852.0000 176.0000 941.0000 225.0000 1.5499 1.6049 3.5101 9.6230 1.6219 24.4005 1.5708 0.9725
Car 0.0000 0.0000 0.0000 634.0000 170.0000 674.0000 205.0000 1.7907 1.7643 4.3780 2.3497 1.5974 38.6570 1.5553 0.9688
