Car 0.0000 0.0000 0.0000 360.0000 184.0000 488.0000 272.0000 1.4928 1.6122 3.6141 -3.5288 1.6997 14.2025 1.5648 0.9998
Car 0.0000 0.0000 0.0000 997.0000 164.0000 1368.0000 277.0000 1.4414 1.6193 3.8384 7.8367 1.3409 10.1756 0.0659 0.9998
Car 0.0000 0.0000 0.0000 716.0000 172.0000 846.0000 264.0000 1.5398 1.6101 3.5511 3.1459 1.5304 13.9580 1.5531 0.9997
Car 0.0000 0.0000 0.0000 681.0000 176.0000 775.0000 243.0000 1.5376 1.6362 3.9779 2.9125 1.5996 18.5418 1.5355 0.9996
Car 0.0000 0.0000 0.0000 421.0000 156.0000 522.0000 245.0000 2.1281 1.8270 4.6309 -3.6291 1.7114 19.7064 1.5708 0.9990
Car 0.0000 0.0000 0.0000 507.0000 174.0000 534.0000 197.0000 1.5033 1.6296 3.7053 -6.0270 1.5506 49.5600 1.5059 0.9981
Car 0.0000 0.0000 0.0000 607.0000 167.0000 635.0000 192.0000 1.6763 1.7317 3.8925 0.7845 1.2210 49.7303 1.5385 0.9981
Car 0.0000 0.0000 0.0000 708.0000 153.0000 756.0000 192.0000 1.5215 1.6829 4.2289 5.1512 0.7153 30.6192 -1.4802 0.9961
Car 0.0000 0.0000 0.0000 -4418.0000 -1893.0000 1341.0000 509.0000 1.4900 1.6264 4.0531 2.7730 1.5801 1.4516 1.5346 0.9960
Car 0.0000 0.0000 0.0000 561.0000 169.0000 586.0000 189.0000 1.5220 1.6838 4.2487 -2.7973 1.1454 56.7111 1.4618 0.9941
Car 0.0000 0.0000 0.0000 630.0000 166.0000 652.0000 185.0000 1.6783 1.7713 4.1521 3.0446 0.9646 67.7429 1.5396 0.9876
Car 0.0000 0.0000 0.0000 686.0000 172.0000 738.0000 219.0000 1.5305 1.6513 3.8543 3.5994 1.4838 25.2689 -1.4333 0.9833
Car 0.0000 0.0000 0.0000 -313.0000 -1267.0000 4137.0000 559.0000 1.5066 1.6684 4.0981 -3.3627 1.7116 1.1974 1.5628 0.9600
