Car 0.0000 0.0000 0.0000 248.0000 183.0000 447.0000 312.0000 1.4781 1.6011 3.5566 -3.5107 1.6309 10.2499 1.5503 0.9998
Car 0.0000 0.0000 0.0000 701.0000 171.0000 834.0000 260.0000 1.5367 1.6439 4.1247 2.9972 1.5128 14.6216 1.5381 0.9996
Car 0.0000 0.0000 0.0000 756.0000 174.0000 969.0000 309.0000 1.5210 1.6038 3.5438 3.2140 1.5390 9.9590 1.5457 0.9995
Car 0.0000 0.0000 0.0000 1242.0000 157.0000 2040.0000 363.0000 1.4761 1.6534 4.1085 8.2232 1.3850 6.1345 0.0737 0.9994
Car 0.0000 0.0000 0.0000 371.0000 147.0000 504.0000 256.0000 2.0287 1.7848 4.4727 -3.5860 1.5506 15.7729 1.5708 0.9990
Car 0.0000 0.0000 0.0000 611.0000 165.0000 641.0000 193.0000 1.6584 1.7177 3.9256 1.0461 1.1564 45.9193 1.5541 0.9983
Car 0.0000 0.0000 0.0000 500.0000 174.0000 534.0000 199.0000 1.5402 1.6794 4.0084 -5.7761 1.5334 45.6601 1.5657 0.9969
Car 0.0000 0.0000 0.0000 698.0000 175.0000 770.0000 231.0000 1.4906 1.6343 3.5861 3.5246 1.5281 20.9998 1.5708 0.9967
Car 0.0000 0.0000 0.0000 638.0000 164.0000 659.0000 182.0000 1.5247 1.6400 3.6737 3.4873 0.7239 63.5066 1.5596 0.9966
Car 0.0000 0.0000 0.0000 727.0000 154.0000 781.0000 199.0000 1.5096 1.6418 3.9058 5.3468 0.8526 26.2939 -1.2929 0.9942
Car 0.0000 0.0000 0.0000 564.0000 165.0000 588.0000 186.0000 1.4959 1.6614 4.1134 -2.4330 0.8821 52.6856 1.5025 0.9915
Car 0.0000 0.0000 0.0000 358.0000 173.0000 401.0000 198.0000 1.5207 1.6553 3.8735 -14.6135 1.4888 46.1040 1.5372 0.9844
