Car 0.0000 0.0000 0.0000 677.0000 175.0000 767.0000 246.0000 1.5443 1.6387 3.5862 2.6407 1.5914 17.6755 1.5708 0.9997
Car 0.0000 0.0000 0.0000 539.0000 171.0000 586.0000 210.0000 1.6121 1.6921 4.0587 -1.9963 1.5127 31.9880 1.5708 0.9997
Car 0.0000 0.0000 0.0000 -959.0000 205.0000 -479.0000 341.0000 1.4580 1.5892 3.7046 -18.6215 1.9725 10.4221 1.0562 0.9983
Car 0.0000 0.0000 0.0000 -531.0000 206.0000 -290.0000 293.0000 1.4587 1.6415 4.0154 -21.5830 2.2235 15.4417 0.9837 0.9969
Car 0.0000 0.0000 0.0000 -65447.0000 219.0000 -1754.0000 8812.0000 1.4686 1.5550 3.7560 -13.3300 1.7085 2.1392 1.0033 0.9948
Car 0.0000 0.0000 0.0000 652.0000 169.0000 694.0000 204.0000 1.5770 1.6554 3.7733 3.0515 1.3654 35.0408 1.5577 0.9924
Car 0.0000 0.0000 0.0000 560.0000 178.0000 592.0000 207.0000 1.5971 1.7193 4.0076 -1.9881 1.8369 42.3596 1.4961 0.9898
Car 0.0000 0.0000 0.0000 -233.0000 204.0000 -98.0000 254.0000 1.5190 1.7164 4.2790 -27.8565 2.6685 26.0294 1.1653 0.9829
Car 0.0000 0.0000 0.0000 669.0000 176.0000 714.0000 215.0000 1.5281 1.6747 4.0387 3.3495 1.6133 29.9210 1.5708 0.9810
Car 0.0000 0.0000 0.0000 673.0000 173.0000 731.0000 225.0000 1.5512 1.6766 3.8403 2.9636 1.5411 23.6399 1.5708 0.9794
