Car 0.0000 0.0000 0.0000 -1.0000 191.0000 360.0000 309.0000 1.4410 1.6630 4.0647 -5.8293 1.7166 9.9946 0.0470 0.9999
Car 0.0000 0.0000 0.0000 121.0000 183.0000 412.0000 279.0000 1.4657 1.6464 4.1475 -5.6730 1.6524 12.1656 0.0421 0.9998
Car 0.0000 0.0000 0.0000 704.0000 183.0000 824.0000 270.0000 1.4886 1.6041 3.5305 2.9371 1.6913 14.4491 1.5665 0.9998
Car 0.0000 0.0000 0.0000 255.0000 185.0000 458.0000 252.0000 1.4801 1.6776 4.2141 -5.9217 1.7558 17.0261 0.1027 0.9997
Car 0.0000 0.0000 0.0000 402.0000 170.0000 509.0000 208.0000 1.5752 1.6963 4.3174 -6.6823 1.4421 31.5350 0.0237 0.9993
Car 0.0000 0.0000 0.0000 771.0000 182.0000 948.0000 240.0000 1.4795 1.6647 4.2724 6.6705 1.7346 19.5961 0.1069 0.9992
Car 0.0000 0.0000 0.0000 -1011.0000 152.0000 -14.0000 451.0000 1.5199 1.6379 3.8394 -6.6021 1.4327 4.5411 0.0214 0.9988
Car 0.0000 0.0000 0.0000 207.0000 183.0000 427.0000 261.0000 1.4726 1.6336 3.8324 -5.8901 1.6762 14.6602 0.1198 0.9987
Car 0.0000 0.0000 0.0000 636.0000 179.0000 670.0000 203.0000 1.5322 1.6564 3.8182 2.9121 1.8840 48.3445 1.4586 0.9985
Car 0.0000 0.0000 0.0000 338.0000 182.0000 483.0000 233.0000 1.4775 1.6360 3.9257 -6.0305 1.7494 21.9972 0.1406 0.9982
Car 0.0000 0.0000 0.0000 692.0000 177.0000 780.0000 211.0000 1.4737 1.6029 3.7448 5.7312 1.6525 32.8326 0.0464 0.9981
Car 0.0000 0.0000 0.0000 392.0000 182.0000 499.0000 222.0000 1.5327 1.6472 3.8580 -6.5164 1.8569 28.9005 0.0774 0.9979
Car 0.0000 0.0000 0.0000 -319.0000 195.0000 172.0000 368.0000 1.4645 1.6069 3.7972 -6.8184 1.7159 7.3262 0.1356 0.9978
Car 0.0000 0.0000 0.0000 369.0000 181.0000 495.0000 228.0000 1.5103 1.6348 3.8154 -5.9142 1.7511 24.2848 0.0459 0.9975
Car 0.0000 0.0000 0.0000 280.0000 179.0000 438.0000 238.0000 1.4966 1.6072 3.6888 -6.7262 1.6533 19.5173 0.0448 0.9969
Car 0.0000 0.0000 0.0000 -4140.0000 -1494.0000 1503.0000 523.0000 1.4595 1.5719 3.4585 2.8053 1.3482 1.1231 1.5324 0.9937
Car 0.0000 0.0000 0.0000 532.0000 174.0000 555.0000 194.0000 1.5491 1.6983 4.1080 -5.1574 1.5476 57.4054 1.5165 0.9934
Car 0.0000 0.0000 0.0000 479.0000 177.0000 550.0000 203.0000 1.4735 1.6039 3.9280 -5.5857 1.6942 42.8486 0.0661 0.9900
Car 0.0000 0.0000 0.0000 487.0000 180.0000 553.0000 205.0000 1.4929 1.6080 3.8149 -5.5702 1.9053 45.3952 0.1163 0.9847
Car 0.0000 0.0000 0.0000 695.0000 175.0000 779.0000 207.0000 1.4830 1.6220 3.9192 6.1869 1.5720 35.0736 0.1173 0.9837
