Car 0.0000 0.0000 0.0000 193.0000 210.0000 298.0000 265.0000 1.5140 1.6749 4.0370 -12.1344 2.8352 24.3138 1.5195 1.0000
Car 0.0000 0.0000 0.0000 283.0000 205.0000 381.0000 267.0000 1.5377 1.7111 4.0003 -8.3464 2.5711 21.9917 1.4957 1.0000
Car 0.0000 0.0000 0.0000 467.0000 191.0000 513.0000 225.0000 1.6199 1.8095 4.3733 -6.2001 2.5381 38.0289 1.5410 0.9999
Car 0.0000 0.0000 0.0000 -139.0000 224.0000 101.0000 327.0000 1.4916 1.6475 3.6468 -12.0410 2.6020 14.1070 1.5238 0.9995
Car 0.0000 0.0000 0.0000 923.0000 175.0000 957.0000 197.0000 1.5746 1.7146 3.9867 24.0535 1.6301 52.4211 -1.2697 0.9981
Car 0.0000 0.0000 0.0000 402.0000 187.0000 444.0000 214.0000 1.9555 1.9306 4.9400 -14.0785 2.9432 54.7996 1.5562 0.9981
Car 0.0000 0.0000 0.0000 387.0000 191.0000 416.0000 211.0000 1.5598 1.7530 4.0927 -18.1317 3.1187 63.1029 1.4706 0.9964
Car 0.0000 0.0000 0.0000 238.0000 200.0000 300.0000 223.0000 1.4537 1.6033 3.8842 -24.0787 3.3542 51.1237 -0.3748 0.9946
Car 0.0000 0.0000 0.0000 1139.0000 130.0000 1658.0000 282.0000 1.4939 1.6735 4.0750 9.1582 1.0871 8.9730 0.6778 0.9876
Car 0.0000 0.0000 0.0000 454.0000 196.0000 481.0000 214.0000 1.5224 1.6918 3.9665 -12.9308 3.5981 66.2311 1.5582 0.9758
Car 0.0000 0.0000 0.0000 774.0000 176.0000 812.0000 207.0000 1.5860 1.6916 3.9831 10.1102 1.7151 39.6771 -1.4040 0.9628
