Car 0.0000 0.0000 0.0000 803.0000 188.0000 1049.0000 330.0000 1.5047 1.6344 3.6967 3.9834 1.7285 9.8195 1.5476 0.9999
Car 0.0000 0.0000 0.0000 598.0000 177.0000 660.0000 235.0000 1.5299 1.6554 3.7044 0.5245 1.6257 21.1304 1.5708 0.9999
Car 0.0000 0.0000 0.0000 735.0000 174.0000 855.0000 250.0000 1.5972 1.6685 3.9919 4.2491 1.6125 17.2074 1.5279 0.9996
Car 0.0000 0.0000 0.0000 19.0000 155.0000 180.0000 218.0000 1.5953 1.6757 4.0009 -14.2273 1.1293 20.3730 1.5708 0.9996
Car 0.0000 0.0000 0.0000 44.0000 165.0000 381.0000 351.0000 1.5275 1.6262 3.7801 -4.3547 1.4767 7.6519 0.6075 0.9994
Car 0.0000 0.0000 0.0000 694.0000 179.0000 745.0000 218.0000 1.4734 1.6050 3.6807 4.4387 1.6952 29.3615 1.5708 0.9993
Car 0.0000 0.0000 0.0000 461.0000 174.0000 559.0000 215.0000 1.5333 1.6239 3.6459 -3.9581 1.5679 28.4744 0.5778 0.9990
Car 0.0000 0.0000 0.0000 330.0000 174.0000 500.0000 254.0000 1.5057 1.6602 3.9460 -4.2705 1.5245 15.3933 0.7549 0.9980
Car 0.0000 0.0000 0.0000 684.0000 169.0000 731.0000 204.0000 1.5687 1.6644 3.8540 4.6651 1.3844 34.6417 1.5589 0.9978
Car 0.0000 0.0000 0.0000 202.0000 172.0000 339.0000 241.0000 1.4879 1.6223 3.6602 -8.1881 1.4760 17.7158 1.5708 0.9966
Car 0.0000 0.0000 0.0000 605.0000 174.0000 645.0000 208.0000 1.4889 1.6510 3.8910 0.7139 1.5291 34.1975 1.5357 0.9951
Car 0.0000 0.0000 0.0000 303.0000 173.0000 400.0000 226.0000 1.5006 1.6250 3.9771 -7.8481 1.4843 22.2828 1.5555 0.9938
Car 0.0000 0.0000 0.0000 -331.0000 177.0000 196.0000 546.0000 1.5265 1.6426 3.8690 -4.6245 1.5692 4.7197 0.5742 0.9916
Car 0.0000 0.0000 0.0000 534.0000 169.0000 570.0000 197.0000 1.5110 1.6380 4.0154 -3.2211 1.2494 40.2877 1.4031 0.9916
Car 0.0000 0.0000 0.0000 545.0000 165.0000 587.0000 189.0000 1.5491 1.6671 3.9670 -2.8695 0.9760 47.5462 1.2018 0.9887
Car 0.0000 0.0000 0.0000 569.0000 167.0000 601.0000 188.0000 1.7525 1.8058 4.3026 -2.0114 1.1809 60.6081 1.3281 0.9886
Car 0.0000 0.0000 0.0000 -1641.0000 -5622.0000 14437.0000 1079.0000 1.4870 1.6785 4.1696 -4.6608 1.5318 1.6823 0.6017 0.9846
Car 0.0000 0.0000 0.0000 1178.0000 190.0000 1425.0000 282.0000 1.5160 1.5943 3.5782 13.3333 1.8769 14.2173 1.5708 0.9720
Car 0.0000 0.0000 0.0000 370.0000 171.0000 439.0000 214.0000 1.5101 1.6470 3.9093 -7.7565 1.4164 27.6091 1.5427 0.9670
Car 0.0000 0.0000 0.0000 263.0000 144.0000 324.0000 176.0000 1.6406 1.7167 3.8971 -17.4499 0.0880 40.0183 1.5577 0.9624
