Car 0.0000 0.0000 0.0000 398.0000 176.0000 488.0000 237.0000 1.4826 1.6148 3.6332 -4.4615 1.5577 19.7040 1.5663 0.9999
Car 0.0000 0.0000 0.0000 139.0000 173.0000 386.0000 316.0000 1.4802 1.5992 3.6357 -4.2651 1.4966 9.4244 1.5276 0.9998
Car 0.0000 0.0000 0.0000 770.0000 165.0000 1062.0000 342.0000 1.5770 1.6509 3.8707 3.1840 1.5191 8.4549 1.5377 0.9998
Car 0.0000 0.0000 0.0000 579.0000 178.0000 622.0000 217.0000 1.5686 1.6975 3.7787 -0.4343 1.7723 31.4948 1.5150 0.9997
Car 0.0000 0.0000 0.0000 453.0000 175.0000 515.0000 220.0000 1.4942 1.6611 3.9764 -4.5468 1.5686 26.6047 1.5451 0.9997
Car 0.0000 0.0000 0.0000 -441.0000 186.0000 74.0000 365.0000 1.5101 1.6391 3.8612 -8.3724 1.6683 8.1852 1.5648 0.9992
Car 0.0000 0.0000 0.0000 417.0000 170.0000 454.0000 198.0000 1.5389 1.6862 3.9324 -10.0609 1.3439 42.0431 1.4368 0.9990
Car 0.0000 0.0000 0.0000 388.0000 180.0000 449.0000 217.0000 1.5105 1.6821 4.0547 -8.3130 1.7719 31.6905 1.5565 0.9982
Car 0.0000 0.0000 0.0000 617.0000 180.0000 647.0000 202.0000 1.5226 1.6731 3.9096 1.6631 1.9937 52.5248 1.4785 0.9980
Car 0.0000 0.0000 0.0000 79.0000 156.0000 269.0000 242.0000 1.4911 1.6451 3.8454 -8.5885 1.2055 14.5795 1.5283 0.9974
Car 0.0000 0.0000 0.0000 273.0000 170.0000 381.0000 226.0000 1.5662 1.7577 4.6358 -8.7323 1.4914 22.6925 1.5232 0.9968
Car 0.0000 0.0000 0.0000 474.0000 184.0000 521.0000 218.0000 1.4945 1.6681 3.8110 -5.2036 1.9829 33.9725 1.5494 0.9967
Car 0.0000 0.0000 0.0000 505.0000 178.0000 535.0000 202.0000 1.4860 1.6353 3.8995 -5.8098 1.7301 46.8791 1.3849 0.9933
Car 0.0000 0.0000 0.0000 556.0000 180.0000 590.0000 208.0000 1.4973 1.6607 4.0540 -1.9791 1.8167 40.7206 1.5708 0.9759
