Car 0.0000 0.0000 0.0000 431.0000 183.0000 484.0000 217.0000 1.4899 1.6706 3.8100 -7.1164 1.9149 34.1254 1.5679 0.9997
Car 0.0000 0.0000 0.0000 405.0000 177.0000 451.0000 206.0000 1.6770 1.7501 4.2202 -11.1325 1.8940 44.6717 1.5708 0.9995
Car 0.0000 0.0000 0.0000 588.0000 177.0000 636.0000 221.0000 1.5250 1.6557 3.5111 0.0817 1.6594 26.9838 1.5653 0.9994
Car 0.0000 0.0000 0.0000 717.0000 168.0000 867.0000 238.0000 1.5442 1.6377 3.8839 4.5433 1.4110 17.7200 -0.7103 0.9991
Car 0.0000 0.0000 0.0000 382.0000 179.0000 420.0000 200.0000 1.4858 1.6445 3.9006 -15.1883 1.8288 52.8268 1.5652 0.9991
Car 0.0000 0.0000 0.0000 947.0000 160.0000 1252.0000 384.0000 1.5315 1.5958 3.6615 4.7073 1.4416 6.7600 -0.7544 0.9979
Car 0.0000 0.0000 0.0000 674.0000 174.0000 753.0000 224.0000 1.5170 1.6990 3.9661 3.5772 1.5441 24.2634 -1.1764 0.9978
Car 0.0000 0.0000 0.0000 649.0000 167.0000 727.0000 199.0000 1.6737 1.6621 3.9524 4.2957 1.2974 38.7509 -0.5286 0.9931
Car 0.0000 0.0000 0.0000 -2596.0000 198.0000 -132.0000 923.0000 1.4846 1.6327 3.7390 -6.3533 1.6583 3.4706 1.5510 0.9798
Car 0.0000 0.0000 0.0000 1163.0000 193.0000 3583.0000 1046.0000 1.4991 1.6419 3.5109 4.7308 1.6108 3.1408 0.8000 0.9692
