Car 0.0000 0.0000 0.0000 18.0000 198.0000 308.0000 347.0000 1.5177 1.6569 3.7227 -5.7051 1.8977 9.7373 1.5562 0.9999
Car 0.0000 0.0000 0.0000 331.0000 183.0000 451.0000 251.0000 1.5409 1.6763 4.0756 -5.5520 1.8092 18.7871 1.5708 0.9999
Car 0.0000 0.0000 0.0000 728.0000 180.0000 883.0000 274.0000 1.4901 1.6181 3.7961 3.4565 1.6044 13.4880 1.5014 0.9998
Car 0.0000 0.0000 0.0000 932.0000 182.0000 2629.0000 947.0000 1.5261 1.6437 3.9985 3.3008 1.5775 3.4814 1.5402 0.9995
Car 0.0000 0.0000 0.0000 694.0000 175.0000 791.0000 241.0000 1.5388 1.6300 3.9374 3.3668 1.5890 18.9479 1.5215 0.9995
Car 0.0000 0.0000 0.0000 666.0000 171.0000 723.0000 216.0000 1.5757 1.6272 3.7055 3.2052 1.5050 27.7655 1.5363 0.9994
Car 0.0000 0.0000 0.0000 463.0000 183.0000 512.0000 217.0000 1.5002 1.6808 3.9772 -5.6761 1.9320 33.9122 1.5579 0.9994
Car 0.0000 0.0000 0.0000 -1844.0000 213.0000 38.0000 877.0000 1.5376 1.7132 4.1153 -5.6705 1.8565 3.9538 1.5650 0.9985
Car 0.0000 0.0000 0.0000 516.0000 169.0000 545.0000 190.0000 1.6281 1.7633 4.1643 -6.4027 1.2820 59.6307 1.5708 0.9959
Car 0.0000 0.0000 0.0000 43.0000 183.0000 194.0000 232.0000 1.4625 1.6212 3.7918 -15.4661 1.7563 22.7434 0.1185 0.9914
Car 0.0000 0.0000 0.0000 339.0000 164.0000 393.0000 191.0000 1.6599 1.7861 4.3040 -15.8818 1.0845 47.2823 -1.4783 0.9737
