Car 0.0000 0.0000 0.0000 831.0000 173.0000 1089.0000 253.0000 1.4510 1.6756 4.2332 6.7234 1.4585 14.1715 0.0367 0.9999
Car 0.0000 0.0000 0.0000 -32.0000 149.0000 328.0000 265.0000 1.5095 1.6654 4.1965 -6.5443 1.2053 10.4263 0.0355 0.9995
Car 0.0000 0.0000 0.0000 1302.0000 221.0000 2898.0000 641.0000 1.4737 1.6650 4.1026 6.5771 1.7771 3.7715 0.1248 0.9995
Car 0.0000 0.0000 0.0000 304.0000 181.0000 470.0000 237.0000 1.4754 1.6534 4.0805 -6.1364 1.6805 20.0739 0.0743 0.9995
Car 0.0000 0.0000 0.0000 1086.0000 183.0000 1779.0000 381.0000 1.4302 1.6320 3.8372 6.6492 1.5320 6.2945 0.1383 0.9994
Car 0.0000 0.0000 0.0000 383.0000 172.0000 489.0000 221.0000 1.5752 1.6176 3.7551 -5.9586 1.5287 25.1638 -1.1396 0.9972
Car 0.0000 0.0000 0.0000 108.0000 181.0000 353.0000 269.0000 1.4686 1.5947 3.6153 -6.7487 1.6114 12.9842 0.0570 0.9969
Car 0.0000 0.0000 0.0000 658.0000 136.0000 745.0000 214.0000 2.2734 1.9657 5.3717 2.8821 1.1711 23.8656 1.5315 0.9960
Car 0.0000 0.0000 0.0000 507.0000 172.0000 564.0000 193.0000 1.7804 1.6731 4.6916 -6.3468 1.5946 62.9964 0.1091 0.9765
Car 0.0000 0.0000 0.0000 503.0000 176.0000 537.0000 201.0000 1.4707 1.6036 3.7804 -5.3696 1.6088 43.9605 1.5622 0.9756
Car 0.0000 0.0000 0.0000 637.0000 169.0000 678.0000 202.0000 1.7241 1.7382 4.2416 2.6989 1.4853 40.4452 1.5097 0.9634
