Car 0.0000 0.0000 0.0000 -191.0000 181.0000 236.0000 313.0000 1.4877 1.6578 4.1347 -7.2558 1.5992 9.1069 0.0399 0.9998
Car 0.0000 0.0000 0.0000 836.0000 173.0000 1301.0000 327.0000 1.4388 1.6345 3.8861 4.5856 1.4547 7.6825 0.0268 0.9998
Car 0.0000 0.0000 0.0000 467.0000 174.0000 500.0000 201.0000 1.6170 1.6680 3.9041 -8.1930 1.6673 46.8612 1.2900 0.9998
Car 0.0000 0.0000 0.0000 69.0000 176.0000 304.0000 264.0000 1.5631 1.6037 3.6427 -8.1284 1.6191 14.0977 -0.1695 0.9989
Car 0.0000 0.0000 0.0000 1156.0000 185.0000 1252.0000 231.0000 1.5252 1.7424 4.1162 21.9183 1.9603 26.6892 -1.1327 0.9986
Car 0.0000 0.0000 0.0000 153.0000 180.0000 348.0000 249.0000 1.4851 1.5946 3.7381 -8.2383 1.6535 16.6716 0.0301 0.9974
Car 0.0000 0.0000 0.0000 1048.0000 180.0000 1130.0000 208.0000 1.5648 1.6204 4.1527 28.3313 1.9152 42.6334 1.4065 0.9966
Car 0.0000 0.0000 0.0000 -1462.0000 174.0000 -244.0000 559.0000 1.5585 1.6458 3.8761 -7.4578 1.5851 3.9062 0.0916 0.9965
Car 0.0000 0.0000 0.0000 -11.0000 178.0000 210.0000 292.0000 1.5336 1.5836 3.4414 -7.9790 1.6121 11.6021 1.4007 0.9953
Car 0.0000 0.0000 0.0000 788.0000 181.0000 1111.0000 298.0000 1.4772 1.6005 3.7246 4.4919 1.5907 10.0267 0.0918 0.9929
Car 0.0000 0.0000 0.0000 223.0000 177.0000 361.0000 231.0000 1.6046 1.6038 3.6737 -9.9923 1.7189 22.8241 -0.0906 0.9884
