Car 0.0000 0.0000 0.0000 320.0000 172.0000 445.0000 245.0000 1.5039 1.6317 3.8409 -5.1555 1.4810 16.8262 1.5708 0.9999
Car 0.0000 0.0000 0.0000 80.0000 177.0000 376.0000 328.0000 1.4620 1.6222 3.9612 -4.4139 1.5118 9.0176 1.5667 0.9998
Car 0.0000 0.0000 0.0000 578.0000 171.0000 618.0000 209.0000 1.6205 1.7013 3.8636 -0.5409 1.5025 33.0283 1.5261 0.9994
Car 0.0000 0.0000 0.0000 -600.0000 185.0000 43.0000 389.0000 1.4848 1.6474 4.1059 -8.3424 1.6215 7.4649 1.5574 0.9993
Car 0.0000 0.0000 0.0000 471.0000 153.0000 533.0000 202.0000 1.8037 1.7862 4.6349 -4.2603 1.0350 29.1627 1.5708 0.9990
Car 0.0000 0.0000 0.0000 151.0000 172.0000 302.0000 244.0000 1.4784 1.6358 3.8374 -8.7664 1.4613 16.8394 1.5245 0.9990
Car 0.0000 0.0000 0.0000 237.0000 175.0000 330.0000 219.0000 1.4948 1.6595 4.0334 -11.9153 1.5358 26.6150 1.5562 0.9987
Car 0.0000 0.0000 0.0000 508.0000 172.0000 541.0000 198.0000 1.5220 1.6582 3.9511 -5.1147 1.4037 44.2250 1.5456 0.9945
Car 0.0000 0.0000 0.0000 -833.0000 161.0000 -188.0000 333.0000 1.4965 1.6238 3.7878 -12.0277 1.4036 8.2533 1.4942 0.9934
Car 0.0000 0.0000 0.0000 388.0000 174.0000 444.0000 207.0000 1.4566 1.5926 3.7096 -8.8547 1.4562 33.2782 1.5668 0.9934
Car 0.0000 0.0000 0.0000 442.0000 160.0000 516.0000 221.0000 1.8934 1.7511 4.0714 -4.3393 1.4885 24.5826 1.5708 0.9907
Car 0.0000 0.0000 0.0000 333.0000 168.0000 413.0000 214.0000 1.5391 1.6822 4.0763 -8.5545 1.3476 26.3602 1.5422 0.9903
