Car 0.0000 0.0000 0.0000 371.0000 170.0000 490.0000 254.0000 1.5051 1.6287 3.8154 -3.5686 1.4535 14.8794 1.5322 0.9999
Car 0.0000 0.0000 0.0000 201.0000 175.0000 336.0000 241.0000 1.4753 1.6352 3.9888 -8.5147 1.5326 18.3265 1.5384 0.9998
Car 0.0000 0.0000 0.0000 37.0000 162.0000 207.0000 238.0000 1.8275 1.7842 4.5069 -13.1337 1.5565 19.7542 1.5215 0.9998
Car 0.0000 0.0000 0.0000 540.0000 173.0000 590.0000 220.0000 1.5596 1.6545 3.6838 -1.6255 1.5410 25.8377 1.4901 0.9996
Car 0.0000 0.0000 0.0000 -577.0000 182.0000 84.0000 402.0000 1.5251 1.6987 4.3317 -7.7162 1.6230 7.2986 1.5180 0.9989
Car 0.0000 0.0000 0.0000 323.0000 181.0000 396.0000 224.0000 1.5164 1.6855 3.9974 -9.5212 1.7977 27.7029 1.4927 0.9988
Car 0.0000 0.0000 0.0000 312.0000 180.0000 364.0000 209.0000 1.5267 1.6851 3.9074 -15.3265 1.8846 40.8973 1.5031 0.9972
Car 0.0000 0.0000 0.0000 410.0000 174.0000 483.0000 225.0000 1.4744 1.6056 3.5798 -5.0780 1.5022 22.8631 1.5387 0.9967
Car 0.0000 0.0000 0.0000 412.0000 166.0000 452.0000 193.0000 1.4857 1.6316 3.9017 -10.2938 1.0704 42.1805 1.5026 0.9881
Car 0.0000 0.0000 0.0000 -22847.0000 -211.0000 -870.0000 3485.0000 1.9206 1.8357 4.6877 -11.4590 1.7237 2.7763 1.4943 0.9651
Car 0.0000 0.0000 0.0000 -438.0000 160.0000 6.0000 296.0000 1.5400 1.7029 4.2611 -11.3668 1.4084 10.4532 1.5193 0.9640
