Car 0.0000 0.0000 0.0000 545.0000 177.0000 592.0000 222.0000 1.6115 1.6788 3.4149 -1.5947 1.7456 28.1222 1.5165 0.9999
Car 0.0000 0.0000 0.0000 663.0000 183.0000 772.0000 266.0000 1.5480 1.6414 3.7197 2.1893 1.7558 15.6191 1.5296 0.9999
Car 0.0000 0.0000 0.0000 59.0000 187.0000 471.0000 464.0000 1.4790 1.6233 3.7409 -2.3181 1.6169 5.8757 1.5549 0.9997
Car 0.0000 0.0000 0.0000 311.0000 188.0000 454.0000 240.0000 1.4659 1.6767 4.2604 -7.0522 1.9214 22.2589 0.4888 0.9993
Car 0.0000 0.0000 0.0000 640.0000 183.0000 700.0000 230.0000 1.4919 1.6306 4.0180 2.0213 1.8082 25.0245 1.5396 0.9991
Car 0.0000 0.0000 0.0000 227.0000 184.0000 303.0000 221.0000 1.5477 1.6627 3.9772 -15.5721 2.0316 32.7514 1.5366 0.9990
Car 0.0000 0.0000 0.0000 19.0000 187.0000 161.0000 245.0000 1.5232 1.6629 3.9043 -15.4101 1.9302 21.6177 1.4988 0.9989
Car 0.0000 0.0000 0.0000 75.0000 178.0000 316.0000 284.0000 1.4980 1.6702 4.1197 -6.9812 1.5850 11.9810 0.5383 0.9970
Car 0.0000 0.0000 0.0000 658.0000 182.0000 737.0000 240.0000 1.4649 1.5476 3.5293 2.3762 1.7012 20.2745 1.4973 0.9969
Car 0.0000 0.0000 0.0000 479.0000 175.0000 531.0000 205.0000 1.7009 1.7586 4.3855 -6.3366 1.8068 43.3629 1.0988 0.9963
Car 0.0000 0.0000 0.0000 437.0000 180.0000 501.0000 217.0000 1.5413 1.6682 4.0218 -6.3544 1.8413 32.3505 1.0670 0.9919
Car 0.0000 0.0000 0.0000 559.0000 177.0000 596.0000 207.0000 1.4888 1.6379 3.9576 -1.5985 1.6635 37.9608 1.5708 0.9904
Car 0.0000 0.0000 0.0000 368.0000 180.0000 474.0000 227.0000 1.5386 1.6216 3.8328 -6.7418 1.7794 25.5626 0.6601 0.9865
Car 0.0000 0.0000 0.0000 276.0000 185.0000 337.0000 217.0000 1.5201 1.6445 3.7611 -15.7613 2.1426 37.7331 1.5650 0.9758
Car 0.0000 0.0000 0.0000 431.0000 181.0000 520.0000 213.0000 1.5086 1.6147 3.9365 -6.4463 1.8639 34.9712 0.0966 0.9754
Car 0.0000 0.0000 0.0000 -236.0000 -1097.0000 3047.0000 587.0000 1.4651 1.5913 3.6098 -2.3614 1.5270 0.9202 1.5337 0.9709
