Car 0.0000 0.0000 0.0000 75.0000 192.0000 407.0000 387.0000 1.4665 1.5940 3.6427 -3.4670 1.6903 7.5067 1.5708 0.9998
Car 0.0000 0.0000 0.0000 492.0000 170.0000 530.0000 199.0000 1.6167 1.7593 4.2663 -5.8066 1.4314 43.0377 1.5511 0.9996
Car 0.0000 0.0000 0.0000 801.0000 183.0000 1135.0000 379.0000 1.4855 1.5916 3.6052 3.2275 1.5910 7.3815 1.5639 0.9996
Car 0.0000 0.0000 0.0000 303.0000 138.0000 494.0000 285.0000 2.2038 1.8772 4.8350 -3.5844 1.6845 13.2280 1.5708 0.9994
Car 0.0000 0.0000 0.0000 722.0000 168.0000 897.0000 282.0000 1.5519 1.6580 4.1984 3.0743 1.4927 12.0582 1.5494 0.9993
Car 0.0000 0.0000 0.0000 709.0000 167.0000 799.0000 234.0000 1.5309 1.6338 3.5908 3.5787 1.3977 18.4736 1.5708 0.9991
Car 0.0000 0.0000 0.0000 611.0000 164.0000 647.0000 194.0000 1.6834 1.7281 3.9711 1.1531 1.1258 43.1950 1.5020 0.9985
Car 0.0000 0.0000 0.0000 1641.0000 178.0000 3594.0000 602.0000 1.4436 1.6356 3.9953 8.1714 1.4852 3.4057 0.0711 0.9973
Car 0.0000 0.0000 0.0000 640.0000 165.0000 663.0000 184.0000 1.5331 1.6573 3.8563 3.5822 0.8352 60.7599 1.5473 0.9968
Car 0.0000 0.0000 0.0000 744.0000 155.0000 810.0000 206.0000 1.5097 1.6581 3.8835 5.5454 0.9587 23.5197 -1.2212 0.9963
Car 0.0000 0.0000 0.0000 791.0000 164.0000 899.0000 208.0000 1.5640 1.6088 3.8394 8.9585 1.2037 27.3329 -0.4678 0.9952
Car 0.0000 0.0000 0.0000 675.0000 168.0000 696.0000 185.0000 1.5556 1.7003 3.9489 7.4678 1.0401 70.3884 1.5708 0.9901
