Car 0.0000 0.0000 0.0000 502.0000 180.0000 547.0000 218.0000 1.6359 1.7432 4.1125 -3.8345 1.9081 33.1916 1.5368 0.9999
Car 0.0000 0.0000 0.0000 257.0000 183.0000 390.0000 261.0000 1.5442 1.6596 3.9336 -6.4213 1.7683 16.5566 1.5227 0.9999
Car 0.0000 0.0000 0.0000 0.0000 191.0000 294.0000 337.0000 1.5552 1.6985 4.0465 -6.1435 1.8420 10.1509 1.5288 0.9998
Car 0.0000 0.0000 0.0000 476.0000 185.0000 515.0000 213.0000 1.5409 1.6983 4.0987 -6.5909 2.1776 42.1921 1.5480 0.9995
Car 0.0000 0.0000 0.0000 628.0000 171.0000 656.0000 195.0000 1.5118 1.6254 3.7387 2.2184 1.3609 49.0068 1.5566 0.9990
Car 0.0000 0.0000 0.0000 400.0000 183.0000 464.0000 226.0000 1.5078 1.6325 3.7717 -6.7528 1.8723 27.7460 1.5504 0.9974
Car 0.0000 0.0000 0.0000 700.0000 171.0000 776.0000 198.0000 1.5032 1.6642 4.2021 7.5364 1.3668 42.2017 0.0593 0.9942
Car 0.0000 0.0000 0.0000 1075.0000 154.0000 1201.0000 205.0000 1.6084 1.7218 4.2018 18.1990 0.9882 25.0395 -1.4249 0.9753
Car 0.0000 0.0000 0.0000 1251.0000 132.0000 1559.0000 218.0000 1.5943 1.6947 4.0791 16.3366 0.8440 15.1570 0.6296 0.9704
Car 0.0000 0.0000 0.0000 871.0000 155.0000 907.0000 178.0000 1.5756 1.6861 3.9610 20.4299 0.2651 52.5484 -1.4061 0.9617
