Car 0.0000 0.0000 0.0000 681.0000 177.0000 818.0000 273.0000 1.5117 1.5993 3.4457 2.3819 1.5764 13.1774 1.4947 0.9999
Car 0.0000 0.0000 0.0000 562.0000 182.0000 617.0000 218.0000 1.4997 1.6146 3.5212 -0.9326 1.8648 32.0030 1.2966 0.9998
Car 0.0000 0.0000 0.0000 859.0000 192.0000 1863.0000 713.0000 1.5056 1.6333 3.9037 3.0105 1.6560 4.1913 1.5154 0.9997
Car 0.0000 0.0000 0.0000 620.0000 174.0000 704.0000 236.0000 1.5419 1.6188 3.6876 1.3673 1.5705 20.1916 1.4351 0.9997
Car 0.0000 0.0000 0.0000 295.0000 182.0000 406.0000 259.0000 1.4675 1.5922 3.5022 -5.5498 1.6433 15.7633 1.4380 0.9997
Car 0.0000 0.0000 0.0000 340.0000 187.0000 417.0000 247.0000 1.5087 1.6441 3.8479 -6.6247 1.9160 20.9262 1.3893 0.9994
Car 0.0000 0.0000 0.0000 542.0000 180.0000 574.0000 207.0000 1.5219 1.6542 3.8788 -3.0128 1.8681 42.3922 1.4478 0.9979
Car 0.0000 0.0000 0.0000 412.0000 192.0000 455.0000 225.0000 1.5029 1.6517 3.9743 -8.9400 2.4726 36.9677 1.4575 0.9976
Car 0.0000 0.0000 0.0000 528.0000 178.0000 550.0000 198.0000 1.4839 1.6396 3.8948 -5.5245 1.8422 57.7145 1.5074 0.9965
Car 0.0000 0.0000 0.0000 -1312.0000 203.0000 -512.0000 413.0000 1.4669 1.5884 3.6194 -14.7094 1.8326 7.4487 1.1387 0.9919
Car 0.0000 0.0000 0.0000 642.0000 170.0000 695.0000 205.0000 1.4983 1.6740 4.0031 2.6665 1.3592 33.0489 1.4560 0.9809
