Car 0.0000 0.0000 0.0000 168.0000 199.0000 241.0000 232.0000 1.5562 1.7218 4.1217 -21.3752 2.9210 38.2414 1.5146 0.9998
Car 0.0000 0.0000 0.0000 -409.0000 224.0000 -26.0000 363.0000 1.4927 1.6651 4.0090 -12.3519 2.4044 11.1924 1.4448 0.9996
Car 0.0000 0.0000 0.0000 -65.0000 198.0000 199.0000 317.0000 1.4993 1.6780 3.9301 -8.5574 1.9482 11.7969 1.4715 0.9996
Car 0.0000 0.0000 0.0000 713.0000 177.0000 770.0000 229.0000 1.6207 1.7308 3.8857 4.4701 1.7398 24.5075 -1.3997 0.9996
Car 0.0000 0.0000 0.0000 197.0000 200.0000 269.0000 240.0000 1.5293 1.6840 4.1199 -16.6511 2.7404 32.0547 1.3874 0.9975
Car 0.0000 0.0000 0.0000 780.0000 177.0000 821.0000 202.0000 1.6902 1.7937 4.3612 13.8419 1.9177 52.2497 1.5708 0.9972
Car 0.0000 0.0000 0.0000 379.0000 185.0000 405.0000 207.0000 1.5621 1.7156 3.8918 -15.8233 2.3515 52.5082 1.2653 0.9965
Car 0.0000 0.0000 0.0000 388.0000 173.0000 419.0000 196.0000 1.9032 1.7786 4.2511 -17.6530 1.8020 62.1728 1.4798 0.9908
Car 0.0000 0.0000 0.0000 63.0000 187.0000 170.0000 231.0000 1.5432 1.7064 4.2119 -19.4735 2.0990 28.6745 1.4760 0.9879
Car 0.0000 0.0000 0.0000 44.0000 187.0000 180.0000 244.0000 1.4452 1.6085 3.6186 -14.1011 1.8422 20.6243 1.4909 0.9639
