Car 0.0000 0.0000 0.0000 260.0000 181.0000 472.0000 315.0000 1.5089 1.6854 4.2415 -3.2182 1.6191 10.3494 1.5521 0.9998
Car 0.0000 0.0000 0.0000 272.0000 166.0000 388.0000 224.0000 1.4792 1.6490 4.0278 -7.7867 1.2872 20.4258 1.5708 0.9998
Car 0.0000 0.0000 0.0000 409.0000 166.0000 516.0000 242.0000 1.5610 1.6875 4.2941 -3.3458 1.4224 17.0709 1.5619 0.9997
Car 0.0000 0.0000 0.0000 556.0000 173.0000 627.0000 239.0000 1.6002 1.7042 3.6820 -0.4183 1.5971 19.4124 1.5708 0.9995
Car 0.0000 0.0000 0.0000 463.0000 162.0000 538.0000 215.0000 1.6076 1.7608 4.6017 -3.5592 1.2611 24.2714 1.5708 0.9992
Car 0.0000 0.0000 0.0000 343.0000 175.0000 397.0000 205.0000 1.5480 1.6871 4.0417 -12.8298 1.6101 38.8998 1.5455 0.9989
Car 0.0000 0.0000 0.0000 396.0000 175.0000 450.0000 211.0000 1.4931 1.6212 3.6473 -8.2257 1.5559 32.0767 1.5266 0.9979
Car 0.0000 0.0000 0.0000 512.0000 174.0000 555.0000 209.0000 1.5381 1.6767 4.2205 -3.5823 1.5539 33.7351 1.3951 0.9977
Car 0.0000 0.0000 0.0000 451.0000 170.0000 487.0000 195.0000 1.4759 1.6429 3.9004 -8.7701 1.2775 45.4068 1.5330 0.9828
Car 0.0000 0.0000 0.0000 253.0000 178.0000 332.0000 220.0000 1.5113 1.6639 3.9374 -12.3738 1.6773 28.3725 1.4926 0.9807
