Car 0.0000 0.0000 0.0000 358.0000 178.0000 429.0000 217.0000 1.6433 1.8081 4.6736 -9.7787 1.8505 33.0181 1.5708 0.9999
Car 0.0000 0.0000 0.0000 68.0000 189.0000 250.0000 265.0000 1.4878 1.6502 4.0474 -10.2468 1.8649 16.7422 1.5708 0.9998
Car 0.0000 0.0000 0.0000 583.0000 164.0000 771.0000 339.0000 1.5309 1.6332 3.6953 0.4992 1.4633 8.2283 1.5263 0.9995
Car 0.0000 0.0000 0.0000 457.0000 177.0000 497.0000 200.0000 1.5008 1.6809 4.1332 -8.9779 1.7138 49.4367 1.5708 0.9994
Car 0.0000 0.0000 0.0000 -448.0000 186.0000 21.0000 343.0000 1.6460 1.7432 4.0416 -10.5951 1.8385 9.7954 1.5708 0.9988
Car 0.0000 0.0000 0.0000 516.0000 179.0000 544.0000 198.0000 1.5699 1.7400 4.2456 -6.7528 2.0232 62.0864 1.5708 0.9986
Car 0.0000 0.0000 0.0000 716.0000 169.0000 829.0000 223.0000 1.5148 1.6817 4.1245 5.0859 1.3767 22.1251 -0.8675 0.9983
Car 0.0000 0.0000 0.0000 241.0000 175.0000 315.0000 211.0000 1.4885 1.6196 3.6836 -14.5474 1.5588 31.7857 1.5543 0.9979
Car 0.0000 0.0000 0.0000 671.0000 170.0000 706.0000 200.0000 1.5335 1.6855 4.0495 4.4314 1.3623 39.7283 -1.4125 0.9979
Car 0.0000 0.0000 0.0000 403.0000 176.0000 455.0000 208.0000 1.6040 1.7058 4.1737 -9.7696 1.7405 39.3490 1.5708 0.9978
Car 0.0000 0.0000 0.0000 686.0000 170.0000 736.0000 205.0000 1.5131 1.6425 3.8492 4.7764 1.3454 33.3016 -1.2634 0.9962
Car 0.0000 0.0000 0.0000 339.0000 177.0000 390.0000 205.0000 1.5351 1.6888 3.9980 -14.1906 1.7332 42.0363 1.5407 0.9952
Car 0.0000 0.0000 0.0000 599.0000 170.0000 678.0000 241.0000 1.4742 1.6029 3.6325 0.5708 1.4210 16.9606 1.5427 0.9952
Car 0.0000 0.0000 0.0000 1106.0000 158.0000 1865.0000 628.0000 1.5366 1.6792 3.7257 4.2267 1.4971 4.3823 -1.0582 0.9950
