Car 0.0000 0.0000 0.0000 687.0000 164.0000 725.0000 189.0000 1.5891 1.7022 4.1092 6.6731 0.9808 49.7244 1.4706 0.9989
Car 0.0000 0.0000 0.0000 959.0000 161.0000 1016.0000 183.0000 1.5668 1.6086 3.7500 28.3933 0.6681 54.0337 1.3047 0.9971
Car 0.0000 0.0000 0.0000 383.0000 172.0000 467.0000 208.0000 1.5851 1.6217 3.6883 -8.5055 1.5081 33.3860 -0.2434 0.9959
Car 0.0000 0.0000 0.0000 1074.0000 168.0000 1120.0000 189.0000 1.5358 1.6736 3.9270 37.8324 1.1224 55.8908 -1.3348 0.9889
Car 0.0000 0.0000 0.0000 723.0000 165.0000 758.0000 190.0000 1.6503 1.7219 4.1098 9.3063 1.0791 51.0425 1.5686 0.9858
Car 0.0000 0.0000 0.0000 650.0000 170.0000 674.0000 190.0000 1.4854 1.6273 3.9075 4.1431 1.2182 55.8954 1.5708 0.9773
Car 0.0000 0.0000 0.0000 -126.0000 176.0000 -33.0000 208.0000 1.6725 1.7482 4.1751 -38.1527 1.7961 39.9827 1.3777 0.9764
Car 0.0000 0.0000 0.0000 800.0000 169.0000 823.0000 188.0000 1.5084 1.6692 4.1258 17.0426 1.1303 60.4577 -1.2519 0.9727
Car 0.0000 0.0000 0.0000 894.0000 163.0000 950.0000 187.0000 1.6234 1.7112 4.0777 22.1786 0.8711 51.0719 1.4311 0.9679
Car 0.0000 0.0000 0.0000 1011.0000 170.0000 1072.0000 191.0000 1.5426 1.6204 3.8191 32.6027 1.2364 54.3272 0.4762 0.9673
