Car 0.0000 0.0000 0.0000 455.0000 173.0000 558.0000 252.0000 1.4912 1.6492 3.8521 -2.1361 1.5011 15.7412 1.5708 0.9999
Car 0.0000 0.0000 0.0000 595.0000 169.0000 655.0000 227.0000 1.6088 1.6605 3.6057 0.4166 1.4846 22.0828 1.5601 0.9999
Car 0.0000 0.0000 0.0000 491.0000 163.0000 564.0000 220.0000 1.5076 1.6458 3.9636 -2.3167 1.2248 21.2202 1.5708 0.9996
Car 0.0000 0.0000 0.0000 215.0000 173.0000 301.0000 212.0000 1.5519 1.6513 3.8860 -14.8191 1.5341 30.5958 1.5708 0.9995
Car 0.0000 0.0000 0.0000 681.0000 170.0000 753.0000 225.0000 1.5472 1.6183 3.6354 3.2278 1.4454 22.1808 1.5639 0.9993
Car 0.0000 0.0000 0.0000 643.0000 171.0000 677.0000 200.0000 1.5344 1.6368 3.6046 2.8103 1.3715 40.2603 1.5708 0.9993
Car 0.0000 0.0000 0.0000 689.0000 179.0000 800.0000 258.0000 1.5314 1.6720 4.4002 2.8569 1.6456 16.2126 1.5708 0.9990
Car 0.0000 0.0000 0.0000 558.0000 172.0000 584.0000 195.0000 1.4897 1.6409 3.7532 -2.5296 1.4028 48.9078 1.5319 0.9990
Car 0.0000 0.0000 0.0000 -734.0000 195.0000 -68.0000 407.0000 1.4613 1.5871 3.5486 -9.1744 1.7179 7.0790 1.5618 0.9988
Car 0.0000 0.0000 0.0000 294.0000 176.0000 445.0000 242.0000 1.4959 1.6515 4.0516 -6.1935 1.5737 18.3536 0.6586 0.9986
Car 0.0000 0.0000 0.0000 -123.0000 181.0000 253.0000 375.0000 1.5036 1.6512 4.1084 -5.7098 1.5944 7.3648 0.5375 0.9984
Car 0.0000 0.0000 0.0000 722.0000 163.0000 902.0000 287.0000 1.5988 1.6282 3.8271 2.9292 1.4793 11.3296 1.5410 0.9970
Car 0.0000 0.0000 0.0000 511.0000 168.0000 566.0000 213.0000 1.4922 1.5887 3.5904 -2.4998 1.3278 25.9605 1.5708 0.9969
Car 0.0000 0.0000 0.0000 178.0000 176.0000 346.0000 305.0000 1.5111 1.5893 3.9039 -5.2461 1.5675 10.5275 0.9593 0.9958
Car 0.0000 0.0000 0.0000 -103.0000 130.0000 189.0000 264.0000 1.8290 1.7518 4.0832 -9.0360 1.2504 11.9593 1.5387 0.9932
Car 0.0000 0.0000 0.0000 398.0000 174.0000 427.0000 195.0000 1.5305 1.6702 3.8926 -15.1264 1.5595 55.5678 1.4356 0.9911
Car 0.0000 0.0000 0.0000 431.0000 178.0000 503.0000 220.0000 1.5139 1.6499 4.3928 -5.6559 1.6839 28.2880 1.1079 0.9874
Car 0.0000 0.0000 0.0000 803.0000 -858.0000 3736.0000 1271.0000 2.6707 2.1389 5.9463 3.0246 1.3736 3.9061 1.5275 0.9872
Car 0.0000 0.0000 0.0000 593.0000 167.0000 631.0000 202.0000 1.5070 1.6430 3.8659 0.0795 1.2374 33.5518 1.5448 0.9724
