Car 0.0000 0.0000 0.0000 739.0000 170.0000 878.0000 257.0000 1.6623 1.7475 4.6103 4.2204 1.6064 16.1035 1.5587 0.9998
Car 0.0000 0.0000 0.0000 233.0000 192.0000 425.0000 306.0000 1.4681 1.6346 3.9937 -4.3536 1.7998 11.7736 1.5541 0.9998
Car 0.0000 0.0000 0.0000 -116.0000 199.0000 316.0000 418.0000 1.4649 1.6089 3.8104 -4.5082 1.7720 7.1119 1.5643 0.9997
Car 0.0000 0.0000 0.0000 532.0000 179.0000 572.0000 210.0000 1.5491 1.6810 3.8813 -2.9746 1.8298 38.3886 1.5708 0.9996
Car 0.0000 0.0000 0.0000 708.0000 178.0000 769.0000 221.0000 1.5345 1.6391 3.7015 4.9691 1.7087 28.0333 1.5584 0.9975
Car 0.0000 0.0000 0.0000 -10347.0000 216.0000 0.0000 3913.0000 1.5349 1.6755 3.9029 -4.4703 1.7794 2.3121 1.5428 0.9964
Car 0.0000 0.0000 0.0000 723.0000 181.0000 795.0000 237.0000 1.5438 1.6450 3.8679 4.5516 1.7890 22.4038 1.5708 0.9939
Car 0.0000 0.0000 0.0000 699.0000 178.0000 739.0000 213.0000 1.5321 1.6897 4.0158 5.1282 1.7026 33.1737 -1.3825 0.9934
Car 0.0000 0.0000 0.0000 688.0000 174.0000 729.0000 204.0000 1.5055 1.6448 3.9455 5.3093 1.5305 38.7753 1.5708 0.9693
Car 0.0000 0.0000 0.0000 590.0000 176.0000 611.0000 193.0000 1.4838 1.6774 4.0317 -0.7339 1.6940 65.5611 1.5708 0.9621
