Car 0.0000 0.0000 0.0000 422.0000 178.0000 492.0000 224.0000 1.4707 1.6190 3.8525 -5.1990 1.6122 24.9681 1.5657 1.0000
Car 0.0000 0.0000 0.0000 225.0000 186.0000 346.0000 249.0000 1.5230 1.6978 4.2519 -9.0182 1.9048 20.4157 1.5259 0.9998
Car 0.0000 0.0000 0.0000 -199.0000 196.0000 146.0000 338.0000 1.4850 1.6070 3.6043 -8.3285 1.8400 9.8703 1.5514 0.9997
Car 0.0000 0.0000 0.0000 67.0000 190.0000 267.0000 282.0000 1.5251 1.6789 4.2950 -8.7998 1.8890 14.7592 1.5059 0.9997
Car 0.0000 0.0000 0.0000 305.0000 185.0000 403.0000 229.0000 1.5048 1.6088 3.7689 -9.6135 1.9492 27.3895 -1.3002 0.9996
Car 0.0000 0.0000 0.0000 655.0000 170.0000 692.0000 199.0000 1.5989 1.7047 3.8988 3.6860 1.3874 41.8348 1.5495 0.9991
Car 0.0000 0.0000 0.0000 630.0000 171.0000 654.0000 193.0000 1.4780 1.6449 3.7128 2.3948 1.2790 51.3805 1.5708 0.9976
Car 0.0000 0.0000 0.0000 679.0000 170.0000 704.0000 191.0000 1.4996 1.6454 3.8642 6.2326 1.2081 53.9911 -1.4064 0.9970
Car 0.0000 0.0000 0.0000 1410.0000 112.0000 1558.0000 182.0000 1.5637 1.5812 3.5497 21.8127 0.1815 18.1153 -0.9196 0.9853
Car 0.0000 0.0000 0.0000 1519.0000 79.0000 2314.0000 264.0000 1.5179 1.5988 4.0454 12.0702 0.7659 6.9863 0.1408 0.9831
Car 0.0000 0.0000 0.0000 1042.0000 140.0000 1138.0000 181.0000 1.5140 1.6829 4.0128 19.2944 0.2574 29.0736 -1.4085 0.9776
Car 0.0000 0.0000 0.0000 -30.0000 188.0000 157.0000 265.0000 1.4601 1.6065 3.7473 -12.0696 1.8053 16.2097 1.4919 0.9775
Car 0.0000 0.0000 0.0000 765.0000 164.0000 802.0000 190.0000 1.9182 1.8345 4.5739 13.6805 1.1947 56.0690 -1.1239 0.9757
Car 0.0000 0.0000 0.0000 1091.0000 132.0000 1353.0000 218.0000 1.4798 1.5511 3.9001 11.9262 0.7678 14.4185 1.4153 0.9676
