Car 0.0000 0.0000 0.0000 650.0000 173.0000 714.0000 229.0000 1.6527 1.6926 3.6489 2.2693 1.6386 23.3597 1.5651 0.9999
Car 0.0000 0.0000 0.0000 265.0000 181.0000 504.0000 343.0000 1.4562 1.5981 3.6291 -2.3493 1.5474 8.3600 1.5708 0.9999
Car 0.0000 0.0000 0.0000 560.0000 168.0000 610.0000 215.0000 1.6440 1.6957 3.8557 -0.9762 1.4672 27.4427 1.4903 0.9999
Car 0.0000 0.0000 0.0000 174.0000 172.0000 275.0000 215.0000 1.5869 1.7227 4.3735 -15.5107 1.5339 29.2998 1.5708 0.9999
Car 0.0000 0.0000 0.0000 413.0000 162.0000 540.0000 258.0000 1.5520 1.6274 3.7739 -2.3706 1.3756 13.5654 1.5708 0.9997
Car 0.0000 0.0000 0.0000 631.0000 169.0000 676.0000 205.0000 1.5343 1.6287 3.7674 1.9525 1.3510 32.8109 1.5225 0.9986
Car 0.0000 0.0000 0.0000 -286.0000 175.0000 -5.0000 268.0000 1.6467 1.6600 3.8617 -15.1836 1.6788 14.7755 1.5708 0.9983
Car 0.0000 0.0000 0.0000 -15.0000 186.0000 235.0000 334.0000 1.4711 1.6820 4.1333 -6.5950 1.6401 9.2592 0.7147 0.9980
Car 0.0000 0.0000 0.0000 499.0000 169.0000 529.0000 195.0000 1.4859 1.6088 3.8248 -5.7851 1.1972 43.5796 1.3961 0.9893
Car 0.0000 0.0000 0.0000 416.0000 223.0000 513.0000 283.0000 1.5159 1.6992 4.1555 -4.5850 3.2383 23.4206 -1.3948 0.9868
Car 0.0000 0.0000 0.0000 -4577.0000 -2120.0000 8525.0000 2155.0000 1.4912 1.5583 3.5901 -5.8697 1.5647 1.3677 0.8369 0.9859
Car 0.0000 0.0000 0.0000 478.0000 162.0000 541.0000 191.0000 1.9376 1.7897 4.7869 -7.0335 1.1442 50.7382 0.7816 0.9815
Car 0.0000 0.0000 0.0000 562.0000 168.0000 595.0000 199.0000 1.5178 1.6419 3.9793 -1.6525 1.2388 38.2303 1.5057 0.9648
