Car 0.0000 0.0000 0.0000 359.0000 181.0000 429.0000 220.0000 1.6197 1.7947 4.5254 -9.8985 1.9813 33.4480 1.5708 0.9999
Car 0.0000 0.0000 0.0000 580.0000 176.0000 757.0000 335.0000 1.5145 1.6368 3.6849 0.4683 1.5583 8.8322 1.5077 0.9998
Car 0.0000 0.0000 0.0000 87.0000 188.0000 261.0000 261.0000 1.4923 1.6785 4.2468 -10.3554 1.8754 17.5025 1.5645 0.9998
Car 0.0000 0.0000 0.0000 459.0000 176.0000 494.0000 200.0000 1.5868 1.7350 4.0201 -9.1626 1.7606 50.0354 1.5517 0.9996
Car 0.0000 0.0000 0.0000 246.0000 171.0000 321.0000 207.0000 1.5186 1.6498 3.9232 -14.5909 1.3971 32.4846 1.5563 0.9995
Car 0.0000 0.0000 0.0000 -371.0000 183.0000 46.0000 328.0000 1.6496 1.7285 4.0052 -10.6171 1.8058 10.3936 1.5708 0.9990
Car 0.0000 0.0000 0.0000 516.0000 177.0000 543.0000 195.0000 1.5292 1.6964 3.9926 -6.8486 1.8170 62.7766 1.5708 0.9989
Car 0.0000 0.0000 0.0000 682.0000 169.0000 744.0000 204.0000 1.5506 1.7275 4.1472 4.9576 1.3530 33.9715 -1.1255 0.9977
Car 0.0000 0.0000 0.0000 716.0000 164.0000 830.0000 217.0000 1.5525 1.6070 3.7659 5.2242 1.2582 22.7804 -0.7200 0.9975
Car 0.0000 0.0000 0.0000 409.0000 177.0000 456.0000 206.0000 1.4977 1.6509 3.9852 -9.6966 1.6853 39.8935 1.5644 0.9974
Car 0.0000 0.0000 0.0000 1049.0000 158.0000 1555.0000 544.0000 1.5188 1.6865 3.7954 4.1287 1.4674 4.8535 -0.9284 0.9974
Car 0.0000 0.0000 0.0000 665.0000 171.0000 706.0000 200.0000 1.5083 1.6709 3.9837 4.3245 1.3917 40.3166 -1.3145 0.9964
Car 0.0000 0.0000 0.0000 1540.0000 188.0000 1913.0000 277.0000 1.5090 1.6241 3.9664 20.5901 1.8075 13.4474 0.1050 0.9883
Car 0.0000 0.0000 0.0000 597.0000 166.0000 656.0000 214.0000 1.4986 1.6083 3.8308 0.5062 1.2578 24.6956 1.4908 0.9786
Car 0.0000 0.0000 0.0000 600.0000 177.0000 676.0000 248.0000 1.4714 1.5908 3.6461 0.5960 1.5667 17.0597 1.5708 0.9713
