Car 0.0000 0.0000 0.0000 488.0000 188.0000 534.0000 221.0000 1.5869 1.7401 3.9892 -5.1707 2.3673 38.5314 1.5708 1.0000
Car 0.0000 0.0000 0.0000 318.0000 192.0000 428.0000 257.0000 1.5858 1.7514 4.2145 -6.6646 2.1598 20.7083 1.5708 1.0000
Car 0.0000 0.0000 0.0000 424.0000 189.0000 475.0000 218.0000 1.5624 1.7401 4.1810 -9.3590 2.5070 42.6287 1.5708 0.9998
Car 0.0000 0.0000 0.0000 602.0000 182.0000 673.0000 249.0000 1.5393 1.6384 3.5689 0.6314 1.7482 18.4804 1.5691 0.9998
Car 0.0000 0.0000 0.0000 -422.0000 204.0000 20.0000 354.0000 1.4771 1.6565 3.8254 -10.3848 1.9529 9.6962 1.5708 0.9992
Car 0.0000 0.0000 0.0000 669.0000 183.0000 732.0000 220.0000 1.5788 1.7746 4.3497 4.2732 1.9998 33.1629 -1.1754 0.9992
Car 0.0000 0.0000 0.0000 282.0000 198.0000 360.0000 247.0000 1.5007 1.6407 3.6852 -10.1803 2.3992 25.6194 1.4628 0.9992
Car 0.0000 0.0000 0.0000 121.0000 187.0000 236.0000 236.0000 1.4958 1.6367 3.8122 -14.7616 1.9820 24.8981 1.5708 0.9989
Car 0.0000 0.0000 0.0000 759.0000 176.0000 912.0000 260.0000 1.5239 1.7092 4.0772 4.8844 1.5860 15.2655 -0.8930 0.9987
Car 0.0000 0.0000 0.0000 699.0000 179.0000 780.0000 225.0000 1.5337 1.7144 4.0448 4.8664 1.7534 26.5625 -1.0620 0.9981
Car 0.0000 0.0000 0.0000 544.0000 187.0000 572.0000 208.0000 1.5343 1.7070 4.1558 -3.8245 2.5314 54.8618 1.5708 0.9958
