Car 0.0000 0.0000 0.0000 430.0000 179.0000 526.0000 250.0000 1.5655 1.6604 3.7384 -3.1569 1.7008 17.8876 1.5708 1.0000
Car 0.0000 0.0000 0.0000 -210.0000 194.0000 356.0000 494.0000 1.5166 1.6622 3.8879 -3.6174 1.7264 5.8039 1.5708 0.9998
Car 0.0000 0.0000 0.0000 778.0000 183.0000 964.0000 296.0000 1.5051 1.6121 3.5049 3.9436 1.6657 11.5398 1.5446 0.9998
Car 0.0000 0.0000 0.0000 480.0000 180.0000 559.0000 232.0000 1.5438 1.6482 3.7690 -2.8312 1.7410 23.3929 -1.4473 0.9997
Car 0.0000 0.0000 0.0000 740.0000 181.0000 850.0000 254.0000 1.5120 1.6156 3.6781 4.2041 1.6793 16.9061 1.5690 0.9996
Car 0.0000 0.0000 0.0000 569.0000 180.0000 610.0000 211.0000 1.5517 1.6718 3.7494 -0.9786 1.8513 37.7419 -1.4645 0.9995
Car 0.0000 0.0000 0.0000 657.0000 181.0000 688.0000 207.0000 1.6468 1.7651 4.3214 4.2271 2.1072 48.1463 1.5708 0.9992
Car 0.0000 0.0000 0.0000 521.0000 183.0000 577.0000 222.0000 1.5407 1.7065 4.2002 -2.5023 1.9281 30.7367 1.5708 0.9986
Car 0.0000 0.0000 0.0000 710.0000 178.0000 787.0000 230.0000 1.5547 1.6901 4.1408 4.4452 1.6895 23.6065 1.5683 0.9985
Car 0.0000 0.0000 0.0000 -393.0000 191.0000 -181.0000 249.0000 1.6272 1.7278 4.0700 -28.7422 2.2137 23.2711 1.5708 0.9952
Car 0.0000 0.0000 0.0000 321.0000 186.0000 353.0000 203.0000 1.4836 1.7066 4.1025 -26.5728 2.7327 70.5324 1.5379 0.9925
Car 0.0000 0.0000 0.0000 709.0000 178.0000 751.0000 216.0000 1.5580 1.6645 3.7986 5.1449 1.7287 31.0373 -1.4297 0.9909
Car 0.0000 0.0000 0.0000 -3690.0000 -1201.0000 1866.0000 666.0000 1.4994 1.5516 3.4521 3.9065 1.6217 0.7819 1.4509 0.9735
Car 0.0000 0.0000 0.0000 757.0000 170.0000 787.0000 196.0000 1.5281 1.6487 3.9335 10.2226 1.3198 45.3041 -1.3934 0.9711
Car 0.0000 0.0000 0.0000 341.0000 189.0000 381.0000 213.0000 1.5245 1.6514 4.1577 -16.6826 2.5464 48.6354 1.4609 0.9672
