Car 0.0000 0.0000 0.0000 553.0000 170.0000 593.0000 205.0000 1.5348 1.6643 3.9450 -1.6594 1.3661 33.8874 1.5708 0.9999
Car 0.0000 0.0000 0.0000 799.0000 195.0000 1086.0000 348.0000 1.5316 1.6956 4.4784 4.1633 1.8743 10.0066 1.5135 0.9999
Car 0.0000 0.0000 0.0000 393.0000 129.0000 546.0000 257.0000 1.7889 1.7375 4.1951 -2.1998 1.1815 12.2985 1.5708 0.9998
Car 0.0000 0.0000 0.0000 741.0000 183.0000 865.0000 260.0000 1.4788 1.6245 3.9495 4.1008 1.6863 15.9693 1.5598 0.9997
Car 0.0000 0.0000 0.0000 993.0000 186.0000 2967.0000 1028.0000 1.5509 1.6663 3.9530 3.6978 1.6330 3.3666 1.5419 0.9993
Car 0.0000 0.0000 0.0000 728.0000 180.0000 809.0000 237.0000 1.5142 1.6029 3.6256 4.5532 1.6910 21.1396 1.5708 0.9992
Car 0.0000 0.0000 0.0000 705.0000 178.0000 765.0000 222.0000 1.5582 1.6261 3.4946 4.7742 1.7359 27.7362 1.5542 0.9986
Car 0.0000 0.0000 0.0000 692.0000 176.0000 741.0000 212.0000 1.5482 1.6312 3.5623 4.7902 1.6356 32.4286 1.5699 0.9983
Car 0.0000 0.0000 0.0000 472.0000 171.0000 561.0000 240.0000 1.5358 1.6319 3.8706 -2.2185 1.4857 17.9453 1.5708 0.9982
Car 0.0000 0.0000 0.0000 -288.0000 -1093.0000 3479.0000 572.0000 1.4563 1.6074 3.7890 -2.8242 1.5745 0.9998 1.5565 0.9672
Car 0.0000 0.0000 0.0000 777.0000 166.0000 811.0000 186.0000 1.5188 1.6494 3.8457 14.8333 0.9164 57.7755 1.5502 0.9667
