Car 0.0000 0.0000 0.0000 400.0000 168.0000 501.0000 237.0000 1.5104 1.6458 3.8997 -3.8287 1.4050 17.8947 1.5666 0.9999
Car 0.0000 0.0000 0.0000 471.0000 174.0000 525.0000 214.0000 1.5317 1.6534 3.8003 -4.5480 1.5555 29.9036 1.5708 0.9998
Car 0.0000 0.0000 0.0000 585.0000 166.0000 648.0000 227.0000 1.5790 1.6592 3.5594 0.1739 1.3987 20.7149 1.5701 0.9997
Car 0.0000 0.0000 0.0000 275.0000 175.0000 380.0000 233.0000 1.5224 1.6092 3.6509 -8.1441 1.5790 21.1063 1.5708 0.9995
Car 0.0000 0.0000 0.0000 366.0000 175.0000 424.0000 215.0000 1.5175 1.6477 3.7894 -8.7952 1.5757 29.7732 1.4580 0.9976
Car 0.0000 0.0000 0.0000 576.0000 178.0000 618.0000 217.0000 1.5029 1.6135 3.7041 -0.5140 1.6791 29.9288 1.5567 0.9909
Car 0.0000 0.0000 0.0000 -457.0000 -37.0000 362.0000 436.0000 2.2386 1.9760 5.5971 -4.1370 1.2571 6.2173 1.5708 0.9907
Car 0.0000 0.0000 0.0000 503.0000 176.0000 536.0000 204.0000 1.4996 1.6161 3.5740 -5.0255 1.6149 40.8529 1.5261 0.9888
Car 0.0000 0.0000 0.0000 522.0000 176.0000 552.0000 200.0000 1.5260 1.6581 3.9706 -4.8606 1.6896 49.3786 1.5686 0.9664
Car 0.0000 0.0000 0.0000 323.0000 175.0000 383.0000 207.0000 1.5253 1.6302 3.8628 -12.8214 1.5769 36.2422 1.5705 0.9616
