Car 0.0000 0.0000 0.0000 317.0000 177.0000 403.0000 226.0000 1.4954 1.6194 3.5653 -8.1552 1.6037 23.8284 1.5708 0.9997
Car 0.0000 0.0000 0.0000 359.0000 175.0000 431.0000 219.0000 1.6242 1.6975 4.0233 -8.4441 1.6799 28.7438 1.5613 0.9987
Car 0.0000 0.0000 0.0000 294.0000 171.0000 367.0000 211.0000 1.5515 1.6634 3.8777 -11.6335 1.4521 30.2591 1.5356 0.9983
Car 0.0000 0.0000 0.0000 534.0000 174.0000 565.0000 195.0000 1.4917 1.6628 3.8313 -4.4325 1.5445 54.0146 -1.4781 0.9983
Car 0.0000 0.0000 0.0000 403.0000 178.0000 457.0000 213.0000 1.5207 1.6573 4.0684 -8.4843 1.7449 34.4306 1.5368 0.9980
Car 0.0000 0.0000 0.0000 427.0000 176.0000 479.0000 204.0000 1.4989 1.6012 3.6618 -8.9852 1.6494 41.7404 -1.3575 0.9972
Car 0.0000 0.0000 0.0000 676.0000 172.0000 695.0000 189.0000 1.5458 1.6592 3.8143 7.2588 1.3378 67.7522 -1.4240 0.9967
Car 0.0000 0.0000 0.0000 -60.0000 185.0000 223.0000 290.0000 1.5077 1.5864 3.5290 -8.6055 1.7200 12.0320 -0.3347 0.9958
Car 0.0000 0.0000 0.0000 636.0000 168.0000 661.0000 187.0000 1.6876 1.7344 3.7449 3.6358 1.1439 65.3618 -1.3763 0.9921
Car 0.0000 0.0000 0.0000 652.0000 168.0000 682.0000 191.0000 1.5602 1.6634 3.8515 4.2538 1.1482 51.7351 -1.3658 0.9886
Car 0.0000 0.0000 0.0000 -419.0000 202.0000 39.0000 350.0000 1.4843 1.5716 3.5517 -9.6843 1.8894 9.0439 -0.3082 0.9761
Car 0.0000 0.0000 0.0000 -1920.0000 198.0000 -364.0000 635.0000 1.5203 1.5669 3.3052 -8.9387 1.7204 4.4256 -0.8372 0.9728
Car 0.0000 0.0000 0.0000 1351.0000 122.0000 1788.0000 239.0000 1.5423 1.6177 4.0003 13.7631 0.8700 10.5482 0.0648 0.9663
