Car 0.0000 0.0000 0.0000 597.0000 172.0000 677.0000 246.0000 1.5223 1.6612 3.6110 0.5693 1.5118 16.9420 1.5708 1.0000
Car 0.0000 0.0000 0.0000 668.0000 152.0000 743.0000 217.0000 2.1362 1.8993 4.4446 3.4025 1.4273 26.1867 1.5230 0.9999
Car 0.0000 0.0000 0.0000 257.0000 178.0000 353.0000 225.0000 1.6157 1.7569 4.3656 -11.4006 1.7879 27.2838 1.5708 0.9998
Car 0.0000 0.0000 0.0000 373.0000 170.0000 430.0000 208.0000 1.9450 1.7751 4.5589 -11.3774 1.7589 39.8050 1.5708 0.9996
Car 0.0000 0.0000 0.0000 1436.0000 178.0000 1772.0000 263.0000 1.4743 1.6364 3.8941 18.4789 1.5675 13.5272 0.0351 0.9993
Car 0.0000 0.0000 0.0000 582.0000 174.0000 628.0000 216.0000 1.5812 1.6849 3.8596 -0.1058 1.6085 29.1819 1.5708 0.9981
Car 0.0000 0.0000 0.0000 453.0000 174.0000 531.0000 218.0000 1.6206 1.6830 4.2029 -4.7945 1.6462 28.8693 1.0465 0.9965
Car 0.0000 0.0000 0.0000 359.0000 175.0000 401.0000 201.0000 1.5941 1.7110 3.9937 -14.8514 1.6982 46.8402 1.4947 0.9922
Car 0.0000 0.0000 0.0000 500.0000 171.0000 548.0000 205.0000 1.5455 1.6602 3.9600 -4.1767 1.4132 34.9152 1.2817 0.9903
Car 0.0000 0.0000 0.0000 652.0000 175.0000 699.0000 207.0000 1.5275 1.6439 4.0041 3.3541 1.5852 36.9938 1.4794 0.9639
Car 0.0000 0.0000 0.0000 552.0000 173.0000 577.0000 195.0000 1.5841 1.7136 4.2084 -3.3915 1.5652 55.9580 1.5490 0.9629
