Car 0.0000 0.0000 0.0000 423.0000 188.0000 491.0000 231.0000 1.6203 1.8102 4.2915 -6.3058 2.2292 30.2568 1.5708 1.0000
Car 0.0000 0.0000 0.0000 310.0000 190.0000 397.0000 238.0000 1.6598 1.8337 4.8444 -10.0605 2.3431 28.7324 1.5490 0.9999
Car 0.0000 0.0000 0.0000 -165.0000 197.0000 130.0000 308.0000 1.4819 1.6547 3.9156 -10.3489 1.9242 12.2888 1.5673 0.9998
Car 0.0000 0.0000 0.0000 603.0000 183.0000 684.0000 257.0000 1.5175 1.6296 3.5682 0.6832 1.7362 16.8577 1.5544 0.9996
Car 0.0000 0.0000 0.0000 372.0000 186.0000 432.0000 222.0000 1.6053 1.7478 4.0068 -9.9504 2.1920 34.9246 1.5708 0.9996
Car 0.0000 0.0000 0.0000 171.0000 186.0000 275.0000 229.0000 1.4836 1.6337 3.9269 -14.6265 1.9538 27.5216 1.5708 0.9993
Car 0.0000 0.0000 0.0000 569.0000 187.0000 592.0000 206.0000 1.5391 1.7097 4.1711 -2.4580 2.7226 63.8520 1.5708 0.9991
Car 0.0000 0.0000 0.0000 669.0000 180.0000 722.0000 213.0000 1.5463 1.7057 4.0151 4.3362 1.8358 35.5836 -1.2303 0.9988
Car 0.0000 0.0000 0.0000 744.0000 176.0000 873.0000 245.0000 1.5237 1.6156 3.7280 5.0433 1.5991 17.9970 -0.8385 0.9984
Car 0.0000 0.0000 0.0000 694.0000 180.0000 762.0000 221.0000 1.5034 1.6892 3.8549 4.8563 1.7569 28.9735 -1.1218 0.9983
Car 0.0000 0.0000 0.0000 506.0000 185.0000 536.0000 208.0000 1.6739 1.7860 4.4877 -7.0265 2.6106 58.0855 1.5708 0.9953
Car 0.0000 0.0000 0.0000 523.0000 187.0000 556.0000 213.0000 1.5342 1.7076 4.0042 -4.5699 2.4511 47.7120 1.5708 0.9830
