Car 0.0000 0.0000 0.0000 336.0000 173.0000 496.0000 279.0000 1.5385 1.7051 4.4131 -3.2084 1.5454 12.7533 1.5539 0.9999
Car 0.0000 0.0000 0.0000 48.0000 151.0000 279.0000 250.0000 1.4639 1.6226 3.8217 -7.5922 1.1429 12.6864 1.5708 0.9998
Car 0.0000 0.0000 0.0000 486.0000 178.0000 550.0000 225.0000 1.5224 1.6772 4.1278 -3.1534 1.6651 25.5143 1.5708 0.9997
Car 0.0000 0.0000 0.0000 290.0000 180.0000 351.0000 218.0000 1.5150 1.6731 4.0850 -12.5917 1.7931 31.6005 1.4015 0.9995
Car 0.0000 0.0000 0.0000 -411.0000 192.0000 381.0000 616.0000 1.5116 1.6983 4.2971 -3.1012 1.6785 4.8812 1.5551 0.9994
Car 0.0000 0.0000 0.0000 567.0000 174.0000 624.0000 227.0000 1.5359 1.6555 3.8040 -0.4296 1.5505 22.9646 1.5687 0.9993
Car 0.0000 0.0000 0.0000 325.0000 180.0000 424.0000 229.0000 1.4978 1.6991 4.1403 -7.7826 1.6992 24.2541 -1.4820 0.9983
Car 0.0000 0.0000 0.0000 472.0000 176.0000 503.0000 199.0000 1.5755 1.7028 3.8891 -8.6117 1.7407 51.4296 1.5269 0.9976
Car 0.0000 0.0000 0.0000 536.0000 185.0000 576.0000 216.0000 1.5033 1.6414 3.7412 -2.7288 2.1059 37.9545 1.5708 0.9907
Car 0.0000 0.0000 0.0000 534.0000 166.0000 560.0000 189.0000 1.6078 1.6978 4.1574 -4.3949 1.0737 51.8687 1.5270 0.9895
Car 0.0000 0.0000 0.0000 427.0000 171.0000 477.0000 202.0000 1.4958 1.6402 3.7498 -8.1445 1.3904 37.6648 1.5708 0.9895
Car 0.0000 0.0000 0.0000 157.0000 185.0000 272.0000 237.0000 1.4565 1.6066 3.7013 -12.2035 1.8164 22.4814 1.5498 0.9713
