Car 0.0000 0.0000 0.0000 207.0000 183.0000 289.0000 222.0000 1.5489 1.6671 3.9270 -15.6043 1.9719 31.3015 1.5514 0.9999
Car 0.0000 0.0000 0.0000 669.0000 182.0000 795.0000 275.0000 1.5324 1.6325 3.7372 2.2049 1.7130 14.0265 1.5264 0.9998
Car 0.0000 0.0000 0.0000 543.0000 176.0000 590.0000 220.0000 1.5968 1.6838 3.6334 -1.7472 1.7049 28.2868 1.4774 0.9996
Car 0.0000 0.0000 0.0000 -37.0000 190.0000 123.0000 253.0000 1.4977 1.6560 3.7792 -15.4112 1.9759 19.8269 1.4956 0.9994
Car 0.0000 0.0000 0.0000 -350.0000 184.0000 442.0000 654.0000 1.5039 1.6583 3.8433 -2.3471 1.5819 4.2671 1.5708 0.9994
Car 0.0000 0.0000 0.0000 640.0000 182.0000 709.0000 233.0000 1.4777 1.6252 4.0282 2.0148 1.7545 23.3875 1.5080 0.9990
Car 0.0000 0.0000 0.0000 291.0000 186.0000 443.0000 242.0000 1.4628 1.6780 4.2627 -7.0370 1.8316 20.7809 0.4931 0.9982
Car 0.0000 0.0000 0.0000 434.0000 176.0000 496.0000 215.0000 1.5295 1.6717 3.9580 -6.2243 1.6422 30.7947 1.1284 0.9968
Car 0.0000 0.0000 0.0000 -12.0000 170.0000 277.0000 298.0000 1.5155 1.6651 4.1783 -6.9151 1.5000 10.2940 0.4916 0.9956
Car 0.0000 0.0000 0.0000 459.0000 179.0000 526.0000 210.0000 1.6642 1.6758 3.9379 -6.7191 1.9699 41.3953 0.7195 0.9955
Car 0.0000 0.0000 0.0000 662.0000 181.0000 748.0000 245.0000 1.4775 1.5450 3.4801 2.3507 1.6736 18.5912 1.5113 0.9937
Car 0.0000 0.0000 0.0000 -3807.0000 -1232.0000 1284.0000 1606.0000 2.0369 1.8488 4.8754 2.8799 1.0318 1.8589 1.5708 0.9884
Car 0.0000 0.0000 0.0000 390.0000 175.0000 455.0000 228.0000 1.6010 1.6849 4.1326 -6.4127 1.6734 24.3744 1.2109 0.9884
Car 0.0000 0.0000 0.0000 261.0000 191.0000 323.0000 224.0000 1.4828 1.6443 3.8100 -15.8550 2.3743 36.1813 1.4924 0.9750
Car 0.0000 0.0000 0.0000 519.0000 178.0000 547.0000 197.0000 1.5713 1.6998 4.1754 -6.5570 1.9052 62.2232 1.3037 0.9712
Car 0.0000 0.0000 0.0000 563.0000 177.0000 596.0000 207.0000 1.5094 1.6516 3.9806 -1.5145 1.6682 38.0929 1.5512 0.9638
