Car 0.0000 0.0000 0.0000 579.0000 172.0000 635.0000 226.0000 1.5939 1.6706 3.6345 -0.0865 1.5626 23.4918 1.5659 0.9999
Car 0.0000 0.0000 0.0000 658.0000 174.0000 702.0000 207.0000 1.5801 1.6852 3.9037 3.5266 1.5832 36.2798 1.5270 0.9998
Car 0.0000 0.0000 0.0000 -237.0000 153.0000 52.0000 240.0000 1.5384 1.6998 4.4917 -14.4086 1.1930 15.1971 1.5708 0.9996
Car 0.0000 0.0000 0.0000 -187.0000 173.0000 228.0000 434.0000 1.5123 1.6414 3.9669 -5.0657 1.5301 5.9664 0.6055 0.9988
Car 0.0000 0.0000 0.0000 309.0000 177.0000 484.0000 255.0000 1.4870 1.6396 3.8412 -4.6812 1.5685 15.5516 0.6410 0.9987
Car 0.0000 0.0000 0.0000 -1334.0000 191.0000 -173.0000 522.0000 1.5085 1.6114 3.6037 -8.5208 1.6697 5.2297 1.5708 0.9982
Car 0.0000 0.0000 0.0000 45.0000 168.0000 163.0000 222.0000 1.4797 1.6066 3.7128 -15.1686 1.3429 21.8082 1.3628 0.9981
Car 0.0000 0.0000 0.0000 111.0000 144.0000 294.0000 235.0000 1.7564 1.7441 4.1513 -8.9202 1.1997 16.2015 1.5708 0.9971
Car 0.0000 0.0000 0.0000 447.0000 167.0000 518.0000 213.0000 1.5687 1.6876 3.9304 -4.8619 1.3539 27.1349 1.1459 0.9969
Car 0.0000 0.0000 0.0000 -840.0000 152.0000 -232.0000 300.0000 1.5288 1.6649 4.0380 -14.3751 1.3199 9.5360 1.5528 0.9947
Car 0.0000 0.0000 0.0000 558.0000 173.0000 587.0000 196.0000 1.5061 1.6308 3.8565 -2.4896 1.4432 48.5150 1.4334 0.9939
Car 0.0000 0.0000 0.0000 328.0000 175.0000 493.0000 239.0000 1.5532 1.6412 3.8721 -5.1946 1.6020 18.8122 0.3087 0.9930
Car 0.0000 0.0000 0.0000 727.0000 93.0000 986.0000 292.0000 2.5026 2.0419 5.4300 3.5727 1.4985 11.8448 1.5004 0.9908
Car 0.0000 0.0000 0.0000 492.0000 165.0000 535.0000 201.0000 1.5363 1.6722 4.1024 -4.4718 1.1578 33.1841 1.3673 0.9881
Car 0.0000 0.0000 0.0000 166.0000 162.0000 366.0000 333.0000 1.6530 1.6459 4.1815 -4.5807 1.5576 9.1564 0.9679 0.9791
Car 0.0000 0.0000 0.0000 703.0000 182.0000 795.0000 247.0000 1.5447 1.6102 3.8079 3.6365 1.7820 19.4104 1.5376 0.9781
