Car 0.0000 0.0000 0.0000 584.0000 171.0000 665.0000 224.0000 1.6099 1.6839 4.1525 0.4035 1.5510 24.2546 1.3193 0.9999
Car 0.0000 0.0000 0.0000 -345.0000 187.0000 161.0000 348.0000 1.4648 1.6281 3.7983 -7.1177 1.6297 7.5196 0.0400 0.9996
Car 0.0000 0.0000 0.0000 -97.0000 179.0000 254.0000 306.0000 1.5299 1.6113 3.9078 -7.4463 1.6297 10.5416 -0.4795 0.9994
Car 0.0000 0.0000 0.0000 -1202.0000 192.0000 -90.0000 512.0000 1.4676 1.6388 4.0264 -6.9706 1.6127 4.2813 0.0470 0.9992
Car 0.0000 0.0000 0.0000 -8283.0000 151.0000 -1134.0000 2475.0000 1.5634 1.6392 4.0245 -7.2665 1.5756 1.4318 0.0661 0.9976
Car 0.0000 0.0000 0.0000 535.0000 175.0000 555.0000 194.0000 1.4959 1.6423 3.9797 -5.4690 1.6211 61.5648 1.4605 0.9939
Car 0.0000 0.0000 0.0000 379.0000 170.0000 452.0000 198.0000 1.6013 1.6370 3.9794 -11.6379 1.4035 43.5151 0.0232 0.9916
Car 0.0000 0.0000 0.0000 328.0000 164.0000 431.0000 229.0000 1.4581 1.6079 3.6275 -5.7207 1.2574 18.2587 1.5251 0.9748
Car 0.0000 0.0000 0.0000 354.0000 166.0000 431.0000 221.0000 1.5813 1.6118 3.6548 -6.7695 1.3723 22.8062 1.4890 0.9676
Car 0.0000 0.0000 0.0000 521.0000 176.0000 542.0000 192.0000 1.4985 1.6446 3.9747 -7.4610 1.7035 70.2456 1.5572 0.9644
Car 0.0000 0.0000 0.0000 342.0000 167.0000 423.0000 208.0000 1.5090 1.7086 4.2611 -8.8448 1.2660 28.4525 1.5708 0.9615
