Car 0.0000 0.0000 0.0000 35.0000 183.0000 377.0000 292.0000 1.4476 1.6517 4.1553 -5.8086 1.6045 10.6073 0.0430 0.9999
Car 0.0000 0.0000 0.0000 685.0000 181.0000 786.0000 253.0000 1.4601 1.6048 3.7694 2.7716 1.6377 16.6806 1.5603 0.9999
Car 0.0000 0.0000 0.0000 663.0000 174.0000 724.0000 221.0000 1.5490 1.6549 4.0133 2.9379 1.5826 25.9280 1.5589 0.9998
Car 0.0000 0.0000 0.0000 554.0000 175.0000 588.0000 204.0000 1.5309 1.6878 3.9069 -2.1238 1.6285 41.1377 1.5708 0.9998
Car 0.0000 0.0000 0.0000 647.0000 168.0000 676.0000 195.0000 1.5338 1.6692 4.0069 3.2725 1.2219 44.5637 1.5708 0.9996
Car 0.0000 0.0000 0.0000 265.0000 175.0000 461.0000 241.0000 1.5367 1.6799 4.2805 -6.0444 1.5857 17.8788 0.0568 0.9996
Car 0.0000 0.0000 0.0000 431.0000 177.0000 524.0000 213.0000 1.5270 1.6311 3.8218 -5.8661 1.6775 32.3406 0.0333 0.9987
Car 0.0000 0.0000 0.0000 374.0000 182.0000 506.0000 231.0000 1.4905 1.6291 3.8201 -5.3874 1.7719 23.0994 0.0506 0.9974
Car 0.0000 0.0000 0.0000 -938.0000 198.0000 -21.0000 489.0000 1.4428 1.6126 3.7094 -6.5893 1.6311 4.5999 0.0682 0.9967
Car 0.0000 0.0000 0.0000 396.0000 178.0000 515.0000 222.0000 1.5032 1.6353 3.8312 -5.4986 1.6671 25.9204 0.1202 0.9947
Car 0.0000 0.0000 0.0000 1543.0000 189.0000 4948.0000 1025.0000 1.4809 1.6511 3.7560 5.9138 1.5563 2.2290 0.0611 0.9923
Car 0.0000 0.0000 0.0000 155.0000 180.0000 423.0000 273.0000 1.6222 1.6709 4.3860 -5.9809 1.7689 13.6365 0.1022 0.9903
Car 0.0000 0.0000 0.0000 293.0000 175.0000 445.0000 230.0000 1.5055 1.6209 3.8324 -6.8969 1.5588 20.7854 0.1535 0.9879
Car 0.0000 0.0000 0.0000 -2847.0000 231.0000 -358.0000 1042.0000 1.4749 1.6284 4.0682 -6.2316 1.7344 2.3763 0.0753 0.9871
Car 0.0000 0.0000 0.0000 414.0000 181.0000 518.0000 221.0000 1.4937 1.5899 3.7032 -5.5850 1.8063 28.3365 0.0796 0.9697
