Car 0.0000 0.0000 0.0000 470.0000 170.0000 523.0000 207.0000 1.4865 1.6739 4.2121 -4.7672 1.3436 30.8864 1.5512 0.9998
Car 0.0000 0.0000 0.0000 -69.0000 161.0000 223.0000 283.0000 1.6155 1.6974 3.9572 -8.2129 1.4641 11.5763 1.5708 0.9997
Car 0.0000 0.0000 0.0000 578.0000 173.0000 620.0000 213.0000 1.5304 1.6447 3.6380 -0.4127 1.5314 30.1717 1.5687 0.9991
Car 0.0000 0.0000 0.0000 -1826.0000 183.0000 76.0000 822.0000 1.4564 1.6278 3.8488 -4.9538 1.5206 3.6108 1.5606 0.9990
Car 0.0000 0.0000 0.0000 351.0000 140.0000 485.0000 233.0000 1.7497 1.7289 4.5681 -4.0432 1.1305 15.8920 1.5708 0.9986
Car 0.0000 0.0000 0.0000 218.0000 138.0000 426.0000 274.0000 1.7443 1.6862 3.6507 -4.2155 1.3030 11.1157 1.5708 0.9951
Car 0.0000 0.0000 0.0000 -147.0000 173.0000 106.0000 267.0000 1.5328 1.6498 3.8619 -11.7863 1.5362 13.8200 1.5109 0.9948
Car 0.0000 0.0000 0.0000 500.0000 178.0000 535.0000 205.0000 1.4922 1.6432 3.9621 -5.4688 1.7360 42.7520 1.3509 0.9923
Car 0.0000 0.0000 0.0000 190.0000 180.0000 324.0000 247.0000 1.5117 1.6359 3.8480 -8.8649 1.6830 18.4267 1.5419 0.9911
Car 0.0000 0.0000 0.0000 525.0000 169.0000 553.0000 195.0000 1.8929 1.8550 4.5124 -5.1990 1.5338 54.2885 1.5312 0.9887
