Car 0.0000 0.0000 0.0000 487.0000 189.0000 544.0000 233.0000 1.5689 1.7363 4.0554 -3.7212 2.2249 29.1774 1.5708 0.9998
Car 0.0000 0.0000 0.0000 573.0000 186.0000 598.0000 209.0000 1.6331 1.7733 4.3565 -1.8012 2.6099 56.5304 1.5708 0.9998
Car 0.0000 0.0000 0.0000 765.0000 190.0000 934.0000 293.0000 1.5050 1.6459 4.0554 4.1067 1.8374 13.0761 1.5590 0.9997
Car 0.0000 0.0000 0.0000 731.0000 186.0000 832.0000 251.0000 1.4877 1.5939 3.6041 4.3647 1.8144 18.7968 1.5200 0.9996
Car 0.0000 0.0000 0.0000 713.0000 188.0000 780.0000 238.0000 1.4996 1.6139 3.6924 4.4650 1.9820 23.9652 1.5708 0.9995
Car 0.0000 0.0000 0.0000 704.0000 187.0000 752.0000 228.0000 1.5073 1.6213 3.6204 4.7871 2.0640 29.2751 1.5708 0.9991
Car 0.0000 0.0000 0.0000 842.0000 136.0000 1380.0000 411.0000 1.7495 1.7592 4.7099 3.9786 1.5268 6.9996 1.5219 0.9987
Car 0.0000 0.0000 0.0000 -6085.0000 226.0000 31.0000 2483.0000 1.4832 1.6633 4.0308 -4.5476 1.8155 2.6065 1.5319 0.9956
Car 0.0000 0.0000 0.0000 885.0000 179.0000 921.0000 203.0000 1.5257 1.7318 4.2683 20.3684 1.9109 49.9302 -1.3114 0.9842
Car 0.0000 0.0000 0.0000 433.0000 164.0000 465.0000 187.0000 1.9427 1.8929 4.6250 -13.6334 1.0988 61.8317 1.5292 0.9740
