Car 0.0000 0.0000 0.0000 128.0000 200.0000 210.0000 238.0000 1.5378 1.6943 3.8744 -20.8879 2.8640 34.3454 1.5076 1.0000
Car 0.0000 0.0000 0.0000 417.0000 189.0000 482.0000 233.0000 1.5371 1.6620 3.7305 -6.0811 2.1357 27.7511 1.5680 0.9999
Car 0.0000 0.0000 0.0000 88.0000 199.0000 163.0000 235.0000 1.5149 1.6959 4.2056 -23.7191 2.8065 35.4790 1.3454 0.9997
Car 0.0000 0.0000 0.0000 -955.0000 220.0000 80.0000 627.0000 1.5153 1.6835 3.8166 -5.9622 1.9534 5.0085 1.5608 0.9992
Car 0.0000 0.0000 0.0000 653.0000 170.0000 703.0000 209.0000 1.5619 1.6465 3.7682 2.9303 1.4354 31.2168 1.5380 0.9990
Car 0.0000 0.0000 0.0000 192.0000 195.0000 265.0000 232.0000 1.5381 1.7172 4.1101 -18.2153 2.6212 34.6379 1.4555 0.9983
Car 0.0000 0.0000 0.0000 449.0000 185.0000 502.0000 222.0000 1.5337 1.7045 4.1290 -6.1119 2.0817 33.3419 1.5547 0.9983
Car 0.0000 0.0000 0.0000 35.0000 201.0000 116.0000 238.0000 1.5552 1.7316 3.9771 -26.1313 2.9519 35.4216 1.3506 0.9981
Car 0.0000 0.0000 0.0000 -174.0000 210.0000 -62.0000 247.0000 1.5056 1.7039 3.8996 -35.3052 3.3562 35.0344 1.4881 0.9973
Car 0.0000 0.0000 0.0000 481.0000 183.0000 518.0000 211.0000 1.5033 1.6564 4.0253 -6.2274 2.0530 41.4704 1.5333 0.9950
Car 0.0000 0.0000 0.0000 829.0000 164.0000 865.0000 184.0000 1.5001 1.6703 3.9412 18.6215 0.7395 56.4445 1.5708 0.9939
Car 0.0000 0.0000 0.0000 -2332.0000 -1263.0000 1643.0000 567.0000 1.4857 1.5794 3.6645 2.9481 1.5019 0.9992 -1.4792 0.9830
