Car 0.0000 0.0000 0.0000 149.0000 191.0000 427.0000 354.0000 1.4999 1.6477 3.8682 -3.6422 1.7549 8.8980 1.5708 1.0000
Car 0.0000 0.0000 0.0000 761.0000 157.0000 994.0000 307.0000 1.5508 1.6192 3.6299 3.1685 1.3988 9.3684 1.5593 0.9998
Car 0.0000 0.0000 0.0000 880.0000 165.0000 2354.0000 866.0000 1.5584 1.6679 4.2873 3.0706 1.5622 3.7750 1.5479 0.9995
Car 0.0000 0.0000 0.0000 -707.0000 213.0000 249.0000 689.0000 1.4353 1.5757 3.5258 -3.7972 1.7599 4.2301 1.5432 0.9994
Car 0.0000 0.0000 0.0000 646.0000 168.0000 710.0000 206.0000 1.5256 1.6452 3.8046 2.8875 1.2995 31.0972 1.3526 0.9991
Car 0.0000 0.0000 0.0000 777.0000 164.0000 905.0000 213.0000 1.4931 1.6302 3.7437 7.2679 1.2032 22.9321 0.2135 0.9985
Car 0.0000 0.0000 0.0000 549.0000 177.0000 600.0000 196.0000 1.5619 1.6328 3.9953 -2.8788 1.8352 60.6112 -0.5927 0.9981
Car 0.0000 0.0000 0.0000 600.0000 172.0000 628.0000 197.0000 1.5289 1.6813 4.2060 0.3549 1.4036 45.8459 1.5708 0.9937
Car 0.0000 0.0000 0.0000 1072.0000 124.0000 1320.0000 200.0000 1.5889 1.6594 4.1295 13.2400 0.5469 16.4882 0.1300 0.9870
Car 0.0000 0.0000 0.0000 928.0000 171.0000 1081.0000 221.0000 1.4441 1.6011 3.7894 12.0635 1.3923 22.1819 0.0966 0.9824
