Car 0.0000 0.0000 0.0000 701.0000 164.0000 858.0000 273.0000 1.6114 1.6793 4.2019 2.7924 1.4844 12.8756 1.5417 0.9997
Car 0.0000 0.0000 0.0000 0.0000 196.0000 355.0000 315.0000 1.4631 1.6577 4.0246 -5.8905 1.8152 10.0437 0.0565 0.9997
Car 0.0000 0.0000 0.0000 296.0000 175.0000 468.0000 236.0000 1.5346 1.6562 4.1216 -6.0741 1.5829 19.4540 0.0227 0.9994
Car 0.0000 0.0000 0.0000 645.0000 175.0000 681.0000 207.0000 1.4860 1.6395 3.7885 2.6275 1.5462 35.7890 1.5708 0.9993
Car 0.0000 0.0000 0.0000 665.0000 176.0000 731.0000 228.0000 1.5748 1.6294 3.6881 2.8277 1.6565 23.7205 1.5481 0.9992
Car 0.0000 0.0000 0.0000 -246.0000 191.0000 244.0000 351.0000 1.4558 1.6385 3.9106 -6.2507 1.6671 7.5941 0.0612 0.9992
Car 0.0000 0.0000 0.0000 111.0000 185.0000 370.0000 279.0000 1.4713 1.6081 3.6353 -6.2245 1.6835 12.3362 0.0586 0.9990
Car 0.0000 0.0000 0.0000 680.0000 179.0000 768.0000 244.0000 1.4830 1.5688 3.4899 2.7954 1.6172 18.2700 1.5405 0.9983
Car 0.0000 0.0000 0.0000 257.0000 181.0000 395.0000 257.0000 1.5649 1.6004 3.7309 -6.5465 1.7445 16.9845 1.5708 0.9955
Car 0.0000 0.0000 0.0000 374.0000 176.0000 494.0000 220.0000 1.5339 1.6353 3.9341 -6.4028 1.6370 26.4873 0.0854 0.9940
Car 0.0000 0.0000 0.0000 381.0000 154.0000 469.0000 207.0000 1.5048 1.6222 3.7656 -5.7161 0.9481 22.7384 1.5708 0.9937
Car 0.0000 0.0000 0.0000 632.0000 174.0000 661.0000 199.0000 1.5162 1.6768 4.0215 2.3951 1.5486 46.7375 1.5683 0.9913
Car 0.0000 0.0000 0.0000 449.0000 177.0000 528.0000 206.0000 1.4956 1.6302 3.9113 -6.4918 1.6645 38.9769 0.0544 0.9908
Car 0.0000 0.0000 0.0000 456.0000 179.0000 498.0000 214.0000 1.5292 1.6084 3.6686 -6.2822 1.7726 34.0301 1.2954 0.9850
Car 0.0000 0.0000 0.0000 190.0000 183.0000 397.0000 260.0000 1.4693 1.5569 3.5626 -6.4149 1.6668 14.7980 -0.0051 0.9756
