Car 0.0000 0.0000 0.0000 353.0000 186.0000 507.0000 287.0000 1.4719 1.6185 3.8425 -3.0241 1.7201 12.8166 1.5708 0.9999
Car 0.0000 0.0000 0.0000 -75.0000 194.0000 390.0000 444.0000 1.5048 1.6646 3.8378 -3.5363 1.7326 6.5147 1.5708 0.9997
Car 0.0000 0.0000 0.0000 444.0000 177.0000 539.0000 251.0000 1.6084 1.6882 3.9314 -2.7940 1.6866 17.7255 1.5688 0.9997
Car 0.0000 0.0000 0.0000 707.0000 169.0000 788.0000 246.0000 1.6101 1.6619 3.4712 3.1407 1.5264 16.9346 -1.4298 0.9992
Car 0.0000 0.0000 0.0000 1016.0000 76.0000 2049.0000 508.0000 1.8763 1.8258 4.6823 5.3523 1.4706 5.5004 1.5590 0.9990
Car 0.0000 0.0000 0.0000 502.0000 175.0000 551.0000 216.0000 1.4724 1.6068 3.6331 -3.1076 1.5244 27.6411 1.5279 0.9988
Car 0.0000 0.0000 0.0000 919.0000 154.0000 1291.0000 278.0000 1.4852 1.6299 3.7676 6.3615 1.2753 9.6815 0.1422 0.9981
Car 0.0000 0.0000 0.0000 717.0000 167.0000 800.0000 198.0000 1.5193 1.6486 4.0161 7.5652 1.1899 36.6539 0.1871 0.9970
Car 0.0000 0.0000 0.0000 715.0000 169.0000 802.0000 225.0000 1.5089 1.5980 3.6145 4.4827 1.3890 21.3623 -1.0934 0.9968
Car 0.0000 0.0000 0.0000 525.0000 183.0000 571.0000 219.0000 1.5223 1.6463 3.9748 -2.8279 1.9276 32.8115 1.3773 0.9943
Car 0.0000 0.0000 0.0000 907.0000 163.0000 981.0000 192.0000 1.5342 1.6054 3.6425 18.2942 0.9537 39.2526 -0.3971 0.9931
Car 0.0000 0.0000 0.0000 943.0000 160.0000 1008.0000 199.0000 1.5457 1.6601 4.0429 15.4566 1.0146 30.5373 -1.3019 0.9909
Car 0.0000 0.0000 0.0000 764.0000 169.0000 854.0000 217.0000 1.5705 1.6054 3.6849 7.1417 1.4160 25.5725 -0.8469 0.9887
Car 0.0000 0.0000 0.0000 389.0000 173.0000 449.0000 213.0000 1.4833 1.6236 3.8446 -7.4904 1.4661 28.6627 1.5034 0.9676
Car 0.0000 0.0000 0.0000 427.0000 176.0000 479.0000 196.0000 1.5087 1.5717 3.9289 -12.2248 1.6798 56.4164 -0.2439 0.9632
