Car 0.0000 0.0000 0.0000 908.0000 152.0000 1175.0000 234.0000 1.4999 1.6615 4.2500 8.4087 1.1156 14.3156 0.0471 0.9999
Car 0.0000 0.0000 0.0000 229.0000 193.0000 382.0000 282.0000 1.5179 1.6551 3.7405 -6.1048 1.9514 14.8670 1.5461 0.9999
Car 0.0000 0.0000 0.0000 793.0000 155.0000 940.0000 203.0000 1.4774 1.6448 4.2297 8.3561 0.9185 23.6851 0.0226 0.9998
Car 0.0000 0.0000 0.0000 672.0000 180.0000 744.0000 235.0000 1.4644 1.5915 3.6581 2.8270 1.6638 21.4420 1.5601 0.9998
Car 0.0000 0.0000 0.0000 -255.0000 207.0000 328.0000 519.0000 1.4545 1.6145 3.6309 -3.7163 1.7856 5.5271 1.5648 0.9998
Car 0.0000 0.0000 0.0000 854.0000 148.0000 1058.0000 216.0000 1.5178 1.6546 4.1328 8.2569 0.9522 17.4559 0.0474 0.9997
Car 0.0000 0.0000 0.0000 465.0000 184.0000 514.0000 217.0000 1.5527 1.7265 4.1893 -6.1123 2.1089 37.2847 1.5708 0.9995
Car 0.0000 0.0000 0.0000 400.0000 184.0000 474.0000 232.0000 1.5585 1.6863 3.8309 -6.0959 1.9442 25.8572 1.5708 0.9990
Car 0.0000 0.0000 0.0000 364.0000 198.0000 448.0000 255.0000 1.5027 1.6595 3.8199 -6.2108 2.3150 22.3850 1.5334 0.9981
Car 0.0000 0.0000 0.0000 1082.0000 153.0000 1205.0000 193.0000 1.5732 1.6220 3.9319 22.3407 0.7567 30.2677 1.2619 0.9940
Car 0.0000 0.0000 0.0000 1036.0000 156.0000 1150.0000 191.0000 1.5309 1.6588 4.0353 22.2410 0.7694 33.1935 0.1214 0.9892
Car 0.0000 0.0000 0.0000 1138.0000 158.0000 1280.0000 203.0000 1.5886 1.7024 3.8486 22.3978 1.0350 27.0845 0.5249 0.9883
Car 0.0000 0.0000 0.0000 709.0000 170.0000 772.0000 195.0000 1.6279 1.6587 4.1045 8.9598 1.3851 49.3317 0.1042 0.9861
Car 0.0000 0.0000 0.0000 1198.0000 142.0000 1389.0000 201.0000 1.8154 1.6550 4.3879 22.1415 0.8392 23.4459 0.1106 0.9644
Car 0.0000 0.0000 0.0000 435.0000 171.0000 467.0000 197.0000 1.6033 1.7389 4.1618 -10.4031 1.4573 47.7293 1.4401 0.9613
