Car 0.0000 0.0000 0.0000 432.0000 166.0000 524.0000 231.0000 1.4886 1.6522 4.1399 -3.3156 1.3362 18.7435 1.5654 0.9999
Car 0.0000 0.0000 0.0000 316.0000 175.0000 488.0000 287.0000 1.5207 1.6737 4.1495 -3.2361 1.5547 11.9778 1.5652 0.9999
Car 0.0000 0.0000 0.0000 479.0000 166.0000 541.0000 212.0000 1.5348 1.6704 3.9774 -3.4848 1.2820 25.8740 1.5708 0.9996
Car 0.0000 0.0000 0.0000 292.0000 170.0000 392.0000 226.0000 1.4990 1.6038 3.6755 -7.7494 1.4042 21.1935 1.5628 0.9995
Car 0.0000 0.0000 0.0000 562.0000 169.0000 631.0000 237.0000 1.6066 1.6703 3.5693 -0.4269 1.5144 19.1938 1.5147 0.9994
Car 0.0000 0.0000 0.0000 406.0000 174.0000 460.0000 209.0000 1.5221 1.6452 3.6808 -8.0676 1.5488 33.2046 1.5469 0.9980
Car 0.0000 0.0000 0.0000 521.0000 174.0000 558.0000 208.0000 1.5096 1.6365 3.8441 -3.3816 1.5340 34.6692 1.4466 0.9974
Car 0.0000 0.0000 0.0000 349.0000 173.0000 403.0000 202.0000 1.5254 1.6702 3.9477 -12.8147 1.4902 39.8089 1.5708 0.9936
Car 0.0000 0.0000 0.0000 457.0000 172.0000 493.0000 196.0000 1.4808 1.6439 3.8405 -8.5676 1.3532 46.3609 1.5666 0.9931
Car 0.0000 0.0000 0.0000 534.0000 160.0000 562.0000 179.0000 1.4672 1.6414 3.8821 -4.9970 0.3947 59.7427 1.5708 0.9618
