Car 0.0000 0.0000 0.0000 444.0000 168.0000 517.0000 218.0000 1.5545 1.7038 4.1918 -4.3205 1.3748 24.6236 1.5708 0.9999
Car 0.0000 0.0000 0.0000 255.0000 177.0000 368.0000 236.0000 1.4871 1.6074 3.6717 -8.2631 1.5922 20.2590 1.5708 0.9998
Car 0.0000 0.0000 0.0000 345.0000 173.0000 465.0000 247.0000 1.4600 1.6327 3.9966 -4.5432 1.4719 16.5129 1.5708 0.9998
Car 0.0000 0.0000 0.0000 578.0000 168.0000 660.0000 245.0000 1.5460 1.6343 3.5050 0.1465 1.4407 16.3269 1.5561 0.9998
Car 0.0000 0.0000 0.0000 -1144.0000 156.0000 211.0000 723.0000 1.5565 1.6538 3.7494 -4.0777 1.5298 3.8601 1.5708 0.9989
Car 0.0000 0.0000 0.0000 92.0000 180.0000 234.0000 241.0000 1.5771 1.7033 3.9504 -12.8386 1.7719 20.9763 1.5620 0.9988
Car 0.0000 0.0000 0.0000 -227.0000 172.0000 93.0000 275.0000 1.6015 1.7348 4.6770 -12.3858 1.6014 13.6869 1.5606 0.9983
Car 0.0000 0.0000 0.0000 300.0000 177.0000 374.0000 215.0000 1.5804 1.7116 4.2029 -12.4158 1.7532 33.1282 1.5708 0.9937
Car 0.0000 0.0000 0.0000 -793.0000 189.0000 -47.0000 425.0000 1.4574 1.5859 3.6152 -8.3669 1.6276 6.4710 1.5411 0.9909
Car 0.0000 0.0000 0.0000 404.0000 174.0000 454.0000 209.0000 1.5116 1.6607 4.0516 -8.4303 1.5352 33.9402 1.4768 0.9865
Car 0.0000 0.0000 0.0000 365.0000 170.0000 415.0000 204.0000 1.7639 1.8121 4.4479 -12.1782 1.5791 40.3334 1.4827 0.9838
Car 0.0000 0.0000 0.0000 638.0000 177.0000 661.0000 198.0000 1.5246 1.6610 3.9826 3.1302 1.7754 55.8013 1.5708 0.9780
