Car 0.0000 0.0000 0.0000 448.0000 180.0000 513.0000 221.0000 1.5990 1.7619 4.3528 -5.3875 1.8686 30.7410 1.5708 0.9999
Car 0.0000 0.0000 0.0000 155.0000 182.0000 354.0000 281.0000 1.6129 1.7356 4.0863 -6.6044 1.7764 13.8923 1.5708 0.9999
Car 0.0000 0.0000 0.0000 64.0000 175.0000 240.0000 253.0000 1.5898 1.6838 4.0203 -10.5320 1.6319 16.9229 1.5324 0.9998
Car 0.0000 0.0000 0.0000 594.0000 175.0000 661.0000 239.0000 1.5786 1.6625 3.5362 0.4231 1.6126 19.6748 1.5662 0.9997
Car 0.0000 0.0000 0.0000 -341.0000 191.0000 77.0000 332.0000 1.5643 1.7188 4.3525 -10.4060 1.8690 10.6689 1.5708 0.9996
Car 0.0000 0.0000 0.0000 307.0000 182.0000 391.0000 227.0000 1.5796 1.6879 3.9917 -9.8153 1.8958 27.4717 1.5708 0.9996
Car 0.0000 0.0000 0.0000 569.0000 174.0000 604.0000 197.0000 1.6656 1.7987 4.5197 -1.6550 1.6925 55.6871 -1.4004 0.9991
Car 0.0000 0.0000 0.0000 663.0000 175.0000 684.0000 193.0000 1.4935 1.6581 3.9269 5.6524 1.6152 63.1371 1.5708 0.9985
Car 0.0000 0.0000 0.0000 719.0000 169.0000 864.0000 242.0000 1.5882 1.6505 3.8834 4.5443 1.4852 17.6889 -0.7682 0.9972
Car 0.0000 0.0000 0.0000 815.0000 165.0000 1022.0000 285.0000 1.5544 1.6649 3.8925 4.9304 1.4460 11.2830 -0.7929 0.9970
Car 0.0000 0.0000 0.0000 -329.0000 184.0000 -62.0000 252.0000 1.5815 1.7481 4.6032 -21.2348 1.8674 19.3086 -1.4405 0.9933
Car 0.0000 0.0000 0.0000 432.0000 182.0000 481.0000 212.0000 1.4792 1.6721 4.2197 -8.2982 1.9557 39.4953 1.5708 0.9848
