Car 0.0000 0.0000 0.0000 759.0000 159.0000 829.0000 201.0000 1.5163 1.6584 3.8789 7.2684 0.9955 28.6913 1.5438 0.9996
Car 0.0000 0.0000 0.0000 345.0000 175.0000 419.0000 221.0000 1.5460 1.7046 4.4218 -8.2807 1.5974 26.5677 1.4838 0.9996
Car 0.0000 0.0000 0.0000 470.0000 166.0000 515.0000 200.0000 1.4731 1.6339 3.7754 -5.3600 1.1234 33.3956 1.5247 0.9996
Car 0.0000 0.0000 0.0000 71.0000 180.0000 191.0000 226.0000 1.5138 1.6820 4.1506 -17.2465 1.7486 26.2268 1.5500 0.9996
Car 0.0000 0.0000 0.0000 980.0000 202.0000 5188.0000 2167.0000 1.4576 1.6068 3.6824 2.9069 1.6196 2.4552 1.5708 0.9991
Car 0.0000 0.0000 0.0000 243.0000 175.0000 341.0000 226.0000 1.7115 1.7657 4.3414 -11.5747 1.7742 26.5582 1.5499 0.9991
Car 0.0000 0.0000 0.0000 892.0000 147.0000 1199.0000 348.0000 1.5983 1.7045 3.9841 4.2742 1.4044 7.8574 -1.3357 0.9988
Car 0.0000 0.0000 0.0000 -491.0000 197.0000 -154.0000 292.0000 1.5005 1.6724 4.2131 -16.4618 1.9523 12.7854 0.0974 0.9987
Car 0.0000 0.0000 0.0000 584.0000 165.0000 618.0000 190.0000 1.4607 1.6176 3.8891 -0.5043 0.9657 44.7485 1.4373 0.9986
Car 0.0000 0.0000 0.0000 -46.0000 184.0000 62.0000 231.0000 1.5425 1.6726 3.9188 -22.0282 1.9421 26.5272 1.2804 0.9976
Car 0.0000 0.0000 0.0000 722.0000 164.0000 776.0000 211.0000 1.6962 1.7399 4.0987 5.4128 1.3533 28.2987 -1.4638 0.9969
Car 0.0000 0.0000 0.0000 547.0000 166.0000 598.0000 215.0000 1.7149 1.7296 4.3348 -1.3879 1.4511 27.2684 1.5238 0.9961
Car 0.0000 0.0000 0.0000 839.0000 160.0000 1010.0000 220.0000 1.7355 1.6950 4.4757 9.5521 1.3562 22.0638 0.0437 0.9958
Car 0.0000 0.0000 0.0000 629.0000 161.0000 656.0000 187.0000 1.9064 1.8141 4.2157 2.5523 0.9909 55.1994 1.5586 0.9908
Car 0.0000 0.0000 0.0000 1138.0000 149.0000 1286.0000 202.0000 1.9303 1.8648 4.7582 23.8493 1.0388 28.7492 1.5633 0.9647
