Car 0.0000 0.0000 0.0000 162.0000 191.0000 378.0000 304.0000 1.5664 1.7382 4.3669 -5.7066 1.9108 12.7346 1.5708 0.9999
Car 0.0000 0.0000 0.0000 333.0000 189.0000 437.0000 256.0000 1.4777 1.6069 3.6482 -5.6591 1.8962 18.5315 1.5467 0.9999
Car 0.0000 0.0000 0.0000 1097.0000 126.0000 1591.0000 267.0000 1.4862 1.6294 4.0401 8.3955 1.0063 8.5781 0.0695 0.9998
Car 0.0000 0.0000 0.0000 687.0000 181.0000 765.0000 235.0000 1.4874 1.6201 3.8764 3.5234 1.7275 22.3950 1.5228 0.9998
Car 0.0000 0.0000 0.0000 424.0000 186.0000 498.0000 231.0000 1.5481 1.7296 4.1530 -5.5659 2.0199 27.5949 1.5708 0.9998
Car 0.0000 0.0000 0.0000 738.0000 167.0000 905.0000 277.0000 1.5599 1.6451 3.8526 3.3674 1.4851 12.2652 1.5604 0.9997
Car 0.0000 0.0000 0.0000 1382.0000 110.0000 2209.0000 330.0000 1.5061 1.6178 3.8616 9.1061 1.0917 5.8500 0.0367 0.9996
Car 0.0000 0.0000 0.0000 653.0000 175.0000 696.0000 208.0000 1.5651 1.6293 3.6351 3.2544 1.6326 36.4755 1.5166 0.9996
Car 0.0000 0.0000 0.0000 -872.0000 211.0000 118.0000 592.0000 1.5135 1.6936 4.0478 -5.8466 1.8767 5.2440 1.5656 0.9995
Car 0.0000 0.0000 0.0000 496.0000 183.0000 532.0000 210.0000 1.5166 1.6856 4.0813 -5.5907 2.0714 42.8383 1.5512 0.9994
Car 0.0000 0.0000 0.0000 816.0000 180.0000 1263.0000 425.0000 1.5877 1.6746 3.9509 3.3936 1.6574 6.7416 1.5291 0.9993
Car 0.0000 0.0000 0.0000 921.0000 93.0000 1152.0000 197.0000 1.8623 1.7904 4.6359 8.6465 0.4255 15.2011 1.4832 0.9993
Car 0.0000 0.0000 0.0000 667.0000 177.0000 734.0000 221.0000 1.5587 1.6555 3.9670 3.4374 1.6874 27.8665 1.4520 0.9976
Car 0.0000 0.0000 0.0000 1887.0000 57.0000 3755.0000 473.0000 1.5061 1.6099 3.6759 9.5224 1.1071 3.4784 0.0393 0.9960
Car 0.0000 0.0000 0.0000 434.0000 175.0000 470.0000 200.0000 1.4883 1.6018 3.5209 -9.8810 1.5818 45.5582 1.5267 0.9637
