Car 0.0000 0.0000 0.0000 112.0000 193.0000 356.0000 318.0000 1.5437 1.7052 4.1004 -5.6847 1.8962 11.4927 1.5708 0.9999
Car 0.0000 0.0000 0.0000 315.0000 189.0000 427.0000 259.0000 1.4623 1.5990 3.6339 -5.6893 1.8485 17.5273 1.5445 0.9999
Car 0.0000 0.0000 0.0000 692.0000 180.0000 776.0000 237.0000 1.5067 1.6287 3.9080 3.5688 1.6943 21.2668 1.5247 0.9998
Car 0.0000 0.0000 0.0000 419.0000 185.0000 495.0000 233.0000 1.5848 1.7585 4.1822 -5.5255 2.0275 26.5346 1.5708 0.9997
Car 0.0000 0.0000 0.0000 1177.0000 128.0000 1793.0000 297.0000 1.5151 1.6431 4.1493 8.5965 1.1265 7.4205 0.0562 0.9997
Car 0.0000 0.0000 0.0000 750.0000 166.0000 939.0000 288.0000 1.5498 1.6306 3.7879 3.3660 1.4726 11.1415 1.5636 0.9997
Car 0.0000 0.0000 0.0000 1524.0000 116.0000 2677.0000 402.0000 1.5201 1.6319 3.9762 9.0394 1.2377 4.7134 0.0256 0.9993
Car 0.0000 0.0000 0.0000 492.0000 182.0000 529.0000 210.0000 1.4803 1.6640 4.0119 -5.6337 1.9795 41.5738 1.5544 0.9987
Car 0.0000 0.0000 0.0000 653.0000 177.0000 698.0000 209.0000 1.4761 1.5949 3.6420 3.2032 1.6214 35.4278 1.4978 0.9985
Car 0.0000 0.0000 0.0000 -1743.0000 214.0000 22.0000 830.0000 1.5279 1.7111 4.0758 -5.8820 1.8640 4.0803 1.5609 0.9982
Car 0.0000 0.0000 0.0000 937.0000 94.0000 1203.0000 209.0000 1.8759 1.7983 4.7087 8.6362 0.5796 14.1634 1.4509 0.9980
Car 0.0000 0.0000 0.0000 2291.0000 -45.0000 6709.0000 761.0000 1.4720 1.5985 3.7424 9.2356 1.0950 2.2450 0.0756 0.9980
Car 0.0000 0.0000 0.0000 670.0000 176.0000 735.0000 221.0000 1.5260 1.6261 3.8660 3.3763 1.6178 26.7923 1.4915 0.9977
Car 0.0000 0.0000 0.0000 851.0000 177.0000 1432.0000 478.0000 1.5423 1.6036 3.6798 3.4064 1.5827 5.6222 1.4902 0.9975
