Car 0.0000 0.0000 0.0000 447.0000 181.0000 498.0000 215.0000 1.5244 1.6816 3.9183 -6.5311 1.8555 34.7314 1.5708 0.9999
Car 0.0000 0.0000 0.0000 591.0000 171.0000 640.0000 214.0000 1.5807 1.6587 3.7169 0.1889 1.5026 28.9252 1.4945 0.9997
Car 0.0000 0.0000 0.0000 436.0000 179.0000 463.0000 195.0000 1.5216 1.6711 3.9915 -14.8773 1.9551 67.4191 1.5646 0.9985
Car 0.0000 0.0000 0.0000 757.0000 169.0000 925.0000 260.0000 1.5066 1.5575 3.5146 4.4689 1.4315 13.7361 -0.7645 0.9982
Car 0.0000 0.0000 0.0000 673.0000 172.0000 714.0000 210.0000 1.6103 1.7313 4.0757 3.8515 1.5369 32.3686 -1.4264 0.9979
Car 0.0000 0.0000 0.0000 896.0000 141.0000 1200.0000 372.0000 1.6026 1.6268 3.8290 4.3424 1.3795 6.9109 -0.7871 0.9974
Car 0.0000 0.0000 0.0000 459.0000 176.0000 491.0000 196.0000 1.5965 1.7485 4.3575 -10.9757 1.7819 59.4364 1.5708 0.9949
Car 0.0000 0.0000 0.0000 708.0000 173.0000 788.0000 231.0000 1.5431 1.6657 3.6999 4.1398 1.5283 21.1090 -1.2057 0.9918
Car 0.0000 0.0000 0.0000 790.0000 170.0000 987.0000 298.0000 1.4861 1.6623 4.1015 4.2050 1.4507 10.5079 -0.9362 0.9915
Car 0.0000 0.0000 0.0000 650.0000 176.0000 706.0000 206.0000 1.5242 1.6789 3.9776 3.7599 1.6282 38.6998 -1.1202 0.9858
Car 0.0000 0.0000 0.0000 519.0000 179.0000 541.0000 196.0000 1.4711 1.6251 3.6661 -7.3580 1.9645 67.5447 1.5708 0.9786
Car 0.0000 0.0000 0.0000 644.0000 166.0000 671.0000 190.0000 1.6926 1.7736 4.2873 3.6519 1.1491 53.1890 -1.4646 0.9736
