Car 0.0000 0.0000 0.0000 651.0000 176.0000 729.0000 236.0000 1.5380 1.6202 3.6619 2.1725 1.6040 20.2830 1.5311 0.9999
Car 0.0000 0.0000 0.0000 125.0000 179.0000 236.0000 225.0000 1.5257 1.6626 3.8953 -15.4216 1.7221 26.1410 1.5708 0.9999
Car 0.0000 0.0000 0.0000 -9.0000 187.0000 460.0000 488.0000 1.4676 1.6172 3.6521 -2.3745 1.5968 5.4672 1.5708 0.9998
Car 0.0000 0.0000 0.0000 341.0000 167.0000 519.0000 293.0000 1.4859 1.6225 3.8249 -2.4138 1.4287 10.5032 1.5708 0.9997
Car 0.0000 0.0000 0.0000 556.0000 171.0000 604.0000 217.0000 1.6396 1.6867 3.6819 -1.1249 1.5530 27.7434 1.5317 0.9996
Car 0.0000 0.0000 0.0000 633.0000 176.0000 684.0000 215.0000 1.5009 1.5820 3.7081 1.9642 1.5981 29.6012 1.5033 0.9971
Car 0.0000 0.0000 0.0000 -529.0000 175.0000 -110.0000 284.0000 1.5220 1.6588 4.1390 -15.1225 1.5534 12.1324 1.5708 0.9944
Car 0.0000 0.0000 0.0000 -413.0000 196.0000 58.0000 478.0000 1.5097 1.6220 3.8506 -6.1147 1.7450 6.1630 1.0546 0.9935
Car 0.0000 0.0000 0.0000 218.0000 179.0000 402.0000 252.0000 1.4860 1.6416 4.0656 -6.8534 1.6230 16.3665 0.4873 0.9919
Car 0.0000 0.0000 0.0000 362.0000 178.0000 475.0000 220.0000 1.5002 1.6292 3.8241 -7.1339 1.6595 26.8904 0.3466 0.9800
Car 0.0000 0.0000 0.0000 489.0000 171.0000 520.0000 199.0000 1.4854 1.6586 4.0895 -5.8295 1.3658 40.5081 1.4455 0.9727
Car 0.0000 0.0000 0.0000 451.0000 173.0000 504.0000 206.0000 1.5619 1.6098 3.5622 -6.6958 1.5237 36.2910 1.0808 0.9693
Car 0.0000 0.0000 0.0000 438.0000 167.0000 485.0000 208.0000 1.6313 1.7435 4.2453 -6.2134 1.3680 30.5966 1.4205 0.9672
