Car 0.0000 0.0000 0.0000 933.0000 172.0000 1421.0000 317.0000 1.4126 1.6447 3.9794 5.9120 1.4176 7.9596 0.0771 1.0000
Car 0.0000 0.0000 0.0000 234.0000 182.0000 448.0000 253.0000 1.4625 1.6586 4.2151 -5.9706 1.6791 16.2299 0.0463 0.9999
Car 0.0000 0.0000 0.0000 657.0000 180.0000 729.0000 233.0000 1.4857 1.6354 3.7705 2.5004 1.6976 22.4823 1.5262 0.9997
Car 0.0000 0.0000 0.0000 646.0000 177.0000 697.0000 215.0000 1.5683 1.6638 3.9464 2.6703 1.7031 31.5767 1.5081 0.9996
Car 0.0000 0.0000 0.0000 -199.0000 194.0000 252.0000 350.0000 1.4846 1.6317 3.8220 -6.3081 1.7470 7.9836 0.0754 0.9994
Car 0.0000 0.0000 0.0000 552.0000 176.0000 580.0000 201.0000 1.5549 1.7057 4.0491 -2.7445 1.6801 46.8651 1.5437 0.9994
Car 0.0000 0.0000 0.0000 -600.0000 210.0000 102.0000 445.0000 1.4395 1.5951 3.6020 -6.2634 1.7638 5.4936 0.0471 0.9994
Car 0.0000 0.0000 0.0000 -1949.0000 187.0000 -174.0000 699.0000 1.5092 1.6370 3.9966 -6.2054 1.5962 3.0396 0.0376 0.9986
Car 0.0000 0.0000 0.0000 351.0000 181.0000 491.0000 229.0000 1.4955 1.6446 4.1378 -6.1256 1.7500 23.6369 0.0603 0.9983
Car 0.0000 0.0000 0.0000 465.0000 181.0000 516.0000 219.0000 1.4594 1.6383 4.0658 -4.8965 1.7406 30.0849 1.5213 0.9971
Car 0.0000 0.0000 0.0000 -22.0000 185.0000 302.0000 301.0000 1.4797 1.5878 3.6396 -6.5655 1.6662 10.2436 0.0529 0.9964
Car 0.0000 0.0000 0.0000 285.0000 179.0000 459.0000 239.0000 1.5016 1.6247 4.1149 -6.2771 1.6537 19.2136 0.0879 0.9928
Car 0.0000 0.0000 0.0000 632.0000 173.0000 659.0000 196.0000 1.5191 1.6583 4.0112 2.5424 1.4523 50.2225 1.5708 0.9922
Car 0.0000 0.0000 0.0000 521.0000 172.0000 545.0000 196.0000 1.7362 1.7787 4.2559 -5.7724 1.6060 54.9717 1.4651 0.9720
Car 0.0000 0.0000 0.0000 365.0000 172.0000 463.0000 217.0000 1.5210 1.6023 3.7322 -7.1496 1.4818 26.1406 0.7077 0.9704
