Car 0.0000 0.0000 0.0000 16.0000 202.0000 437.0000 475.0000 1.4389 1.6060 3.7395 -2.7124 1.7440 6.0454 1.5498 0.9998
Car 0.0000 0.0000 0.0000 693.0000 187.0000 936.0000 338.0000 1.5198 1.6783 4.3575 2.3971 1.7283 9.7646 1.4744 0.9998
Car 0.0000 0.0000 0.0000 443.0000 173.0000 527.0000 202.0000 1.5275 1.6512 4.3192 -6.8587 1.4841 40.0223 0.0503 0.9991
Car 0.0000 0.0000 0.0000 252.0000 191.0000 428.0000 256.0000 1.4567 1.6276 3.7100 -6.5328 1.9115 17.6621 0.0298 0.9990
Car 0.0000 0.0000 0.0000 629.0000 187.0000 665.0000 215.0000 1.5578 1.7121 4.0856 2.2690 2.3671 43.5074 1.5231 0.9982
Car 0.0000 0.0000 0.0000 391.0000 187.0000 505.0000 228.0000 1.4871 1.6412 3.9894 -6.1797 2.0035 27.7651 0.1202 0.9946
Car 0.0000 0.0000 0.0000 519.0000 185.0000 543.0000 207.0000 1.5044 1.6653 4.0630 -5.6735 2.3129 52.6575 1.4642 0.9913
Car 0.0000 0.0000 0.0000 416.0000 198.0000 515.0000 236.0000 1.4682 1.5928 3.7345 -5.9336 2.4998 29.9524 0.0752 0.9911
Car 0.0000 0.0000 0.0000 416.0000 186.0000 505.0000 220.0000 1.5095 1.6226 3.7233 -6.7990 2.0771 33.1629 0.0768 0.9856
Car 0.0000 0.0000 0.0000 458.0000 190.0000 534.0000 219.0000 1.4609 1.5832 3.6519 -5.8773 2.3237 37.6862 0.1300 0.9834
Car 0.0000 0.0000 0.0000 449.0000 160.0000 479.0000 181.0000 1.5324 1.6793 3.9092 -10.9954 0.5404 55.0731 1.5215 0.9648
Car 0.0000 0.0000 0.0000 511.0000 174.0000 537.0000 193.0000 1.4871 1.6543 4.0127 -6.7618 1.5036 57.9377 1.5574 0.9609
