Car 0.0000 0.0000 0.0000 250.0000 179.0000 535.0000 360.0000 1.6253 1.7019 4.0091 -2.2598 1.6997 8.5955 -1.4179 0.9999
Car 0.0000 0.0000 0.0000 554.0000 179.0000 597.0000 214.0000 1.5373 1.6668 3.8911 -1.5262 1.7822 33.9659 1.5708 0.9999
Car 0.0000 0.0000 0.0000 699.0000 174.0000 754.0000 215.0000 1.5328 1.6632 3.7303 4.6603 1.5554 29.0051 1.5708 0.9999
Car 0.0000 0.0000 0.0000 795.0000 177.0000 1084.0000 355.0000 1.5095 1.6199 3.6109 3.2516 1.5600 7.9582 1.5708 0.9997
Car 0.0000 0.0000 0.0000 491.0000 183.0000 566.0000 238.0000 1.5493 1.6977 4.2751 -2.4755 1.8468 22.9238 1.5708 0.9996
Car 0.0000 0.0000 0.0000 924.0000 132.0000 1113.0000 214.0000 1.6266 1.6658 3.8751 9.0949 0.8023 16.4444 1.4075 0.9996
Car 0.0000 0.0000 0.0000 874.0000 195.0000 2129.0000 890.0000 1.4821 1.5903 3.5451 2.6177 1.6283 3.4100 1.5708 0.9995
Car 0.0000 0.0000 0.0000 1046.0000 127.0000 1265.0000 209.0000 1.6229 1.6574 3.8064 12.0429 0.7000 16.2402 1.4044 0.9984
Car 0.0000 0.0000 0.0000 848.0000 169.0000 940.0000 211.0000 1.5437 1.6042 3.7517 11.0505 1.3597 27.8512 -0.6457 0.9983
Car 0.0000 0.0000 0.0000 448.0000 180.0000 538.0000 248.0000 1.5349 1.6348 3.6869 -2.8435 1.6966 18.1884 1.5708 0.9982
Car 0.0000 0.0000 0.0000 129.0000 172.0000 177.0000 193.0000 1.5997 1.6651 3.7462 -36.3351 1.5006 57.5231 1.5096 0.9981
Car 0.0000 0.0000 0.0000 572.0000 169.0000 611.0000 203.0000 1.7092 1.7265 4.2287 -0.8816 1.4964 39.5365 1.5708 0.9978
Car 0.0000 0.0000 0.0000 809.0000 172.0000 898.0000 207.0000 1.5487 1.6510 3.8457 11.3502 1.4892 33.6385 0.2658 0.9852
Car 0.0000 0.0000 0.0000 650.0000 165.0000 699.0000 185.0000 1.4890 1.5628 3.5835 5.1552 0.8110 56.3411 0.2775 0.9766
Car 0.0000 0.0000 0.0000 819.0000 174.0000 902.0000 214.0000 1.5759 1.5969 3.6257 10.7496 1.5963 30.6998 -0.6598 0.9713
Car 0.0000 0.0000 0.0000 1196.0000 130.0000 1434.0000 213.0000 1.5610 1.6543 4.0278 14.9284 0.7523 15.6010 -1.4098 0.9666
