Car 0.0000 0.0000 0.0000 468.0000 185.0000 515.0000 220.0000 1.6321 1.7993 4.4861 -5.8958 2.2016 36.5526 1.5362 0.9999
Car 0.0000 0.0000 0.0000 665.0000 182.0000 750.0000 240.0000 1.5083 1.6401 3.8058 2.7127 1.7473 20.8352 1.4887 0.9997
Car 0.0000 0.0000 0.0000 -300.0000 210.0000 243.0000 485.0000 1.5218 1.6533 3.8055 -4.9844 1.9299 6.3983 1.4965 0.9994
Car 0.0000 0.0000 0.0000 871.0000 192.0000 1509.0000 513.0000 1.4933 1.6131 3.6959 3.5706 1.6687 5.4431 1.4759 0.9992
Car 0.0000 0.0000 0.0000 652.0000 179.0000 711.0000 225.0000 1.5610 1.6420 3.8155 2.5871 1.7653 26.5750 1.5378 0.9990
Car 0.0000 0.0000 0.0000 935.0000 171.0000 1103.0000 230.0000 1.4759 1.6426 3.8217 11.1278 1.4364 19.7169 0.5547 0.9952
Car 0.0000 0.0000 0.0000 834.0000 173.0000 955.0000 217.0000 1.5082 1.6423 3.9230 10.3950 1.4910 26.2861 0.4883 0.9944
Car 0.0000 0.0000 0.0000 209.0000 192.0000 255.0000 214.0000 1.6780 1.8370 4.3878 -31.4123 3.2653 60.2206 1.4983 0.9941
Car 0.0000 0.0000 0.0000 494.0000 188.0000 530.0000 217.0000 1.5521 1.6873 4.1124 -5.5449 2.3807 41.5619 1.5264 0.9930
Car 0.0000 0.0000 0.0000 635.0000 175.0000 663.0000 200.0000 1.7846 1.8052 4.3325 3.0597 1.8850 55.0739 1.5652 0.9814
Car 0.0000 0.0000 0.0000 1439.0000 158.0000 1971.0000 336.0000 1.5245 1.6657 4.0858 11.9173 1.4046 8.3779 -1.0687 0.9804
Car 0.0000 0.0000 0.0000 906.0000 173.0000 1057.0000 224.0000 1.5127 1.6453 3.9171 11.6426 1.5166 22.7822 0.1993 0.9761
