Car 0.0000 0.0000 0.0000 331.0000 181.0000 520.0000 315.0000 1.4768 1.6104 3.6854 -2.3260 1.5856 9.9052 1.5708 0.9999
Car 0.0000 0.0000 0.0000 200.0000 174.0000 293.0000 215.0000 1.6075 1.7310 4.3482 -15.4071 1.6265 30.8211 1.5708 0.9998
Car 0.0000 0.0000 0.0000 565.0000 172.0000 618.0000 220.0000 1.6468 1.6960 3.8876 -0.7260 1.6072 27.1629 1.4724 0.9998
Car 0.0000 0.0000 0.0000 433.0000 166.0000 546.0000 252.0000 1.5441 1.6370 3.8282 -2.3656 1.4144 14.9691 1.5708 0.9998
Car 0.0000 0.0000 0.0000 -194.0000 174.0000 41.0000 249.0000 1.4788 1.6483 3.8311 -15.1957 1.5066 16.2336 1.5708 0.9995
Car 0.0000 0.0000 0.0000 646.0000 178.0000 709.0000 228.0000 1.5910 1.7041 4.0232 2.2821 1.7441 25.0566 1.5471 0.9995
Car 0.0000 0.0000 0.0000 70.0000 180.0000 292.0000 304.0000 1.4929 1.6763 4.1518 -6.5590 1.6073 10.7606 0.7264 0.9984
Car 0.0000 0.0000 0.0000 562.0000 172.0000 596.0000 202.0000 1.5170 1.6569 3.9028 -1.5384 1.4242 37.8731 1.5472 0.9952
Car 0.0000 0.0000 0.0000 621.0000 178.0000 675.0000 211.0000 1.4759 1.6118 3.8552 1.7803 1.6731 34.0894 1.3579 0.9933
Car 0.0000 0.0000 0.0000 485.0000 170.0000 546.0000 198.0000 1.9517 1.7552 4.3430 -6.7681 1.6691 52.1336 0.6200 0.9912
Car 0.0000 0.0000 0.0000 487.0000 176.0000 534.0000 206.0000 1.6048 1.7118 4.0499 -5.7675 1.7639 41.8866 1.1702 0.9897
Car 0.0000 0.0000 0.0000 -2117.0000 181.0000 -468.0000 1025.0000 1.5155 1.6653 3.9074 -6.3177 1.5675 2.9595 0.4941 0.9777
Car 0.0000 0.0000 0.0000 516.0000 173.0000 552.0000 206.0000 1.5385 1.6729 4.0896 -3.7505 1.5308 36.6108 1.5027 0.9766
Car 0.0000 0.0000 0.0000 -3975.0000 -1663.0000 1334.0000 506.0000 1.4837 1.6124 4.0466 2.7242 1.5292 1.3858 1.5177 0.9764
