Car 0.0000 0.0000 0.0000 34.0000 187.0000 413.0000 404.0000 1.6074 1.7686 4.7017 -3.6811 1.7896 7.9501 1.5420 0.9999
Car 0.0000 0.0000 0.0000 364.0000 188.0000 482.0000 270.0000 1.4916 1.6046 3.6513 -3.8599 1.8178 15.4246 1.5620 0.9998
Car 0.0000 0.0000 0.0000 761.0000 151.0000 882.0000 195.0000 1.4712 1.6310 3.8721 7.4949 0.7184 25.7115 0.1064 0.9996
Car 0.0000 0.0000 0.0000 795.0000 165.0000 945.0000 216.0000 1.4876 1.6645 4.1216 8.0620 1.2500 22.5529 0.0541 0.9996
Car 0.0000 0.0000 0.0000 352.0000 189.0000 439.0000 242.0000 1.4725 1.6276 3.7183 -6.6366 1.9760 22.6570 1.5708 0.9994
Car 0.0000 0.0000 0.0000 647.0000 177.0000 698.0000 218.0000 1.5620 1.6234 3.5204 2.5240 1.6936 29.4507 1.5288 0.9993
Car 0.0000 0.0000 0.0000 482.0000 186.0000 516.0000 213.0000 1.5399 1.7047 4.2175 -6.8427 2.3487 45.1900 1.5194 0.9981
Car 0.0000 0.0000 0.0000 -236.0000 204.0000 187.0000 392.0000 1.4809 1.6034 3.6927 -6.6248 1.8913 8.0892 1.5312 0.9969
Car 0.0000 0.0000 0.0000 731.0000 166.0000 827.0000 201.0000 1.4632 1.6119 3.8801 7.4168 1.1450 31.7520 0.0476 0.9964
Car 0.0000 0.0000 0.0000 453.0000 173.0000 484.0000 193.0000 1.4824 1.6594 4.0692 -10.8004 1.4114 55.5704 1.5488 0.9857
Car 0.0000 0.0000 0.0000 440.0000 186.0000 494.0000 221.0000 1.5318 1.6497 3.8220 -6.6057 2.0996 33.8259 1.5708 0.9696
Car 0.0000 0.0000 0.0000 1036.0000 145.0000 1163.0000 187.0000 1.7331 1.6780 4.3670 21.5870 0.5448 31.8209 0.1221 0.9608
