Car 0.0000 0.0000 0.0000 287.0000 196.0000 435.0000 298.0000 1.4904 1.6180 3.6456 -4.3399 1.9345 13.0261 1.5076 0.9999
Car 0.0000 0.0000 0.0000 -112.0000 203.0000 361.0000 483.0000 1.5324 1.6958 4.0754 -3.6878 1.8710 6.4212 1.5037 0.9999
Car 0.0000 0.0000 0.0000 480.0000 184.0000 509.0000 210.0000 1.5534 1.7319 4.2232 -7.2525 2.2337 46.1151 1.4383 0.9999
Car 0.0000 0.0000 0.0000 648.0000 176.0000 752.0000 253.0000 1.5226 1.6087 3.4068 1.9128 1.5937 16.2566 1.4818 0.9998
Car 0.0000 0.0000 0.0000 419.0000 177.0000 488.0000 230.0000 1.6195 1.7301 4.2814 -5.2064 1.7350 24.4556 1.4883 0.9997
Car 0.0000 0.0000 0.0000 809.0000 196.0000 1305.0000 474.0000 1.5288 1.6317 3.9126 3.2065 1.7770 6.2557 1.4908 0.9994
Car 0.0000 0.0000 0.0000 717.0000 183.0000 912.0000 304.0000 1.5012 1.5927 3.7288 2.8803 1.6592 11.0638 1.4682 0.9993
Car 0.0000 0.0000 0.0000 604.0000 181.0000 653.0000 223.0000 1.5188 1.6615 4.0366 0.7069 1.8177 28.9214 1.5222 0.9991
Car 0.0000 0.0000 0.0000 -46159.0000 -14671.0000 1426.0000 501.0000 1.4325 1.5780 3.6877 3.3253 1.5884 1.7314 1.5300 0.9985
Car 0.0000 0.0000 0.0000 -326.0000 -2244.0000 4664.0000 565.0000 1.4833 1.6092 3.7244 -3.0318 1.6357 1.2848 1.4653 0.9933
Car 0.0000 0.0000 0.0000 601.0000 177.0000 644.0000 212.0000 1.5143 1.6118 3.6366 0.5945 1.6915 34.2185 1.4654 0.9778
