Car 0.0000 0.0000 0.0000 574.0000 164.0000 630.0000 216.0000 1.5415 1.6707 3.9959 -0.2259 1.2575 23.5513 1.5686 0.9998
Car 0.0000 0.0000 0.0000 664.0000 171.0000 713.0000 209.0000 1.6195 1.6961 3.8295 3.5743 1.5286 32.9241 1.5519 0.9996
Car 0.0000 0.0000 0.0000 246.0000 173.0000 445.0000 277.0000 1.4960 1.6541 4.0214 -4.7115 1.5123 12.4444 0.7767 0.9995
Car 0.0000 0.0000 0.0000 426.0000 165.0000 500.0000 218.0000 1.5735 1.6526 3.9465 -4.9390 1.3320 23.8631 1.1700 0.9979
Car 0.0000 0.0000 0.0000 -521.0000 143.0000 -76.0000 269.0000 1.6832 1.7279 4.4723 -14.4447 1.2886 11.9517 1.5708 0.9978
Car 0.0000 0.0000 0.0000 -183.0000 151.0000 242.0000 450.0000 1.5412 1.6587 4.0058 -4.7094 1.4475 5.5750 0.6509 0.9960
Car 0.0000 0.0000 0.0000 201.0000 173.0000 326.0000 237.0000 1.4734 1.6059 3.8490 -8.8520 1.4711 18.7535 1.5109 0.9957
Car 0.0000 0.0000 0.0000 756.0000 -10.0000 1218.0000 335.0000 2.7258 2.1269 5.8719 3.5932 1.2792 8.6413 1.5052 0.9951
Car 0.0000 0.0000 0.0000 269.0000 174.0000 465.0000 253.0000 1.5476 1.6308 3.7866 -5.2241 1.5704 15.4724 0.3439 0.9949
Car 0.0000 0.0000 0.0000 -29.0000 87.0000 227.0000 200.0000 1.6956 1.7021 4.1767 -8.8776 0.4003 12.9879 1.5628 0.9911
Car 0.0000 0.0000 0.0000 719.0000 172.0000 854.0000 255.0000 1.5529 1.6354 4.1295 3.6539 1.5396 15.6743 1.4990 0.9905
Car 0.0000 0.0000 0.0000 479.0000 163.0000 523.0000 203.0000 1.5412 1.6749 4.1745 -4.4531 1.1399 29.9182 1.4508 0.9901
Car 0.0000 0.0000 0.0000 590.0000 164.0000 626.0000 196.0000 1.4710 1.6329 3.7942 -0.0722 1.0341 35.0468 1.5598 0.9897
Car 0.0000 0.0000 0.0000 -1899.0000 134.0000 -557.0000 395.0000 1.5445 1.6390 3.9509 -14.2528 1.3282 6.2849 1.5500 0.9847
Car 0.0000 0.0000 0.0000 -1789.0000 168.0000 -192.0000 1151.0000 1.4744 1.6497 3.9683 -5.0282 1.4925 2.7273 0.4825 0.9765
Car 0.0000 0.0000 0.0000 638.0000 167.0000 667.0000 192.0000 1.7177 1.7410 4.1248 3.1963 1.2510 53.1874 1.5323 0.9765
