Car 0.0000 0.0000 0.0000 748.0000 166.0000 1022.0000 335.0000 1.6037 1.6757 4.0353 3.0086 1.5492 8.9237 1.5242 0.9999
Car 0.0000 0.0000 0.0000 627.0000 173.0000 658.0000 198.0000 1.5073 1.6229 3.6675 2.1389 1.4794 46.5597 1.5156 0.9996
Car 0.0000 0.0000 0.0000 253.0000 182.0000 449.0000 253.0000 1.4429 1.6134 3.6932 -5.5918 1.6398 15.7951 0.0392 0.9995
Car 0.0000 0.0000 0.0000 405.0000 166.0000 517.0000 205.0000 1.5274 1.6671 4.2540 -6.0995 1.2544 29.8392 0.0649 0.9995
Car 0.0000 0.0000 0.0000 702.0000 173.0000 784.0000 208.0000 1.5543 1.5604 3.7236 6.3060 1.5485 34.2094 0.9421 0.9991
Car 0.0000 0.0000 0.0000 343.0000 176.0000 468.0000 222.0000 1.5181 1.6312 3.9191 -7.1060 1.6130 25.3063 0.0397 0.9989
Car 0.0000 0.0000 0.0000 -9.0000 174.0000 326.0000 285.0000 1.4836 1.6222 3.9791 -6.5424 1.5135 10.6503 0.0285 0.9979
Car 0.0000 0.0000 0.0000 119.0000 178.0000 363.0000 268.0000 1.4940 1.5883 3.6027 -6.5632 1.5886 13.0099 0.0253 0.9964
Car 0.0000 0.0000 0.0000 262.0000 179.0000 433.0000 241.0000 1.4988 1.6283 3.7586 -6.5988 1.6364 18.2960 0.0970 0.9919
Car 0.0000 0.0000 0.0000 382.0000 179.0000 486.0000 221.0000 1.5046 1.5680 3.4903 -6.6200 1.7227 27.2849 0.2734 0.9901
Car 0.0000 0.0000 0.0000 -377.0000 124.0000 189.0000 354.0000 1.5013 1.6767 4.1162 -5.9047 1.1878 6.8479 1.4651 0.9734
Car 0.0000 0.0000 0.0000 67.0000 136.0000 367.0000 306.0000 1.5409 1.6178 3.6500 -4.2596 1.2160 8.4497 1.5397 0.9714
Car 0.0000 0.0000 0.0000 -1004.0000 82.0000 223.0000 616.0000 1.4907 1.6003 3.5066 -3.8158 1.2511 3.7840 1.5645 0.9677
