Car 0.0000 0.0000 0.0000 572.0000 173.0000 627.0000 225.0000 1.5414 1.6573 3.7260 -0.3154 1.5262 23.4822 1.5668 0.9999
Car 0.0000 0.0000 0.0000 703.0000 180.0000 801.0000 245.0000 1.4787 1.6239 3.8899 3.5343 1.6537 18.6084 1.5396 0.9999
Car 0.0000 0.0000 0.0000 435.0000 179.0000 536.0000 214.0000 1.4626 1.6430 3.9782 -5.3632 1.7037 31.2450 0.3335 0.9995
Car 0.0000 0.0000 0.0000 -12.0000 167.0000 160.0000 229.0000 1.5570 1.6865 4.1780 -14.8372 1.3952 20.2537 1.5708 0.9995
Car 0.0000 0.0000 0.0000 95.0000 169.0000 271.0000 248.0000 1.4995 1.6421 3.8160 -9.0586 1.4194 15.6412 1.5450 0.9992
Car 0.0000 0.0000 0.0000 295.0000 177.0000 466.0000 257.0000 1.5013 1.6482 3.9095 -5.0023 1.5912 15.4211 0.6938 0.9992
Car 0.0000 0.0000 0.0000 97.0000 180.0000 338.0000 330.0000 1.5143 1.6691 4.1726 -5.3035 1.6195 9.4031 0.7930 0.9988
Car 0.0000 0.0000 0.0000 594.0000 173.0000 636.0000 210.0000 1.5531 1.6555 3.6506 0.2182 1.5492 33.1246 1.5150 0.9972
Car 0.0000 0.0000 0.0000 -5289.0000 -1842.0000 1596.0000 563.0000 1.5086 1.6234 3.8180 3.6945 1.6579 1.2606 1.4995 0.9946
Car 0.0000 0.0000 0.0000 -1846.0000 194.0000 -258.0000 603.0000 1.4901 1.6263 3.7396 -8.7402 1.6652 4.6436 1.5708 0.9935
Car 0.0000 0.0000 0.0000 647.0000 181.0000 695.0000 213.0000 1.6391 1.7152 4.2410 3.2806 2.0191 38.9831 1.4502 0.9929
Car 0.0000 0.0000 0.0000 459.0000 154.0000 497.0000 179.0000 1.6230 1.7055 3.9398 -8.6424 0.3482 47.8291 1.5708 0.9889
Car 0.0000 0.0000 0.0000 -2690.0000 -2381.0000 7849.0000 1812.0000 1.4978 1.5727 3.9315 -5.0548 1.5473 1.5250 0.7988 0.9871
Car 0.0000 0.0000 0.0000 -761.0000 161.0000 -239.0000 297.0000 1.5030 1.6152 3.7693 -14.7944 1.3817 10.0190 1.4793 0.9797
Car 0.0000 0.0000 0.0000 530.0000 174.0000 558.0000 198.0000 1.4612 1.6103 4.0363 -4.2201 1.4858 46.4863 1.4343 0.9638
Car 0.0000 0.0000 0.0000 -3787.0000 78.0000 -928.0000 525.0000 1.5586 1.6416 3.9394 -14.7157 1.2403 4.5053 1.5608 0.9632
Car 0.0000 0.0000 0.0000 375.0000 173.0000 417.0000 197.0000 1.5096 1.6654 4.0074 -14.5536 1.4979 49.3659 1.5708 0.9628
