Car 0.0000 0.0000 0.0000 -161.0000 189.0000 311.0000 338.0000 1.5149 1.6907 4.3285 -6.0447 1.7201 8.4079 0.0383 0.9999
Car 0.0000 0.0000 0.0000 652.0000 181.0000 728.0000 227.0000 1.4610 1.6123 3.7084 2.6966 1.7152 24.9382 1.3924 0.9996
Car 0.0000 0.0000 0.0000 636.0000 182.0000 677.0000 217.0000 1.4980 1.6301 3.7037 2.2180 1.9149 34.2004 1.5565 0.9994
Car 0.0000 0.0000 0.0000 312.0000 193.0000 467.0000 249.0000 1.4730 1.6468 3.8977 -6.2285 2.0574 20.5853 0.0615 0.9994
Car 0.0000 0.0000 0.0000 884.0000 176.0000 1148.0000 280.0000 1.4846 1.5935 3.7459 6.7625 1.5474 12.4629 1.1441 0.9993
Car 0.0000 0.0000 0.0000 386.0000 190.0000 491.0000 230.0000 1.4471 1.5967 3.5745 -6.5085 2.0776 27.5813 0.1038 0.9984
Car 0.0000 0.0000 0.0000 -468.0000 203.0000 142.0000 418.0000 1.4625 1.6158 3.7524 -6.3459 1.7473 6.0941 0.1131 0.9983
Car 0.0000 0.0000 0.0000 492.0000 187.0000 533.0000 218.0000 1.5215 1.6810 3.9502 -5.2051 2.2847 39.1511 1.5677 0.9974
Car 0.0000 0.0000 0.0000 508.0000 180.0000 539.0000 203.0000 1.5046 1.6599 3.8045 -5.7781 1.9332 49.0554 1.5621 0.9907
Car 0.0000 0.0000 0.0000 199.0000 187.0000 397.0000 261.0000 1.4919 1.6088 3.7130 -6.8166 1.8054 15.8639 0.1475 0.9891
Car 0.0000 0.0000 0.0000 137.0000 185.0000 369.0000 272.0000 1.4852 1.6078 3.7536 -6.7276 1.7276 13.6650 0.1983 0.9869
Car 0.0000 0.0000 0.0000 362.0000 191.0000 480.0000 235.0000 1.4488 1.5812 3.7086 -6.5921 2.0805 25.3516 0.1169 0.9822
Car 0.0000 0.0000 0.0000 686.0000 170.0000 742.0000 190.0000 1.5145 1.6392 4.3356 8.2332 1.2160 56.4912 0.1056 0.9815
Car 0.0000 0.0000 0.0000 402.0000 189.0000 500.0000 225.0000 1.4988 1.6526 3.9814 -7.1057 2.2266 32.5107 0.1046 0.9785
Car 0.0000 0.0000 0.0000 2433.0000 8.0000 6791.0000 616.0000 1.5287 1.6492 3.7660 14.2715 1.1343 3.4844 0.5451 0.9759
Car 0.0000 0.0000 0.0000 -1151.0000 227.0000 -115.0000 589.0000 1.4387 1.5920 3.7708 -6.7079 1.7967 4.0850 0.1199 0.9732
