Car 0.0000 0.0000 0.0000 591.0000 180.0000 644.0000 229.0000 1.5548 1.6553 3.5229 0.2685 1.7556 24.5094 1.5708 0.9997
Car 0.0000 0.0000 0.0000 276.0000 174.0000 470.0000 267.0000 1.5041 1.6295 3.9119 -4.5614 1.5372 13.5521 0.6980 0.9994
Car 0.0000 0.0000 0.0000 998.0000 172.0000 1284.0000 259.0000 1.4267 1.6438 3.8664 9.3379 1.4138 12.9040 0.0169 0.9994
Car 0.0000 0.0000 0.0000 -155.0000 182.0000 64.0000 259.0000 1.4841 1.6297 3.7628 -14.3926 1.6791 16.1012 1.5208 0.9984
Car 0.0000 0.0000 0.0000 121.0000 171.0000 235.0000 222.0000 1.5360 1.6262 3.8026 -14.2790 1.4788 24.0756 1.5414 0.9980
Car 0.0000 0.0000 0.0000 -140.0000 178.0000 277.0000 441.0000 1.5117 1.6303 3.8898 -4.6449 1.5676 5.9407 0.6109 0.9971
Car 0.0000 0.0000 0.0000 -6068.0000 -1801.0000 1715.0000 524.0000 1.6318 1.6515 3.7486 4.0636 1.5238 1.3140 1.5578 0.9968
Car 0.0000 0.0000 0.0000 208.0000 184.0000 296.0000 224.0000 1.4839 1.6428 3.9192 -14.4034 1.8901 29.2342 1.5603 0.9964
Car 0.0000 0.0000 0.0000 -11.0000 170.0000 222.0000 273.0000 1.4713 1.5834 3.5801 -8.3329 1.4375 12.2673 1.5350 0.9941
Car 0.0000 0.0000 0.0000 304.0000 172.0000 487.0000 248.0000 1.5758 1.6389 3.7997 -4.8757 1.5571 16.3435 0.4116 0.9938
Car 0.0000 0.0000 0.0000 435.0000 168.0000 508.0000 219.0000 1.5697 1.6904 4.3019 -4.7599 1.4012 24.3813 1.2024 0.9930
Car 0.0000 0.0000 0.0000 -610.0000 162.0000 13.0000 369.0000 1.4903 1.5943 3.6452 -8.1948 1.4267 7.0890 1.5496 0.9912
Car 0.0000 0.0000 0.0000 318.0000 171.0000 398.0000 219.0000 1.4811 1.6018 3.7483 -8.4024 1.4044 24.3470 1.5084 0.9885
Car 0.0000 0.0000 0.0000 640.0000 166.0000 668.0000 193.0000 2.1279 1.9728 4.9897 3.8548 1.5338 61.5193 1.5646 0.9878
Car 0.0000 0.0000 0.0000 521.0000 172.0000 561.0000 204.0000 1.5796 1.7002 4.2266 -3.4834 1.4922 37.3990 1.5623 0.9846
