Car 0.0000 0.0000 0.0000 418.0000 191.0000 466.0000 224.0000 1.5924 1.7680 4.1876 -8.9473 2.5313 38.7990 1.5283 0.9999
Car 0.0000 0.0000 0.0000 606.0000 184.0000 671.0000 236.0000 1.5138 1.6666 3.9614 0.8795 1.8809 23.8211 1.4906 0.9999
Car 0.0000 0.0000 0.0000 750.0000 193.0000 1031.0000 366.0000 1.5110 1.6104 3.6376 2.9577 1.7808 8.5165 1.4777 0.9998
Car 0.0000 0.0000 0.0000 -1528.0000 230.0000 97.0000 957.0000 1.4669 1.6315 3.9212 -4.7474 1.9179 3.8095 1.4239 0.9993
Car 0.0000 0.0000 0.0000 590.0000 185.0000 643.0000 225.0000 1.4847 1.6163 3.7966 0.2227 1.9510 29.4622 1.4342 0.9989
Car 0.0000 0.0000 0.0000 -36.0000 214.0000 270.0000 390.0000 1.4893 1.6073 3.6542 -5.6329 2.0678 8.7673 1.4419 0.9988
Car 0.0000 0.0000 0.0000 578.0000 183.0000 603.0000 204.0000 1.5440 1.7083 4.1436 -1.4780 2.3217 58.0697 1.4809 0.9982
Car 0.0000 0.0000 0.0000 -5049.0000 -1392.0000 1588.0000 578.0000 1.6960 1.6416 3.9151 3.7569 1.3794 1.2515 1.4815 0.9965
Car 0.0000 0.0000 0.0000 -205.0000 207.0000 -63.0000 249.0000 1.4822 1.6734 4.0191 -28.6299 2.7987 27.7216 0.1024 0.9964
Car 0.0000 0.0000 0.0000 822.0000 172.0000 958.0000 221.0000 1.5087 1.6452 3.9994 9.1577 1.4724 23.5412 0.4489 0.9962
Car 0.0000 0.0000 0.0000 1456.0000 150.0000 1742.0000 300.0000 1.5529 1.5960 3.6995 12.4129 1.3129 9.3129 -0.7848 0.9952
Car 0.0000 0.0000 0.0000 1182.0000 163.0000 1374.0000 275.0000 1.5452 1.6885 4.0691 10.9975 1.4099 12.1714 -0.9936 0.9941
Car 0.0000 0.0000 0.0000 158.0000 197.0000 200.0000 217.0000 1.5315 1.7316 4.1782 -36.0043 3.5214 60.4264 1.3898 0.9925
Car 0.0000 0.0000 0.0000 808.0000 174.0000 920.0000 217.0000 1.4997 1.6326 3.7308 9.3234 1.5408 26.6201 0.2536 0.9777
Car 0.0000 0.0000 0.0000 1723.0000 99.0000 2742.0000 320.0000 1.5418 1.6573 3.8236 13.1431 1.0465 6.2096 0.1935 0.9733
Car 0.0000 0.0000 0.0000 213.0000 191.0000 273.0000 220.0000 1.5459 1.6872 4.0406 -21.4948 2.6114 42.4209 1.5092 0.9601
