Car 0.0000 0.0000 0.0000 273.0000 184.0000 495.0000 342.0000 1.5301 1.6432 3.7189 -2.5621 1.6710 8.9834 1.5593 0.9999
Car 0.0000 0.0000 0.0000 516.0000 182.0000 556.0000 217.0000 1.5590 1.6930 3.8531 -3.4588 1.9360 34.6220 1.5364 0.9999
Car 0.0000 0.0000 0.0000 674.0000 187.0000 825.0000 293.0000 1.4722 1.6063 3.7529 2.1910 1.7271 12.3611 1.5051 0.9999
Car 0.0000 0.0000 0.0000 756.0000 195.0000 1103.0000 412.0000 1.4847 1.5803 3.3866 2.6784 1.7315 6.9742 1.4695 0.9998
Car 0.0000 0.0000 0.0000 403.0000 164.0000 523.0000 255.0000 1.5237 1.6167 3.6557 -2.7422 1.3799 14.1189 1.5695 0.9998
Car 0.0000 0.0000 0.0000 541.0000 175.0000 574.0000 206.0000 1.5977 1.6768 3.8251 -2.8066 1.6830 39.8107 1.5438 0.9998
Car 0.0000 0.0000 0.0000 640.0000 178.0000 702.0000 228.0000 1.5030 1.6136 3.6799 1.9775 1.6550 23.9629 1.5397 0.9997
Car 0.0000 0.0000 0.0000 457.0000 183.0000 542.0000 246.0000 1.4945 1.6435 3.8673 -2.8857 1.7681 19.5566 1.5708 0.9995
Car 0.0000 0.0000 0.0000 660.0000 177.0000 751.0000 242.0000 1.5401 1.5921 3.6030 2.4332 1.6464 19.1292 1.4743 0.9990
Car 0.0000 0.0000 0.0000 593.0000 182.0000 626.0000 202.0000 1.6150 1.7298 4.1789 0.0856 2.3301 61.4305 -1.2915 0.9955
Car 0.0000 0.0000 0.0000 -4003.0000 -1648.0000 1407.0000 536.0000 1.4321 1.5566 3.5865 2.6147 1.4497 1.1789 1.5127 0.9889
Car 0.0000 0.0000 0.0000 563.0000 180.0000 592.0000 205.0000 1.5283 1.6431 3.8981 -2.0304 1.9089 45.9314 1.4746 0.9840
