Car 0.0000 0.0000 0.0000 686.0000 170.0000 824.0000 263.0000 1.6148 1.7017 4.0855 2.7519 1.5650 14.6814 1.4993 0.9998
Car 0.0000 0.0000 0.0000 318.0000 178.0000 476.0000 232.0000 1.5110 1.6528 4.1950 -6.2590 1.6555 21.4331 0.0201 0.9997
Car 0.0000 0.0000 0.0000 101.0000 193.0000 386.0000 291.0000 1.4794 1.6513 3.9584 -6.0251 1.8361 12.0434 0.0685 0.9996
Car 0.0000 0.0000 0.0000 -47.0000 182.0000 312.0000 304.0000 1.4602 1.6290 3.7827 -6.2309 1.5915 9.5864 0.0665 0.9996
Car 0.0000 0.0000 0.0000 190.0000 187.0000 409.0000 268.0000 1.4720 1.6154 3.6528 -6.0616 1.7589 14.2696 0.0510 0.9995
Car 0.0000 0.0000 0.0000 658.0000 181.0000 719.0000 227.0000 1.5181 1.6106 3.6136 2.7525 1.7785 25.8186 1.5221 0.9992
Car 0.0000 0.0000 0.0000 670.0000 180.0000 750.0000 238.0000 1.4832 1.5634 3.5592 2.7333 1.6627 20.3260 1.5176 0.9982
Car 0.0000 0.0000 0.0000 401.0000 160.0000 478.0000 207.0000 1.4789 1.6218 3.6535 -5.7109 1.0512 24.5774 1.5708 0.9980
Car 0.0000 0.0000 0.0000 639.0000 182.0000 679.0000 214.0000 1.5283 1.6820 4.1131 2.5611 1.9768 37.9415 1.5397 0.9975
Car 0.0000 0.0000 0.0000 279.0000 188.0000 443.0000 249.0000 1.5060 1.6109 3.7715 -6.5234 1.8946 19.0833 0.0198 0.9974
Car 0.0000 0.0000 0.0000 230.0000 182.0000 420.0000 250.0000 1.4931 1.6276 3.8116 -6.5975 1.6918 16.8636 0.0983 0.9969
Car 0.0000 0.0000 0.0000 475.0000 182.0000 515.0000 213.0000 1.5069 1.6657 4.1261 -5.9452 1.9042 37.1858 1.3268 0.9957
Car 0.0000 0.0000 0.0000 530.0000 171.0000 549.0000 188.0000 1.5524 1.6492 3.7551 -6.5448 1.2744 68.4469 1.5220 0.9931
Car 0.0000 0.0000 0.0000 491.0000 170.0000 528.0000 201.0000 1.7268 1.7880 4.2992 -5.7822 1.5257 42.1415 1.5158 0.9926
Car 0.0000 0.0000 0.0000 539.0000 178.0000 561.0000 197.0000 1.4932 1.6381 3.9638 -4.8252 1.7933 59.0288 1.4667 0.9918
Car 0.0000 0.0000 0.0000 625.0000 177.0000 656.0000 200.0000 1.5095 1.6735 4.1133 2.1058 1.7023 48.5758 1.5087 0.9830
Car 0.0000 0.0000 0.0000 398.0000 175.0000 504.0000 215.0000 1.5271 1.6245 3.7898 -6.2996 1.5734 28.7189 0.2553 0.9827
