Car 0.0000 0.0000 0.0000 402.0000 188.0000 462.0000 232.0000 1.5079 1.6560 3.6524 -6.5992 2.0535 27.1605 1.4836 0.9999
Car 0.0000 0.0000 0.0000 122.0000 195.0000 355.0000 325.0000 1.5078 1.6770 4.1725 -5.4098 1.8930 11.0959 1.5008 0.9999
Car 0.0000 0.0000 0.0000 611.0000 181.0000 685.0000 237.0000 1.5150 1.6230 3.5449 1.0721 1.7334 21.7253 1.4608 0.9999
Car 0.0000 0.0000 0.0000 -343.0000 193.0000 234.0000 476.0000 1.4815 1.6141 3.6583 -4.7209 1.6791 5.8885 1.4668 0.9998
Car 0.0000 0.0000 0.0000 712.0000 172.0000 944.0000 318.0000 1.5497 1.6234 3.6669 2.6112 1.5511 9.6199 1.4594 0.9997
Car 0.0000 0.0000 0.0000 967.0000 198.0000 4014.0000 1768.0000 1.4889 1.5910 3.5706 3.0238 1.6311 2.5674 1.4998 0.9996
Car 0.0000 0.0000 0.0000 564.0000 178.0000 594.0000 202.0000 1.4943 1.6747 4.2006 -2.0062 1.7618 47.5950 1.4570 0.9991
Car 0.0000 0.0000 0.0000 427.0000 178.0000 473.0000 214.0000 1.6863 1.7994 4.5496 -7.9485 1.9096 36.3246 1.4531 0.9984
Car 0.0000 0.0000 0.0000 582.0000 181.0000 626.0000 218.0000 1.5142 1.6148 3.6494 -0.2681 1.8483 31.7928 1.4833 0.9983
Car 0.0000 0.0000 0.0000 472.0000 188.0000 493.0000 206.0000 1.5155 1.6870 4.0742 -11.5097 2.8371 65.8812 1.4263 0.9709
