Car 0.0000 0.0000 0.0000 445.0000 165.0000 604.0000 282.0000 1.6600 1.7010 3.8627 -1.2716 1.5482 12.1854 -1.4230 0.9999
Car 0.0000 0.0000 0.0000 620.0000 165.0000 661.0000 202.0000 1.5133 1.6394 3.7589 1.4271 1.1442 31.5990 -1.4775 0.9998
Car 0.0000 0.0000 0.0000 -47.0000 175.0000 477.0000 481.0000 1.4991 1.5965 3.7059 -2.4143 1.5245 5.4630 -1.4319 0.9998
Car 0.0000 0.0000 0.0000 863.0000 197.0000 1542.0000 593.0000 1.4980 1.5901 3.2968 2.9079 1.6901 4.5319 1.5708 0.9997
Car 0.0000 0.0000 0.0000 772.0000 180.0000 845.0000 242.0000 1.4976 1.6393 3.1825 5.2113 1.6788 19.1891 -1.3627 0.9988
Car 0.0000 0.0000 0.0000 467.0000 168.0000 583.0000 212.0000 1.4965 1.6335 3.8911 -3.0008 1.3069 25.9772 0.0952 0.9977
Car 0.0000 0.0000 0.0000 758.0000 183.0000 822.0000 234.0000 1.5255 1.6181 3.5414 5.8518 1.8286 23.6518 -1.4362 0.9976
Car 0.0000 0.0000 0.0000 644.0000 170.0000 681.0000 200.0000 1.5464 1.6567 4.0188 2.9867 1.3776 39.5584 -1.4084 0.9939
Car 0.0000 0.0000 0.0000 735.0000 170.0000 763.0000 190.0000 1.4852 1.6439 3.9474 10.7881 1.1867 55.4802 1.5708 0.9924
Car 0.0000 0.0000 0.0000 -272.0000 -1693.0000 6719.0000 549.0000 1.4994 1.5758 3.4650 -3.0830 1.2558 1.1539 -1.4655 0.9832
Car 0.0000 0.0000 0.0000 773.0000 169.0000 801.0000 191.0000 1.4899 1.6205 3.9124 13.1005 1.1839 53.0400 -1.4170 0.9802
