Car 0.0000 0.0000 0.0000 435.0000 187.0000 499.0000 229.0000 1.5470 1.6957 4.2402 -5.7694 2.1160 29.6652 1.5708 0.9999
Car 0.0000 0.0000 0.0000 369.0000 188.0000 456.0000 246.0000 1.5482 1.6849 3.9006 -5.9382 2.0173 22.1409 1.5491 0.9998
Car 0.0000 0.0000 0.0000 -607.0000 222.0000 147.0000 551.0000 1.5334 1.6937 3.8679 -5.8485 2.0470 5.8492 1.5408 0.9998
Car 0.0000 0.0000 0.0000 100.0000 200.0000 331.0000 325.0000 1.4902 1.6492 3.8676 -5.8899 1.9614 11.2871 1.5241 0.9998
Car 0.0000 0.0000 0.0000 887.0000 139.0000 1084.0000 202.0000 1.4862 1.6333 4.0415 9.3047 0.6742 18.1079 0.1137 0.9997
Car 0.0000 0.0000 0.0000 674.0000 173.0000 743.0000 225.0000 1.5705 1.6554 3.9011 3.2055 1.5516 23.9945 1.5536 0.9995
Car 0.0000 0.0000 0.0000 276.0000 194.0000 405.0000 275.0000 1.5029 1.6180 3.6921 -5.8745 2.0066 16.1389 1.5372 0.9992
Car 0.0000 0.0000 0.0000 662.0000 173.0000 714.0000 215.0000 1.5971 1.6341 3.7542 3.1515 1.5624 29.4171 1.5549 0.9987
Car 0.0000 0.0000 0.0000 771.0000 164.0000 886.0000 210.0000 1.5746 1.6420 3.6879 7.7718 1.2423 25.7648 0.1255 0.9974
Car 0.0000 0.0000 0.0000 463.0000 187.0000 513.0000 222.0000 1.5715 1.7281 3.9971 -5.9364 2.2349 35.7515 1.5708 0.9956
Car 0.0000 0.0000 0.0000 1424.0000 131.0000 1700.0000 200.0000 1.5431 1.6411 4.1068 22.7328 0.5904 17.3280 0.0914 0.9949
Car 0.0000 0.0000 0.0000 1301.0000 142.0000 1514.0000 201.0000 1.5431 1.6894 3.9802 22.5275 0.7138 20.4490 0.0701 0.9926
Car 0.0000 0.0000 0.0000 1176.0000 137.0000 1335.0000 186.0000 1.6369 1.6666 3.9274 23.1008 0.4094 25.8667 0.2119 0.9891
Car 0.0000 0.0000 0.0000 845.0000 142.0000 1001.0000 201.0000 1.5891 1.6405 3.7919 8.9270 0.7494 20.7385 0.1203 0.9887
Car 0.0000 0.0000 0.0000 814.0000 158.0000 949.0000 210.0000 1.5827 1.6149 3.7941 8.6302 1.1065 23.1352 0.1707 0.9862
Car 0.0000 0.0000 0.0000 762.0000 140.0000 830.0000 179.0000 1.6310 1.6719 4.1165 8.2737 0.2327 32.2447 1.4855 0.9839
Car 0.0000 0.0000 0.0000 475.0000 178.0000 501.0000 196.0000 1.5211 1.6831 4.0106 -10.5315 1.8705 63.1440 1.5327 0.9626
