Car 0.0000 0.0000 0.0000 1090.0000 165.0000 1267.0000 284.0000 1.5921 1.6968 3.6366 8.9097 1.4849 11.5984 -1.0483 0.9990
Car 0.0000 0.0000 0.0000 -30.0000 222.0000 136.0000 298.0000 1.4635 1.6541 4.0580 -13.3204 2.6962 17.1487 0.5044 0.9986
Car 0.0000 0.0000 0.0000 287.0000 200.0000 626.0000 374.0000 1.4448 1.6530 4.1208 -1.9724 1.7909 8.3155 0.7091 0.9982
Car 0.0000 0.0000 0.0000 1448.0000 151.0000 1766.0000 265.0000 1.5609 1.6743 4.0985 16.1146 1.2556 11.9865 -1.0044 0.9980
Car 0.0000 0.0000 0.0000 228.0000 212.0000 369.0000 350.0000 1.5449 1.6903 4.2521 -4.9551 2.2604 11.4369 1.1572 0.9974
Car 0.0000 0.0000 0.0000 1591.0000 112.0000 2334.0000 348.0000 1.6498 1.6861 3.9527 12.3315 1.2280 7.1547 -1.0173 0.9967
Car 0.0000 0.0000 0.0000 -2825.0000 222.0000 -373.0000 1411.0000 1.4596 1.5698 3.8407 -5.7328 1.7585 2.8954 0.7565 0.9961
Car 0.0000 0.0000 0.0000 1350.0000 150.0000 1521.0000 214.0000 1.6252 1.6928 4.1714 23.0471 1.0299 20.3072 -1.1065 0.9941
Car 0.0000 0.0000 0.0000 70.0000 217.0000 253.0000 312.0000 1.4778 1.6946 4.1157 -9.0450 2.4191 14.3674 0.6369 0.9919
Car 0.0000 0.0000 0.0000 -93.0000 224.0000 47.0000 278.0000 1.5228 1.6801 3.8985 -22.3093 3.4306 25.5857 1.5414 0.9892
Car 0.0000 0.0000 0.0000 30.0000 208.0000 98.0000 237.0000 1.5196 1.6999 3.8424 -33.7638 3.7317 44.7271 1.4363 0.9862
Car 0.0000 0.0000 0.0000 1056.0000 150.0000 1231.0000 230.0000 1.5177 1.6156 3.6656 11.4444 1.0845 15.7588 -1.3851 0.9693
