Car 0.0000 0.0000 0.0000 -243.0000 193.0000 80.0000 310.0000 1.4612 1.6004 3.6396 -10.5478 1.8064 11.3652 1.5708 0.9998
Car 0.0000 0.0000 0.0000 55.0000 183.0000 242.0000 263.0000 1.6225 1.7320 4.2047 -10.5787 1.8404 16.9002 1.5596 0.9997
Car 0.0000 0.0000 0.0000 591.0000 178.0000 638.0000 219.0000 1.5752 1.7038 3.7623 0.1732 1.7597 29.9581 1.5125 0.9993
Car 0.0000 0.0000 0.0000 747.0000 158.0000 938.0000 233.0000 1.5261 1.6308 3.8300 5.0500 1.2303 16.0030 0.2582 0.9974
Car 0.0000 0.0000 0.0000 777.0000 167.0000 962.0000 264.0000 1.4968 1.5843 3.6088 4.7016 1.3891 12.8426 -0.7362 0.9971
Car 0.0000 0.0000 0.0000 683.0000 171.0000 808.0000 222.0000 1.5110 1.6231 3.7273 4.2011 1.4551 22.6269 0.1191 0.9970
Car 0.0000 0.0000 0.0000 944.0000 171.0000 978.0000 193.0000 1.6041 1.7378 4.0197 26.7604 1.3675 54.8125 -1.2594 0.9960
Car 0.0000 0.0000 0.0000 531.0000 181.0000 551.0000 197.0000 1.4756 1.6617 3.9491 -6.5233 2.1925 69.6650 1.5496 0.9958
Car 0.0000 0.0000 0.0000 733.0000 174.0000 825.0000 237.0000 1.5193 1.6068 3.7449 4.4413 1.5358 19.3591 1.5708 0.9950
Car 0.0000 0.0000 0.0000 656.0000 175.0000 684.0000 199.0000 1.5155 1.6558 3.9961 4.1569 1.5891 48.4767 -1.4234 0.9678
Car 0.0000 0.0000 0.0000 241.0000 188.0000 299.0000 218.0000 1.5581 1.7080 4.1676 -19.8058 2.4345 42.2436 1.4888 0.9668
