Car 0.0000 0.0000 0.0000 181.0000 193.0000 373.0000 303.0000 1.5251 1.6806 4.2107 -5.6297 1.9066 12.7473 1.5058 0.9998
Car 0.0000 0.0000 0.0000 599.0000 182.0000 666.0000 233.0000 1.5070 1.6100 3.5626 0.6704 1.7799 23.4044 1.4411 0.9998
Car 0.0000 0.0000 0.0000 689.0000 167.0000 866.0000 287.0000 1.5613 1.6265 3.6194 2.4118 1.4912 11.3441 1.4736 0.9997
Car 0.0000 0.0000 0.0000 399.0000 190.0000 458.0000 231.0000 1.4894 1.6608 3.7825 -7.1384 2.1473 28.7917 1.4944 0.9996
Car 0.0000 0.0000 0.0000 863.0000 191.0000 1730.0000 661.0000 1.5164 1.6065 3.5693 2.9639 1.6529 4.2488 1.5285 0.9996
Car 0.0000 0.0000 0.0000 -96.0000 196.0000 274.0000 400.0000 1.4647 1.5983 3.5488 -4.9071 1.7422 7.3789 1.4361 0.9994
Car 0.0000 0.0000 0.0000 574.0000 184.0000 612.0000 218.0000 1.4529 1.6100 3.5313 -0.7792 1.9338 33.4605 1.5088 0.9992
Car 0.0000 0.0000 0.0000 426.0000 182.0000 465.0000 214.0000 1.5685 1.7167 4.2490 -8.5041 2.0028 37.7136 1.4005 0.9949
Car 0.0000 0.0000 0.0000 446.0000 187.0000 476.0000 210.0000 1.5312 1.6980 4.1134 -10.5926 2.4711 51.7942 1.4740 0.9871
Car 0.0000 0.0000 0.0000 717.0000 176.0000 845.0000 223.0000 1.4405 1.6059 3.7783 5.4330 1.5247 23.1503 0.0600 0.9833
Car 0.0000 0.0000 0.0000 740.0000 131.0000 804.0000 171.0000 1.5365 1.6192 3.6523 6.8950 -0.1687 30.7427 1.4876 0.9683
Car 0.0000 0.0000 0.0000 556.0000 184.0000 582.0000 208.0000 1.5124 1.6801 4.1559 -2.7752 2.2143 49.2952 1.4937 0.9654
