Car 0.0000 0.0000 0.0000 348.0000 190.0000 469.0000 272.0000 1.5254 1.6600 3.8336 -4.3083 1.9165 15.9547 1.5587 0.9999
Car 0.0000 0.0000 0.0000 699.0000 175.0000 744.0000 213.0000 1.6547 1.7712 4.3355 5.3342 1.7377 34.5101 1.5708 0.9998
Car 0.0000 0.0000 0.0000 870.0000 188.0000 1499.0000 492.0000 1.5091 1.6640 4.2626 3.7252 1.6557 5.8662 1.5612 0.9994
Car 0.0000 0.0000 0.0000 586.0000 181.0000 609.0000 202.0000 1.6316 1.7616 4.1069 -0.8542 2.1636 57.5092 1.5708 0.9994
Car 0.0000 0.0000 0.0000 422.0000 184.0000 508.0000 244.0000 1.5578 1.6983 4.1408 -4.1458 1.8607 21.1786 1.5697 0.9993
Car 0.0000 0.0000 0.0000 499.0000 182.0000 550.0000 222.0000 1.5674 1.6763 3.9018 -3.5304 1.9372 30.7142 1.5708 0.9987
Car 0.0000 0.0000 0.0000 465.0000 186.0000 531.0000 233.0000 1.5448 1.6854 4.0917 -3.9512 1.9949 26.2123 1.5708 0.9977
Car 0.0000 0.0000 0.0000 1661.0000 172.0000 3341.0000 487.0000 1.4637 1.6625 4.0521 11.4428 1.4787 5.1861 0.6175 0.9956
Car 0.0000 0.0000 0.0000 7.0000 195.0000 187.0000 251.0000 1.4759 1.6517 3.9770 -14.5086 2.1019 20.4952 0.0181 0.9855
Car 0.0000 0.0000 0.0000 -4090.0000 -1421.0000 1753.0000 616.0000 1.4722 1.5427 3.4170 3.5882 1.5792 0.9499 1.5060 0.9815
