Car 0.0000 0.0000 0.0000 507.0000 177.0000 541.0000 208.0000 1.5710 1.6953 4.0613 -4.5440 1.7507 38.8447 1.4890 0.9996
Car 0.0000 0.0000 0.0000 577.0000 177.0000 598.0000 195.0000 1.5315 1.6946 4.0800 -1.8024 1.7894 63.0247 1.5629 0.9992
Car 0.0000 0.0000 0.0000 615.0000 175.0000 634.0000 192.0000 1.5402 1.6787 3.6410 1.4704 1.6977 68.4171 1.5693 0.9991
Car 0.0000 0.0000 0.0000 1179.0000 151.0000 1333.0000 195.0000 1.5059 1.6648 4.0231 23.5066 0.7285 26.2583 0.0473 0.9982
Car 0.0000 0.0000 0.0000 653.0000 170.0000 678.0000 190.0000 1.5244 1.6761 3.9842 4.4356 1.2231 56.6114 1.5708 0.9981
Car 0.0000 0.0000 0.0000 1064.0000 152.0000 1184.0000 187.0000 1.5115 1.6872 4.1890 23.4884 0.5745 32.9591 0.0599 0.9978
Car 0.0000 0.0000 0.0000 708.0000 167.0000 815.0000 206.0000 1.4961 1.6325 4.0095 6.1070 1.2619 29.1553 0.0464 0.9974
Car 0.0000 0.0000 0.0000 947.0000 157.0000 1029.0000 183.0000 1.4820 1.6190 4.0050 22.5444 0.5365 42.8918 0.1221 0.9949
Car 0.0000 0.0000 0.0000 688.0000 170.0000 737.0000 189.0000 1.5665 1.6575 4.0083 8.8220 1.2664 61.1814 0.0771 0.9877
Car 0.0000 0.0000 0.0000 1123.0000 156.0000 1260.0000 196.0000 1.5399 1.6497 4.0047 23.3473 0.8636 28.9750 0.1084 0.9865
Car 0.0000 0.0000 0.0000 847.0000 157.0000 889.0000 181.0000 1.8027 1.7556 4.2087 20.5290 0.5273 57.0743 1.5708 0.9691
