Car 0.0000 0.0000 0.0000 365.0000 170.0000 465.0000 232.0000 1.5069 1.6552 3.8739 -5.1743 1.4233 19.5702 1.5705 0.9999
Car 0.0000 0.0000 0.0000 233.0000 179.0000 424.0000 289.0000 1.4719 1.6244 3.8696 -4.3463 1.5637 11.7114 1.5632 0.9998
Car 0.0000 0.0000 0.0000 -234.0000 182.0000 152.0000 320.0000 1.4825 1.6474 4.0674 -8.4459 1.6045 9.8988 1.5708 0.9996
Car 0.0000 0.0000 0.0000 577.0000 174.0000 617.0000 210.0000 1.5537 1.6705 3.7345 -0.6189 1.5662 33.3382 1.5175 0.9996
Car 0.0000 0.0000 0.0000 217.0000 179.0000 341.0000 242.0000 1.5042 1.6485 3.7266 -8.7637 1.6596 19.4124 1.5708 0.9991
Car 0.0000 0.0000 0.0000 -425.0000 171.0000 -29.0000 295.0000 1.4956 1.6142 3.7262 -11.9938 1.4873 10.7165 1.5430 0.9984
Car 0.0000 0.0000 0.0000 -5041.0000 199.0000 61.0000 1922.0000 1.4526 1.6458 4.0212 -4.4319 1.6074 2.6757 1.5590 0.9980
Car 0.0000 0.0000 0.0000 460.0000 169.0000 520.0000 218.0000 1.7096 1.7266 3.8497 -4.4550 1.5483 27.4147 1.5469 0.9944
Car 0.0000 0.0000 0.0000 361.0000 167.0000 428.0000 208.0000 1.5399 1.6793 3.9997 -8.6391 1.2892 29.2610 1.5239 0.9931
Car 0.0000 0.0000 0.0000 481.0000 159.0000 534.0000 201.0000 1.7188 1.7193 4.2290 -4.4016 1.1329 31.7702 1.5708 0.9931
Car 0.0000 0.0000 0.0000 525.0000 172.0000 558.0000 196.0000 1.4816 1.6442 3.8127 -4.3133 1.3961 46.6411 1.5708 0.9773
Car 0.0000 0.0000 0.0000 432.0000 177.0000 468.0000 205.0000 1.5125 1.6616 4.0567 -9.0384 1.6852 41.2126 1.4432 0.9678
