Car 0.0000 0.0000 0.0000 200.0000 188.0000 250.0000 230.0000 1.5291 1.6837 4.0491 -15.5905 2.1190 29.1634 1.0627 0.9993
Car 0.0000 0.0000 0.0000 -66.0000 198.0000 10.0000 232.0000 1.5010 1.6599 3.8250 -31.7883 2.7635 36.0124 1.2006 0.9989
Car 0.0000 0.0000 0.0000 782.0000 175.0000 893.0000 243.0000 1.5160 1.6483 4.1029 5.6686 1.5711 18.4128 1.5708 0.9984
Car 0.0000 0.0000 0.0000 317.0000 196.0000 437.0000 270.0000 1.4780 1.6024 3.7451 -5.6232 2.0368 17.0858 0.9456 0.9983
Car 0.0000 0.0000 0.0000 -328.0000 207.0000 -80.0000 376.0000 1.4554 1.5966 3.8984 -9.6283 1.9268 8.7742 0.8316 0.9982
Car 0.0000 0.0000 0.0000 698.0000 168.0000 771.0000 230.0000 1.5365 1.6764 4.0551 3.5295 1.4063 19.8618 -1.3205 0.9982
Car 0.0000 0.0000 0.0000 373.0000 184.0000 472.0000 220.0000 1.5695 1.6499 4.0888 -8.6113 2.0705 33.3954 0.0794 0.9975
Car 0.0000 0.0000 0.0000 135.0000 184.0000 163.0000 205.0000 1.5459 1.6939 4.1037 -35.9457 2.3649 56.3690 1.0440 0.9968
Car 0.0000 0.0000 0.0000 455.0000 182.0000 729.0000 305.0000 1.5089 1.7138 4.3991 -0.4894 1.6569 11.1618 0.8116 0.9960
Car 0.0000 0.0000 0.0000 311.0000 184.0000 402.0000 214.0000 1.5111 1.6252 4.1894 -13.2894 2.0752 38.0020 0.0702 0.9773
