Car 0.0000 0.0000 0.0000 578.0000 167.0000 688.0000 237.0000 1.7057 1.6706 4.0133 0.7523 1.5581 19.7501 -1.1608 0.9999
Car 0.0000 0.0000 0.0000 162.0000 178.0000 453.0000 336.0000 1.5137 1.6204 3.7503 -3.3910 1.5682 8.8430 -1.4381 0.9999
Car 0.0000 0.0000 0.0000 977.0000 186.0000 3078.0000 1128.0000 1.5174 1.6104 3.6511 3.2612 1.5938 3.0241 1.5672 0.9997
Car 0.0000 0.0000 0.0000 796.0000 180.0000 1081.0000 348.0000 1.5130 1.6433 4.0549 3.4801 1.5963 8.5757 1.5708 0.9995
Car 0.0000 0.0000 0.0000 699.0000 166.0000 737.0000 193.0000 1.5556 1.7197 4.1652 6.7785 1.1206 44.4027 -1.2814 0.9994
Car 0.0000 0.0000 0.0000 164.0000 190.0000 209.0000 210.0000 1.5507 1.7135 3.9885 -35.5818 2.9604 60.8041 1.5029 0.9984
Car 0.0000 0.0000 0.0000 782.0000 165.0000 913.0000 256.0000 1.5161 1.6248 3.5568 4.3903 1.3930 13.8457 -1.4747 0.9984
Car 0.0000 0.0000 0.0000 952.0000 144.0000 1052.0000 194.0000 1.5901 1.6770 4.0058 13.5817 0.6481 25.1492 -1.4444 0.9984
Car 0.0000 0.0000 0.0000 193.0000 191.0000 238.0000 214.0000 1.6412 1.7884 4.3837 -31.6093 3.0902 58.0400 1.4296 0.9980
Car 0.0000 0.0000 0.0000 1027.0000 144.0000 1156.0000 195.0000 1.5832 1.6650 4.0105 16.1061 0.6671 24.3192 1.5708 0.9977
Car 0.0000 0.0000 0.0000 -343.0000 -46579.0000 157563.0000 500.0000 1.5337 1.6682 4.0118 -4.2139 1.7272 1.9179 1.5054 0.9976
Car 0.0000 0.0000 0.0000 649.0000 168.0000 707.0000 205.0000 1.5708 1.6930 4.3596 3.2787 1.3369 33.3227 -1.2440 0.9929
Car 0.0000 0.0000 0.0000 815.0000 169.0000 850.0000 199.0000 1.5068 1.6367 3.6943 11.7002 1.2519 37.8935 -1.2960 0.9840
Car 0.0000 0.0000 0.0000 787.0000 162.0000 809.0000 182.0000 1.7667 1.7893 4.2997 16.7248 0.7250 63.7373 -1.3337 0.9793
Car 0.0000 0.0000 0.0000 818.0000 157.0000 901.0000 225.0000 1.4949 1.6223 3.7358 6.0260 1.1341 17.7271 -1.3186 0.9766
