Car 0.0000 0.0000 0.0000 672.0000 176.0000 748.0000 232.0000 1.5311 1.6228 3.7516 2.9224 1.5964 21.6707 1.5412 0.9999
Car 0.0000 0.0000 0.0000 869.0000 206.0000 1835.0000 741.0000 1.5015 1.6054 3.6403 2.9847 1.7597 4.0847 1.5156 0.9998
Car 0.0000 0.0000 0.0000 115.0000 172.0000 391.0000 266.0000 1.5055 1.6440 4.0321 -6.1095 1.4988 12.5428 0.0716 0.9997
Car 0.0000 0.0000 0.0000 -617.0000 146.0000 163.0000 386.0000 1.5329 1.6595 4.1501 -6.0467 1.3836 5.5192 0.0261 0.9996
Car 0.0000 0.0000 0.0000 298.0000 175.0000 464.0000 232.0000 1.5088 1.6521 4.1328 -6.3535 1.5576 20.2060 0.1265 0.9995
Car 0.0000 0.0000 0.0000 748.0000 177.0000 974.0000 323.0000 1.5459 1.6085 3.6540 3.0176 1.5994 9.5261 1.5451 0.9994
Car 0.0000 0.0000 0.0000 652.0000 171.0000 694.0000 209.0000 1.5811 1.7058 3.9709 2.8249 1.4916 32.4450 1.5708 0.9992
Car 0.0000 0.0000 0.0000 368.0000 170.0000 496.0000 217.0000 1.5242 1.6437 4.0261 -6.1011 1.4172 25.0373 0.0326 0.9989
Car 0.0000 0.0000 0.0000 10.0000 184.0000 333.0000 302.0000 1.4701 1.5804 3.5243 -5.9246 1.6258 9.9190 0.0644 0.9965
Car 0.0000 0.0000 0.0000 433.0000 178.0000 524.0000 212.0000 1.5000 1.6048 3.7786 -5.9192 1.6935 32.8560 0.0589 0.9956
Car 0.0000 0.0000 0.0000 -216.0000 171.0000 237.0000 328.0000 1.4983 1.5862 3.6357 -6.2724 1.4914 7.7553 0.0370 0.9943
Car 0.0000 0.0000 0.0000 711.0000 170.0000 775.0000 191.0000 1.5209 1.6465 4.4686 9.8192 1.2260 52.8467 0.1254 0.9904
Car 0.0000 0.0000 0.0000 641.0000 165.0000 670.0000 189.0000 1.5149 1.6770 3.9862 3.1414 0.9534 47.8629 -1.4483 0.9865
Car 0.0000 0.0000 0.0000 -1660.0000 177.0000 -129.0000 626.0000 1.4848 1.5994 3.7681 -6.0542 1.5224 3.2417 0.0327 0.9844
Car 0.0000 0.0000 0.0000 541.0000 176.0000 567.0000 197.0000 1.7131 1.7973 4.3478 -4.5622 1.8830 60.4317 1.5708 0.9715
