Car 0.0000 0.0000 0.0000 769.0000 186.0000 973.0000 258.0000 1.4947 1.6879 4.0138 5.8029 1.7979 16.3547 0.0001 0.9998
Car 0.0000 0.0000 0.0000 635.0000 176.0000 678.0000 212.0000 1.6120 1.7038 3.9951 2.2435 1.7241 34.7762 1.5466 0.9997
Car 0.0000 0.0000 0.0000 1055.0000 157.0000 1796.0000 369.0000 1.4820 1.6424 4.0618 6.3213 1.3941 6.0858 0.1211 0.9997
Car 0.0000 0.0000 0.0000 736.0000 178.0000 902.0000 237.0000 1.4814 1.6644 3.9655 5.5031 1.6196 19.3078 0.0482 0.9996
Car 0.0000 0.0000 0.0000 859.0000 183.0000 1168.0000 286.0000 1.4677 1.6524 3.9038 6.1535 1.6398 11.3546 0.0482 0.9995
Car 0.0000 0.0000 0.0000 -162.0000 183.0000 285.0000 330.0000 1.4908 1.6552 4.0567 -6.1865 1.6220 8.3408 0.0727 0.9995
Car 0.0000 0.0000 0.0000 39.0000 182.0000 324.0000 287.0000 1.4274 1.5826 3.4641 -6.3873 1.5699 10.8496 0.1452 0.9994
Car 0.0000 0.0000 0.0000 221.0000 168.0000 423.0000 235.0000 1.5462 1.6677 4.3037 -7.0190 1.4239 17.7843 0.0408 0.9994
Car 0.0000 0.0000 0.0000 182.0000 178.0000 402.0000 256.0000 1.5284 1.6499 3.9344 -6.6387 1.6448 15.2497 0.0632 0.9992
Car 0.0000 0.0000 0.0000 934.0000 187.0000 1353.0000 330.0000 1.4934 1.6431 3.6944 6.0475 1.6731 8.5371 0.0361 0.9988
Car 0.0000 0.0000 0.0000 732.0000 174.0000 874.0000 227.0000 1.4882 1.6368 3.8533 5.7355 1.5184 21.6964 0.0536 0.9986
Car 0.0000 0.0000 0.0000 -584.0000 180.0000 92.0000 394.0000 1.4913 1.6202 3.8037 -6.7609 1.5610 5.9212 0.0522 0.9981
Car 0.0000 0.0000 0.0000 -1497.0000 196.0000 -77.0000 648.0000 1.5141 1.6346 3.9584 -5.9978 1.6589 3.4108 0.0624 0.9969
Car 0.0000 0.0000 0.0000 821.0000 183.0000 1062.0000 268.0000 1.5080 1.6636 3.8678 6.2571 1.7002 13.9283 0.0309 0.9968
Car 0.0000 0.0000 0.0000 392.0000 179.0000 499.0000 216.0000 1.4498 1.6345 3.9350 -6.5517 1.6543 29.0762 0.0224 0.9967
Car 0.0000 0.0000 0.0000 416.0000 178.0000 514.0000 214.0000 1.5191 1.6355 3.8926 -6.3277 1.7242 31.7746 0.2214 0.9932
Car 0.0000 0.0000 0.0000 683.0000 171.0000 742.0000 192.0000 1.6376 1.6739 4.5513 8.2177 1.4092 57.2082 0.0989 0.9836
Car 0.0000 0.0000 0.0000 403.0000 175.0000 456.0000 201.0000 1.4971 1.5888 3.7387 -10.6038 1.5650 42.7842 -1.3546 0.9819
Car 0.0000 0.0000 0.0000 -2463.0000 -1005.0000 1535.0000 561.0000 1.5251 1.6031 3.6794 2.7977 1.4607 0.9379 1.5437 0.9772
