Car 0.0000 0.0000 0.0000 477.0000 175.0000 518.0000 207.0000 1.5964 1.6719 3.7967 -5.9010 1.6635 37.7626 1.3013 0.9996
Car 0.0000 0.0000 0.0000 -375.0000 159.0000 141.0000 320.0000 1.4991 1.6321 3.9616 -7.4922 1.3912 7.6237 0.0534 0.9994
Car 0.0000 0.0000 0.0000 1254.0000 189.0000 1383.0000 228.0000 1.5200 1.6422 3.8116 30.7031 2.2065 31.3067 1.4584 0.9992
Car 0.0000 0.0000 0.0000 -1199.0000 149.0000 -170.0000 543.0000 1.5772 1.6573 3.9243 -7.5308 1.4958 4.9961 1.0620 0.9990
Car 0.0000 0.0000 0.0000 -3.0000 167.0000 260.0000 258.0000 1.5841 1.6168 3.9173 -9.0527 1.4921 13.7292 -0.0333 0.9988
Car 0.0000 0.0000 0.0000 165.0000 175.0000 328.0000 234.0000 1.5540 1.6201 3.7648 -10.0742 1.5996 20.0889 0.0963 0.9952
Car 0.0000 0.0000 0.0000 216.0000 174.0000 344.0000 227.0000 1.5659 1.6042 3.5968 -10.4798 1.5900 22.9890 -0.4337 0.9932
Car 0.0000 0.0000 0.0000 -3151.0000 188.0000 -621.0000 865.0000 1.5265 1.6139 3.8359 -7.5774 1.6047 2.5314 0.0439 0.9926
Car 0.0000 0.0000 0.0000 336.0000 167.0000 379.0000 205.0000 1.5160 1.6238 3.9554 -10.7490 1.2548 30.9181 1.2727 0.9781
Car 0.0000 0.0000 0.0000 1510.0000 186.0000 1819.0000 268.0000 1.5128 1.6580 3.8424 22.6989 1.8122 15.7914 -1.3278 0.9744
