Car 0.0000 0.0000 0.0000 -121.0000 169.0000 234.0000 304.0000 1.5651 1.6202 3.7811 -7.7416 1.5165 10.3273 -0.8928 0.9993
Car 0.0000 0.0000 0.0000 -795.0000 176.0000 27.0000 416.0000 1.4871 1.6440 3.9776 -6.9962 1.5253 5.3382 0.0358 0.9993
Car 0.0000 0.0000 0.0000 1120.0000 179.0000 1221.0000 211.0000 1.5617 1.6810 4.1511 29.4276 1.8262 37.8828 1.4237 0.9990
Car 0.0000 0.0000 0.0000 37.0000 177.0000 308.0000 269.0000 1.5116 1.6296 3.9005 -7.7329 1.5855 12.9271 0.0284 0.9984
Car 0.0000 0.0000 0.0000 473.0000 172.0000 510.0000 204.0000 1.7916 1.8012 4.2156 -6.9481 1.7271 43.0864 1.5030 0.9984
Car 0.0000 0.0000 0.0000 1092.0000 170.0000 2497.0000 574.0000 1.4535 1.6242 3.9026 4.8134 1.4661 3.4729 0.0394 0.9980
Car 0.0000 0.0000 0.0000 -414.0000 176.0000 126.0000 355.0000 1.5674 1.6119 3.6745 -7.5945 1.6066 7.6461 -0.2471 0.9968
Car 0.0000 0.0000 0.0000 928.0000 182.0000 1604.0000 405.0000 1.4768 1.6169 3.7513 4.7473 1.5596 5.7527 0.0986 0.9963
Car 0.0000 0.0000 0.0000 167.0000 175.0000 336.0000 238.0000 1.5518 1.5932 3.6714 -9.3747 1.6000 19.0570 -0.0998 0.9945
Car 0.0000 0.0000 0.0000 340.0000 162.0000 391.0000 190.0000 1.4786 1.6344 3.7521 -13.5491 0.8446 40.2611 1.5663 0.9753
