Car 0.0000 0.0000 0.0000 230.0000 155.0000 332.0000 207.0000 1.6420 1.7001 4.0380 -11.3001 1.0718 25.0633 1.5708 0.9997
Car 0.0000 0.0000 0.0000 708.0000 129.0000 841.0000 234.0000 2.0189 1.8328 4.6639 3.5106 1.1623 16.3036 1.5554 0.9997
Car 0.0000 0.0000 0.0000 588.0000 163.0000 660.0000 231.0000 1.5191 1.6160 3.5106 0.3287 1.2928 18.1120 1.5708 0.9996
Car 0.0000 0.0000 0.0000 37.0000 164.0000 211.0000 235.0000 1.4895 1.6142 3.6951 -11.3639 1.2919 17.1422 1.5708 0.9995
Car 0.0000 0.0000 0.0000 682.0000 169.0000 737.0000 211.0000 1.4783 1.6017 3.7243 3.6863 1.3091 27.0085 1.5708 0.9989
Car 0.0000 0.0000 0.0000 581.0000 164.0000 623.0000 202.0000 1.5159 1.6667 3.9517 -0.3004 1.1379 30.7564 1.5609 0.9982
Car 0.0000 0.0000 0.0000 386.0000 157.0000 481.0000 224.0000 1.5456 1.6188 3.8565 -4.6821 1.1735 18.6965 1.1239 0.9968
Car 0.0000 0.0000 0.0000 665.0000 161.0000 713.0000 197.0000 1.5853 1.6746 4.0297 3.7728 1.0235 34.3943 1.5349 0.9959
Car 0.0000 0.0000 0.0000 535.0000 163.0000 569.0000 188.0000 1.5170 1.7001 4.2157 -3.5447 0.8706 45.8968 1.5708 0.9956
Car 0.0000 0.0000 0.0000 497.0000 163.0000 546.0000 201.0000 1.5883 1.6745 4.1233 -4.0280 1.1522 32.7276 1.3199 0.9916
Car 0.0000 0.0000 0.0000 414.0000 170.0000 529.0000 221.0000 1.6002 1.6288 3.6050 -4.6831 1.5056 24.3291 0.4945 0.9824
