Car 0.0000 0.0000 0.0000 183.0000 181.0000 340.0000 256.0000 1.5148 1.6993 4.3954 -7.9435 1.6885 16.8903 1.5334 0.9998
Car 0.0000 0.0000 0.0000 779.0000 170.0000 898.0000 239.0000 1.5184 1.6521 4.0069 5.5513 1.4563 17.9976 1.5594 0.9996
Car 0.0000 0.0000 0.0000 436.0000 163.0000 504.0000 210.0000 1.4329 1.5886 3.8119 -4.5000 1.1061 23.7419 1.5457 0.9995
Car 0.0000 0.0000 0.0000 603.0000 164.0000 644.0000 198.0000 1.5275 1.6651 3.9483 0.6359 1.1018 34.8061 1.5172 0.9995
Car 0.0000 0.0000 0.0000 863.0000 159.0000 988.0000 224.0000 1.4806 1.5857 3.6110 7.9211 1.1551 18.4036 1.5685 0.9993
Car 0.0000 0.0000 0.0000 -239.0000 188.0000 15.0000 264.0000 1.5156 1.7116 4.4301 -16.9107 1.8892 17.2204 1.5554 0.9991
Car 0.0000 0.0000 0.0000 656.0000 157.0000 696.0000 187.0000 1.7557 1.7895 4.3243 4.1613 0.7805 45.2845 1.4962 0.9987
Car 0.0000 0.0000 0.0000 33.0000 182.0000 215.0000 262.0000 1.6299 1.7030 3.8500 -11.1824 1.8297 16.9111 1.5653 0.9975
Car 0.0000 0.0000 0.0000 958.0000 166.0000 1115.0000 233.0000 1.4973 1.5646 3.6033 10.5314 1.3369 18.0987 1.4822 0.9966
Car 0.0000 0.0000 0.0000 525.0000 159.0000 605.0000 238.0000 1.6356 1.6540 3.4807 -0.9634 1.3516 16.7900 1.5603 0.9952
Car 0.0000 0.0000 0.0000 -410.0000 194.0000 -164.0000 268.0000 1.4907 1.6201 3.5874 -21.3380 2.0279 17.3472 1.4858 0.9798
Car 0.0000 0.0000 0.0000 1022.0000 128.0000 1428.0000 272.0000 2.1430 1.7554 5.0066 9.8102 1.4870 11.8221 0.0556 0.9749
Car 0.0000 0.0000 0.0000 -28037.0000 -5443.0000 13310.0000 3576.0000 1.4985 1.6366 3.5301 6.9815 1.5258 1.7368 -1.2498 0.9745
