Car 0.0000 0.0000 0.0000 422.0000 179.0000 503.0000 232.0000 1.4735 1.6359 3.7881 -4.3977 1.6372 22.0133 1.5708 0.9999
Car 0.0000 0.0000 0.0000 472.0000 176.0000 521.0000 212.0000 1.4781 1.6446 4.0908 -4.9429 1.5957 32.0208 1.5453 0.9996
Car 0.0000 0.0000 0.0000 -92.0000 180.0000 211.0000 299.0000 1.5309 1.6642 4.0499 -8.3165 1.6323 11.3764 1.5708 0.9995
Car 0.0000 0.0000 0.0000 507.0000 178.0000 543.0000 205.0000 1.4421 1.6138 3.7431 -4.7852 1.6833 41.3432 1.5699 0.9994
Car 0.0000 0.0000 0.0000 371.0000 177.0000 436.0000 216.0000 1.5196 1.6555 3.8595 -8.5764 1.6445 30.3468 1.5628 0.9994
Car 0.0000 0.0000 0.0000 234.0000 163.0000 326.0000 207.0000 1.5182 1.6714 4.0026 -12.3649 1.1511 27.2694 1.5598 0.9994
Car 0.0000 0.0000 0.0000 218.0000 184.0000 430.0000 307.0000 1.4766 1.6401 3.8855 -4.0613 1.6521 10.8712 1.5708 0.9992
Car 0.0000 0.0000 0.0000 -701.0000 160.0000 -131.0000 310.0000 1.4900 1.6383 3.8849 -12.2878 1.3697 9.1147 1.5708 0.9987
Car 0.0000 0.0000 0.0000 230.0000 186.0000 356.0000 248.0000 1.4683 1.6494 3.9196 -8.4191 1.8071 19.4831 1.5708 0.9986
Car 0.0000 0.0000 0.0000 580.0000 179.0000 616.0000 212.0000 1.7361 1.7751 4.1491 -0.6440 1.9985 39.5092 1.5129 0.9938
Car 0.0000 0.0000 0.0000 357.0000 176.0000 407.0000 205.0000 1.4937 1.6619 3.8120 -12.5609 1.6357 40.0464 1.5476 0.9876
Car 0.0000 0.0000 0.0000 -1431.0000 187.0000 -154.0000 541.0000 1.4901 1.6218 3.7020 -8.1294 1.6078 4.9795 1.5708 0.9868
Car 0.0000 0.0000 0.0000 486.0000 172.0000 512.0000 191.0000 1.4898 1.6306 3.7367 -9.2675 1.3811 61.1152 1.5708 0.9759
