Car 0.0000 0.0000 0.0000 1367.0000 146.0000 1816.0000 311.0000 1.5595 1.6582 3.9181 11.4828 1.3064 8.9203 -1.1101 0.9996
Car 0.0000 0.0000 0.0000 977.0000 173.0000 1106.0000 277.0000 1.5720 1.7134 3.7659 7.5836 1.5763 12.9723 -1.0998 0.9995
Car 0.0000 0.0000 0.0000 1276.0000 170.0000 1462.0000 260.0000 1.5090 1.6413 3.8206 14.5870 1.4534 14.0880 -0.9922 0.9992
Car 0.0000 0.0000 0.0000 227.0000 202.0000 547.0000 368.0000 1.4398 1.6437 4.0485 -2.8267 1.8220 8.5580 0.6772 0.9992
Car 0.0000 0.0000 0.0000 1186.0000 160.0000 1309.0000 212.0000 1.5446 1.6630 4.0063 20.4692 1.1361 23.2838 -1.1995 0.9985
Car 0.0000 0.0000 0.0000 -161.0000 234.0000 34.0000 315.0000 1.4509 1.6519 3.8335 -15.1114 2.8977 16.1322 0.3512 0.9982
Car 0.0000 0.0000 0.0000 73.0000 219.0000 320.0000 345.0000 1.4519 1.6808 4.1908 -6.5187 2.2313 11.1415 0.6091 0.9979
Car 0.0000 0.0000 0.0000 -34.0000 222.0000 165.0000 319.0000 1.4645 1.6439 3.9803 -10.5244 2.4685 13.8157 0.5268 0.9965
Car 0.0000 0.0000 0.0000 1154.0000 167.0000 1246.0000 203.0000 1.5405 1.6656 3.8571 26.3131 1.2451 32.2121 -1.3176 0.9957
Car 0.0000 0.0000 0.0000 951.0000 169.0000 1105.0000 240.0000 1.5047 1.6370 3.7834 9.8503 1.4239 17.3048 1.5708 0.9809
Car 0.0000 0.0000 0.0000 982.0000 169.0000 1102.0000 217.0000 1.5048 1.6340 3.9956 14.7474 1.3559 24.8060 1.5573 0.9801
