Car 0.0000 0.0000 0.0000 493.0000 162.0000 551.0000 209.0000 1.6939 1.7333 4.4396 -3.3426 1.2826 28.2725 1.5708 0.9999
Car 0.0000 0.0000 0.0000 381.0000 176.0000 500.0000 255.0000 1.5123 1.6341 3.7008 -3.5849 1.5744 15.8290 1.5708 0.9999
Car 0.0000 0.0000 0.0000 -100.0000 182.0000 201.0000 301.0000 1.5236 1.6703 3.9843 -8.4761 1.6628 11.3952 1.5708 0.9998
Car 0.0000 0.0000 0.0000 211.0000 168.0000 354.0000 240.0000 1.5404 1.6711 4.0197 -7.7809 1.4355 17.5362 1.5700 0.9997
Car 0.0000 0.0000 0.0000 456.0000 178.0000 498.0000 206.0000 1.5512 1.7110 3.9186 -7.7869 1.8031 42.7514 1.5708 0.9997
Car 0.0000 0.0000 0.0000 68.0000 178.0000 223.0000 242.0000 1.5125 1.6437 3.8878 -12.1676 1.6359 19.1784 1.5707 0.9995
Car 0.0000 0.0000 0.0000 581.0000 172.0000 623.0000 213.0000 1.6614 1.7272 3.9280 -0.3538 1.6098 31.6273 1.5405 0.9992
Car 0.0000 0.0000 0.0000 -271.0000 178.0000 40.0000 280.0000 1.4638 1.5982 3.6563 -12.0079 1.5467 12.2654 1.5708 0.9986
Car 0.0000 0.0000 0.0000 -13735.0000 185.0000 252.0000 6193.0000 1.5041 1.6738 4.1678 -3.0024 1.5630 2.2951 1.5351 0.9983
Car 0.0000 0.0000 0.0000 340.0000 174.0000 419.0000 223.0000 1.4945 1.6643 4.0064 -7.6568 1.5312 24.2981 1.4990 0.9945
Car 0.0000 0.0000 0.0000 540.0000 168.0000 566.0000 196.0000 2.2449 1.9786 5.4429 -4.6571 1.8023 60.8652 1.5244 0.9807
Car 0.0000 0.0000 0.0000 -1522.0000 183.0000 -155.0000 565.0000 1.4694 1.6069 3.6448 -7.7399 1.5485 4.6897 1.5338 0.9771
