Car 0.0000 0.0000 0.0000 249.0000 166.0000 431.0000 272.0000 1.4761 1.6442 4.0901 -4.3662 1.3926 12.2780 1.5488 0.9999
Car 0.0000 0.0000 0.0000 603.0000 169.0000 682.0000 243.0000 1.5657 1.6643 3.6338 0.7793 1.4844 17.1794 1.5708 0.9998
Car 0.0000 0.0000 0.0000 124.0000 173.0000 258.0000 233.0000 1.5702 1.6784 4.0124 -12.2049 1.5791 21.2887 1.5595 0.9998
Car 0.0000 0.0000 0.0000 -212.0000 166.0000 161.0000 305.0000 1.5095 1.6387 3.8124 -8.1815 1.4397 9.7697 1.5708 0.9997
Car 0.0000 0.0000 0.0000 -829.0000 187.0000 204.0000 607.0000 1.4497 1.6083 3.7366 -4.4173 1.5627 4.4498 1.5708 0.9997
Car 0.0000 0.0000 0.0000 700.0000 184.0000 729.0000 204.0000 1.5894 1.7629 4.2224 9.2430 2.5285 63.0897 1.5516 0.9995
Car 0.0000 0.0000 0.0000 12.0000 179.0000 98.0000 211.0000 1.6110 1.6994 3.9822 -29.8485 1.9071 38.9418 1.5440 0.9992
Car 0.0000 0.0000 0.0000 644.0000 176.0000 679.0000 204.0000 1.4698 1.6078 3.7588 2.9738 1.5906 39.9862 -1.4045 0.9970
Car 0.0000 0.0000 0.0000 272.0000 179.0000 381.0000 235.0000 1.4830 1.6593 3.9610 -8.1706 1.6315 21.1406 1.5629 0.9936
Car 0.0000 0.0000 0.0000 262.0000 165.0000 350.0000 209.0000 1.5961 1.7579 4.2385 -11.8863 1.2908 28.4929 1.5530 0.9936
Car 0.0000 0.0000 0.0000 -683.0000 175.0000 -149.0000 319.0000 1.4732 1.6056 3.8066 -12.7315 1.5084 9.3986 1.5380 0.9902
