Car 0.0000 0.0000 0.0000 480.0000 172.0000 546.0000 224.0000 1.5695 1.7127 4.2833 -3.1604 1.5425 24.3138 1.5623 0.9998
Car 0.0000 0.0000 0.0000 421.0000 178.0000 473.0000 210.0000 1.5085 1.6664 4.0119 -8.1150 1.6992 36.3126 1.5708 0.9998
Car 0.0000 0.0000 0.0000 285.0000 165.0000 481.0000 292.0000 1.5327 1.6741 4.2226 -3.1619 1.4448 10.8635 1.5580 0.9998
Car 0.0000 0.0000 0.0000 -36.0000 175.0000 241.0000 292.0000 1.4990 1.6201 3.8030 -7.5559 1.5311 11.1903 1.5708 0.9998
Car 0.0000 0.0000 0.0000 -2515.0000 201.0000 296.0000 1547.0000 1.4996 1.6925 4.3011 -3.1044 1.6868 3.0542 1.5372 0.9995
Car 0.0000 0.0000 0.0000 272.0000 179.0000 348.0000 218.0000 1.5024 1.6637 4.0274 -12.4186 1.7204 30.1357 1.5216 0.9993
Car 0.0000 0.0000 0.0000 566.0000 178.0000 621.0000 228.0000 1.5103 1.6421 3.6040 -0.4897 1.6377 23.5368 1.5700 0.9991
Car 0.0000 0.0000 0.0000 65.0000 185.0000 233.0000 249.0000 1.5073 1.6831 4.0726 -12.3261 1.8426 19.5902 -1.4631 0.9970
Car 0.0000 0.0000 0.0000 467.0000 176.0000 497.0000 200.0000 1.5251 1.6639 3.8746 -8.6621 1.6900 49.5342 1.4888 0.9967
Car 0.0000 0.0000 0.0000 533.0000 169.0000 559.0000 192.0000 1.5430 1.6645 4.1089 -4.3572 1.2449 50.3832 1.5102 0.9964
Car 0.0000 0.0000 0.0000 317.0000 167.0000 410.0000 220.0000 1.5107 1.6821 4.1791 -7.6721 1.3213 22.8325 1.5203 0.9941
Car 0.0000 0.0000 0.0000 510.0000 177.0000 549.0000 207.0000 1.4645 1.6418 4.0356 -4.0774 1.6460 37.2919 1.5451 0.9929
Car 0.0000 0.0000 0.0000 388.0000 177.0000 421.0000 203.0000 1.4918 1.6562 4.0214 -12.8279 1.7241 45.3601 1.3792 0.9663
