Car 0.0000 0.0000 0.0000 583.0000 176.0000 637.0000 229.0000 1.6166 1.6712 3.4082 -0.0293 1.7013 24.0776 1.5517 0.9999
Car 0.0000 0.0000 0.0000 204.0000 169.0000 437.0000 280.0000 1.5362 1.6777 4.2493 -4.9219 1.4902 11.9065 0.6723 0.9998
Car 0.0000 0.0000 0.0000 640.0000 179.0000 665.0000 200.0000 1.4791 1.6520 3.8104 3.1883 1.8625 52.9695 1.5708 0.9991
Car 0.0000 0.0000 0.0000 -463.0000 167.0000 200.0000 603.0000 1.5381 1.6473 3.9051 -4.4371 1.5417 4.1763 0.4834 0.9987
Car 0.0000 0.0000 0.0000 656.0000 145.0000 735.0000 212.0000 2.3947 2.0171 5.5526 3.3152 1.3805 28.7728 1.4840 0.9986
Car 0.0000 0.0000 0.0000 316.0000 164.0000 455.0000 252.0000 1.6296 1.7286 4.2763 -4.9670 1.4593 15.4748 0.9941 0.9967
Car 0.0000 0.0000 0.0000 367.0000 179.0000 505.0000 231.0000 1.5346 1.6400 3.9473 -5.4488 1.7000 22.5789 0.3671 0.9957
Car 0.0000 0.0000 0.0000 377.0000 147.0000 437.0000 181.0000 1.5003 1.6399 3.7871 -9.4004 0.3062 33.7455 1.5708 0.9954
Car 0.0000 0.0000 0.0000 404.0000 179.0000 525.0000 226.0000 1.5324 1.6438 3.9672 -5.1187 1.7459 25.3978 0.4268 0.9932
Car 0.0000 0.0000 0.0000 582.0000 169.0000 616.0000 200.0000 1.4681 1.6243 3.6797 -0.5264 1.2669 36.9853 1.5461 0.9928
Car 0.0000 0.0000 0.0000 493.0000 175.0000 541.0000 211.0000 1.5219 1.6773 4.2199 -4.3055 1.6113 33.1225 1.3168 0.9926
Car 0.0000 0.0000 0.0000 -942.0000 181.0000 -81.0000 439.0000 1.4894 1.6332 3.8865 -8.5860 1.5655 6.2524 1.4571 0.9915
Car 0.0000 0.0000 0.0000 162.0000 182.0000 257.0000 229.0000 1.5477 1.6593 4.1461 -14.5400 1.8556 26.4372 1.4341 0.9904
Car 0.0000 0.0000 0.0000 1553.0000 167.0000 1732.0000 218.0000 1.5495 1.7116 4.0667 34.1269 1.3551 23.9517 -1.0829 0.9879
Car 0.0000 0.0000 0.0000 -2446.0000 -9705.0000 23252.0000 1026.0000 1.4580 1.6374 4.0046 -4.8171 1.6300 1.4900 0.4510 0.9675
