Car 0.0000 0.0000 0.0000 463.0000 182.0000 522.0000 223.0000 1.5743 1.6995 3.9504 -4.7751 1.9249 29.8951 1.5708 1.0000
Car 0.0000 0.0000 0.0000 660.0000 172.0000 718.0000 218.0000 1.5481 1.6358 3.4164 2.8324 1.5007 26.2824 1.5407 0.9998
Car 0.0000 0.0000 0.0000 335.0000 179.0000 470.0000 267.0000 1.6535 1.7534 3.9857 -4.3638 1.7811 15.7417 1.5708 0.9998
Car 0.0000 0.0000 0.0000 -94.0000 205.0000 337.0000 447.0000 1.4882 1.6568 3.6859 -4.0572 1.8505 6.7406 1.5320 0.9998
Car 0.0000 0.0000 0.0000 727.0000 180.0000 909.0000 305.0000 1.5073 1.6078 3.6070 2.8174 1.6105 10.6104 1.5708 0.9998
Car 0.0000 0.0000 0.0000 546.0000 187.0000 566.0000 205.0000 1.5286 1.7119 4.1056 -4.6906 2.6870 64.5550 1.4937 0.9991
Car 0.0000 0.0000 0.0000 512.0000 183.0000 542.0000 210.0000 1.5423 1.6949 4.2206 -5.1299 2.1468 45.4414 1.5068 0.9973
Car 0.0000 0.0000 0.0000 -3191.0000 -1263.0000 1516.0000 545.0000 1.4632 1.5844 3.6449 2.8768 1.4652 1.0790 1.5481 0.9953
Car 0.0000 0.0000 0.0000 634.0000 179.0000 655.0000 196.0000 1.5929 1.7215 4.1387 3.2682 2.0252 66.8294 1.5708 0.9919
Car 0.0000 0.0000 0.0000 554.0000 179.0000 586.0000 201.0000 1.5413 1.7154 4.2361 -2.9471 1.9404 54.0007 1.3486 0.9704
Car 0.0000 0.0000 0.0000 681.0000 153.0000 712.0000 177.0000 1.6949 1.7505 4.2635 6.7422 0.1768 55.5143 1.5387 0.9600
