Car 0.0000 0.0000 0.0000 761.0000 156.0000 961.0000 223.0000 1.4816 1.6569 4.1693 5.8564 1.0909 17.1554 0.0009 0.9999
Car 0.0000 0.0000 0.0000 438.0000 181.0000 500.0000 228.0000 1.5917 1.7270 4.2068 -5.1485 1.8474 26.8303 1.5082 0.9999
Car 0.0000 0.0000 0.0000 1059.0000 150.0000 1189.0000 190.0000 1.6246 1.6743 4.4085 22.2785 0.6380 31.2339 0.0171 0.9997
Car 0.0000 0.0000 0.0000 530.0000 176.0000 574.0000 210.0000 1.5934 1.7404 4.1795 -2.7912 1.7152 36.0861 1.5708 0.9993
Car 0.0000 0.0000 0.0000 650.0000 168.0000 682.0000 196.0000 1.6623 1.7236 4.0738 3.5034 1.3355 44.7678 1.5708 0.9991
Car 0.0000 0.0000 0.0000 602.0000 173.0000 624.0000 193.0000 1.4785 1.6158 3.6326 0.3371 1.4498 56.3993 1.5612 0.9989
Car 0.0000 0.0000 0.0000 470.0000 185.0000 517.0000 221.0000 1.5216 1.6990 4.1902 -5.2210 2.0390 33.0581 1.5160 0.9965
Car 0.0000 0.0000 0.0000 1280.0000 143.0000 1481.0000 199.0000 1.5644 1.6735 3.9671 22.7803 0.7033 21.3993 0.0854 0.9893
Car 0.0000 0.0000 0.0000 764.0000 165.0000 852.0000 197.0000 1.4846 1.6276 3.9835 9.7404 1.0856 35.4539 0.1196 0.9885
Car 0.0000 0.0000 0.0000 935.0000 156.0000 985.0000 182.0000 1.5170 1.6725 3.9674 22.0382 0.4570 45.2708 -1.4206 0.9876
Car 0.0000 0.0000 0.0000 893.0000 152.0000 947.0000 180.0000 1.6371 1.6571 3.7680 19.4666 0.3496 45.1932 1.5539 0.9861
Car 0.0000 0.0000 0.0000 491.0000 183.0000 531.0000 213.0000 1.5163 1.6521 3.9081 -5.2900 2.0191 39.2001 1.5708 0.9691
