Car 0.0000 0.0000 0.0000 346.0000 189.0000 482.0000 280.0000 1.5034 1.6562 3.9200 -3.7270 1.8254 14.3234 1.5640 0.9998
Car 0.0000 0.0000 0.0000 56.0000 189.0000 392.0000 374.0000 1.5525 1.7037 4.2974 -4.0702 1.7646 8.4665 1.5575 0.9998
Car 0.0000 0.0000 0.0000 439.0000 187.0000 520.0000 247.0000 1.4970 1.6290 3.7373 -3.5981 1.8795 20.4750 1.5708 0.9998
Car 0.0000 0.0000 0.0000 753.0000 171.0000 863.0000 239.0000 1.6166 1.7213 4.4096 5.2191 1.5801 19.5469 1.5674 0.9997
Car 0.0000 0.0000 0.0000 655.0000 179.0000 699.0000 218.0000 1.5418 1.6602 3.4845 2.9852 1.7848 30.9967 -1.4139 0.9992
Car 0.0000 0.0000 0.0000 1231.0000 87.0000 1697.0000 213.0000 1.5078 1.6474 4.0501 11.2829 0.4773 9.8028 0.1090 0.9991
Car 0.0000 0.0000 0.0000 -10591.0000 223.0000 39.0000 4179.0000 1.5039 1.6739 3.9871 -4.2807 1.7932 2.3372 1.5385 0.9980
Car 0.0000 0.0000 0.0000 700.0000 177.0000 755.0000 206.0000 1.5169 1.6915 4.0329 6.5518 1.6835 39.5065 -1.0493 0.9975
Car 0.0000 0.0000 0.0000 496.0000 187.0000 545.0000 231.0000 1.4605 1.6208 4.0442 -3.2428 1.9758 26.8165 1.4899 0.9960
Car 0.0000 0.0000 0.0000 669.0000 182.0000 722.0000 214.0000 1.4695 1.6103 3.7294 4.3102 1.8800 35.3706 -1.1811 0.9950
Car 0.0000 0.0000 0.0000 744.0000 180.0000 878.0000 229.0000 1.5295 1.6462 4.0565 6.5905 1.7535 23.8451 0.1212 0.9919
Car 0.0000 0.0000 0.0000 516.0000 183.0000 564.0000 221.0000 1.5223 1.6613 4.0632 -2.9809 1.9234 31.6570 1.5708 0.9829
Car 0.0000 0.0000 0.0000 382.0000 186.0000 426.0000 211.0000 1.5208 1.6948 4.0757 -13.5014 2.3656 47.6308 1.5708 0.9810
Car 0.0000 0.0000 0.0000 542.0000 185.0000 577.0000 211.0000 1.5774 1.7159 4.2924 -3.1298 2.2843 46.6805 1.5708 0.9759
Car 0.0000 0.0000 0.0000 848.0000 119.0000 969.0000 185.0000 2.0470 1.8697 4.6619 10.2080 0.3462 24.9856 1.4790 0.9700
