Car 0.0000 0.0000 0.0000 384.0000 173.0000 481.0000 237.0000 1.4542 1.6016 3.6361 -4.4243 1.4589 18.4413 1.5675 0.9999
Car 0.0000 0.0000 0.0000 79.0000 179.0000 373.0000 326.0000 1.4593 1.6288 3.9999 -4.5320 1.5302 9.1983 1.5702 0.9998
Car 0.0000 0.0000 0.0000 427.0000 175.0000 496.0000 220.0000 1.5126 1.6835 4.2209 -5.3545 1.5686 26.6158 1.5708 0.9998
Car 0.0000 0.0000 0.0000 321.0000 175.0000 402.0000 220.0000 1.4872 1.6566 3.9160 -8.9826 1.5568 26.4035 1.5615 0.9996
Car 0.0000 0.0000 0.0000 10.0000 167.0000 188.0000 238.0000 1.5108 1.6297 3.6892 -12.0421 1.3869 17.2745 1.5708 0.9996
Car 0.0000 0.0000 0.0000 -518.0000 172.0000 48.0000 363.0000 1.5114 1.6174 3.7728 -8.2873 1.5181 7.6505 1.5660 0.9993
Car 0.0000 0.0000 0.0000 578.0000 173.0000 615.0000 207.0000 1.5591 1.6818 3.8719 -0.6102 1.5317 34.9139 1.5568 0.9985
Car 0.0000 0.0000 0.0000 144.0000 181.0000 306.0000 258.0000 1.4915 1.6568 3.9470 -8.4484 1.6545 16.1961 1.5345 0.9983
Car 0.0000 0.0000 0.0000 489.0000 171.0000 534.0000 212.0000 1.8231 1.8245 4.1795 -4.5800 1.6928 34.3382 1.5107 0.9962
Car 0.0000 0.0000 0.0000 410.0000 171.0000 459.0000 201.0000 1.4648 1.6374 3.8616 -8.8277 1.3257 36.6140 1.5459 0.9866
