Car 0.0000 0.0000 0.0000 930.0000 190.0000 1375.0000 333.0000 1.4539 1.6626 4.0022 6.1864 1.6722 8.8064 0.2954 0.9998
Car 0.0000 0.0000 0.0000 608.0000 183.0000 734.0000 260.0000 1.4868 1.6014 3.4774 1.2369 1.7066 16.1553 1.2717 0.9998
Car 0.0000 0.0000 0.0000 530.0000 183.0000 578.0000 221.0000 1.4990 1.6510 3.7151 -2.4154 1.8813 30.7676 1.3964 0.9997
Car 0.0000 0.0000 0.0000 1339.0000 193.0000 1960.0000 345.0000 1.4285 1.6545 3.9709 11.2182 1.6790 8.1321 0.1806 0.9997
Car 0.0000 0.0000 0.0000 573.0000 178.0000 608.0000 205.0000 1.4953 1.6487 4.0279 -1.0429 1.7568 42.7678 1.5708 0.9987
Car 0.0000 0.0000 0.0000 468.0000 183.0000 530.0000 208.0000 1.4625 1.6719 3.9410 -6.8757 2.0282 45.4741 -0.9914 0.9958
Car 0.0000 0.0000 0.0000 624.0000 176.0000 658.0000 200.0000 1.4778 1.6468 3.9953 2.0141 1.5927 45.9678 1.5019 0.9927
Car 0.0000 0.0000 0.0000 670.0000 177.0000 720.0000 200.0000 1.4870 1.6657 3.9994 5.9896 1.7200 49.5054 -0.9553 0.9892
Car 0.0000 0.0000 0.0000 784.0000 176.0000 809.0000 196.0000 1.5916 1.7204 4.2290 15.7364 1.8066 60.4264 -1.3939 0.9826
Car 0.0000 0.0000 0.0000 785.0000 175.0000 852.0000 200.0000 1.5076 1.6790 3.8440 13.1157 1.5665 45.2040 0.1972 0.9768
