Car 0.0000 0.0000 0.0000 437.0000 177.0000 531.0000 249.0000 1.5376 1.6502 3.7773 -2.9449 1.6262 17.4858 1.5594 0.9999
Car 0.0000 0.0000 0.0000 899.0000 196.0000 2252.0000 881.0000 1.4865 1.6038 3.7374 2.9973 1.6437 3.5543 1.5438 0.9996
Car 0.0000 0.0000 0.0000 658.0000 178.0000 734.0000 232.0000 1.4738 1.6127 3.8045 2.5170 1.6085 21.7810 1.5104 0.9994
Car 0.0000 0.0000 0.0000 748.0000 162.0000 1027.0000 341.0000 1.5535 1.6195 3.7587 2.7707 1.4698 8.1872 1.5437 0.9990
Car 0.0000 0.0000 0.0000 352.0000 185.0000 431.0000 212.0000 1.4904 1.6421 4.0274 -12.5706 2.1486 41.6975 0.0588 0.9984
Car 0.0000 0.0000 0.0000 650.0000 173.0000 707.0000 218.0000 1.5293 1.6212 3.8271 2.5054 1.5206 26.7971 1.5373 0.9983
Car 0.0000 0.0000 0.0000 637.0000 174.0000 674.0000 205.0000 1.5270 1.6668 3.9832 2.3544 1.5343 37.0619 1.5708 0.9982
Car 0.0000 0.0000 0.0000 586.0000 171.0000 615.0000 195.0000 1.5865 1.7144 3.8708 -0.6103 1.3861 50.2254 1.4892 0.9976
Car 0.0000 0.0000 0.0000 707.0000 163.0000 850.0000 269.0000 1.5503 1.5871 3.4749 2.7089 1.4046 12.3786 1.5568 0.9952
Car 0.0000 0.0000 0.0000 623.0000 172.0000 648.0000 193.0000 1.5139 1.6875 4.1219 2.1128 1.3851 55.5127 -1.4685 0.9804
