Car 0.0000 0.0000 0.0000 22.0000 174.0000 377.0000 365.0000 1.4396 1.5898 3.6510 -3.7676 1.4643 7.3338 1.5523 0.9999
Car 0.0000 0.0000 0.0000 571.0000 176.0000 609.0000 209.0000 1.4957 1.6576 3.5956 -0.8585 1.6031 34.6506 1.5708 0.9995
Car 0.0000 0.0000 0.0000 -33.0000 177.0000 207.0000 280.0000 1.4673 1.6081 3.5393 -8.6261 1.5382 12.2436 1.5430 0.9987
Car 0.0000 0.0000 0.0000 -1044.0000 179.0000 -27.0000 472.0000 1.4795 1.6524 4.0965 -7.7409 1.5317 5.7463 1.5421 0.9985
Car 0.0000 0.0000 0.0000 258.0000 136.0000 397.0000 227.0000 2.2146 1.8838 5.2078 -7.6763 1.3035 20.2039 1.5677 0.9985
Car 0.0000 0.0000 0.0000 -630.0000 175.0000 -96.0000 315.0000 1.4982 1.6703 4.1896 -12.6021 1.5345 9.8643 1.5687 0.9975
Car 0.0000 0.0000 0.0000 446.0000 149.0000 527.0000 223.0000 2.1592 1.8289 4.4015 -3.8745 1.4545 23.3839 1.5708 0.9959
Car 0.0000 0.0000 0.0000 357.0000 182.0000 431.0000 224.0000 1.4996 1.6712 4.1209 -8.3305 1.8215 28.2293 1.5665 0.9939
Car 0.0000 0.0000 0.0000 32.0000 173.0000 202.0000 237.0000 1.4600 1.6521 4.0044 -12.5789 1.4667 18.7174 1.5708 0.9911
Car 0.0000 0.0000 0.0000 540.0000 177.0000 563.0000 200.0000 1.7545 1.7824 4.3132 -4.6464 2.0113 58.8055 1.5034 0.9832
Car 0.0000 0.0000 0.0000 396.0000 172.0000 431.0000 194.0000 1.4776 1.6399 3.9624 -13.5428 1.3502 50.0887 1.4950 0.9692
