Car 0.0000 0.0000 0.0000 660.0000 174.0000 709.0000 219.0000 1.5833 1.7187 4.2346 2.8652 1.6181 28.0431 1.5708 0.9998
Car 0.0000 0.0000 0.0000 212.0000 181.0000 429.0000 260.0000 1.4605 1.6307 3.7452 -5.7646 1.6339 14.5578 0.0567 0.9998
Car 0.0000 0.0000 0.0000 -79.0000 183.0000 279.0000 301.0000 1.4290 1.6289 3.7843 -6.7472 1.5750 9.7049 0.0744 0.9998
Car 0.0000 0.0000 0.0000 84.0000 178.0000 378.0000 274.0000 1.4879 1.6548 4.1347 -6.3011 1.5746 12.1946 0.0431 0.9997
Car 0.0000 0.0000 0.0000 311.0000 179.0000 473.0000 235.0000 1.4798 1.6478 4.0139 -6.0187 1.6418 20.1684 0.0480 0.9996
Car 0.0000 0.0000 0.0000 414.0000 180.0000 521.0000 218.0000 1.4848 1.6572 4.0378 -5.7520 1.7509 29.4917 0.0129 0.9996
Car 0.0000 0.0000 0.0000 419.0000 168.0000 531.0000 211.0000 1.7765 1.7076 4.6362 -5.8936 1.5640 31.9458 0.0212 0.9996
Car 0.0000 0.0000 0.0000 351.0000 177.0000 479.0000 224.0000 1.5316 1.6413 3.9625 -6.6865 1.6706 24.9057 0.1405 0.9935
Car 0.0000 0.0000 0.0000 711.0000 71.0000 993.0000 301.0000 2.4005 1.9859 5.4301 2.9231 1.3397 10.2989 1.5329 0.9907
Car 0.0000 0.0000 0.0000 510.0000 173.0000 541.0000 200.0000 1.5033 1.6432 3.9201 -4.9614 1.4929 43.1519 1.5157 0.9900
Car 0.0000 0.0000 0.0000 687.0000 168.0000 719.0000 192.0000 1.4809 1.6445 3.7845 5.9798 1.1311 45.9514 1.5708 0.9839
Car 0.0000 0.0000 0.0000 322.0000 178.0000 458.0000 229.0000 1.5040 1.6054 3.7266 -6.8041 1.6438 22.5019 0.0394 0.9772
Car 0.0000 0.0000 0.0000 650.0000 173.0000 674.0000 192.0000 1.4684 1.6228 3.9006 4.2787 1.3865 58.1107 1.5708 0.9681
