Car 0.0000 0.0000 0.0000 677.0000 181.0000 770.0000 246.0000 1.4952 1.6249 3.7414 2.8251 1.6926 18.6584 1.5262 0.9999
Car 0.0000 0.0000 0.0000 243.0000 180.0000 442.0000 246.0000 1.4772 1.6645 4.1442 -6.2942 1.6338 17.1689 0.0835 0.9999
Car 0.0000 0.0000 0.0000 -55.0000 178.0000 339.0000 303.0000 1.4807 1.6483 4.1908 -6.0071 1.5530 9.4755 0.0502 0.9998
Car 0.0000 0.0000 0.0000 652.0000 177.0000 707.0000 219.0000 1.5818 1.6900 3.8537 2.8087 1.7150 29.4734 1.5347 0.9996
Car 0.0000 0.0000 0.0000 794.0000 188.0000 1217.0000 435.0000 1.5122 1.6113 3.7125 2.9945 1.6724 6.4746 1.5237 0.9995
Car 0.0000 0.0000 0.0000 336.0000 177.0000 482.0000 229.0000 1.4900 1.6329 3.9921 -6.0645 1.6124 22.0359 0.0578 0.9993
Car 0.0000 0.0000 0.0000 -284.0000 181.0000 208.0000 362.0000 1.4950 1.6084 3.6781 -6.1897 1.5813 7.0209 0.1518 0.9986
Car 0.0000 0.0000 0.0000 -2725.0000 139.0000 -260.0000 802.0000 1.5266 1.6561 4.1666 -6.1621 1.4735 2.5382 0.0279 0.9982
Car 0.0000 0.0000 0.0000 -841.0000 172.0000 50.0000 453.0000 1.5175 1.6255 3.8941 -6.3206 1.5321 4.7988 0.0541 0.9970
Car 0.0000 0.0000 0.0000 -4096.0000 -1730.0000 1442.0000 547.0000 1.4594 1.5792 3.8242 2.9513 1.6137 1.2778 1.5336 0.9962
Car 0.0000 0.0000 0.0000 409.0000 179.0000 512.0000 217.0000 1.5144 1.6221 3.8843 -6.0898 1.7231 29.7266 0.0646 0.9939
Car 0.0000 0.0000 0.0000 536.0000 177.0000 565.0000 198.0000 1.5911 1.7518 4.3973 -4.5563 1.8138 57.2701 1.5708 0.9840
Car 0.0000 0.0000 0.0000 426.0000 181.0000 496.0000 227.0000 1.4888 1.6752 3.9975 -5.2131 1.7642 25.6998 1.5651 0.9806
Car 0.0000 0.0000 0.0000 96.0000 182.0000 348.0000 274.0000 1.4470 1.5447 3.5098 -6.5753 1.6055 12.3850 0.0294 0.9689
Car 0.0000 0.0000 0.0000 645.0000 174.0000 689.0000 208.0000 1.5676 1.6697 3.9644 2.7853 1.5714 35.5334 1.5276 0.9638
