Car 0.0000 0.0000 0.0000 340.0000 173.0000 421.0000 219.0000 1.5033 1.6429 4.0850 -8.1803 1.4965 26.0644 1.5616 0.9996
Car 0.0000 0.0000 0.0000 316.0000 173.0000 383.0000 209.0000 1.5004 1.6518 3.9700 -11.5568 1.4949 32.3355 1.5474 0.9989
Car 0.0000 0.0000 0.0000 29.0000 182.0000 270.0000 270.0000 1.5540 1.6167 3.6512 -8.8989 1.7355 14.1703 -0.1486 0.9984
Car 0.0000 0.0000 0.0000 545.0000 174.0000 568.0000 193.0000 1.4730 1.6206 3.5832 -4.1928 1.4698 57.9043 1.5617 0.9982
Car 0.0000 0.0000 0.0000 650.0000 172.0000 678.0000 192.0000 1.4448 1.6338 3.7290 4.0800 1.2909 52.7740 -1.3817 0.9972
Car 0.0000 0.0000 0.0000 637.0000 170.0000 658.0000 187.0000 1.5196 1.6683 3.8567 3.6577 1.1545 67.4396 -1.4366 0.9946
Car 0.0000 0.0000 0.0000 -996.0000 194.0000 -135.0000 445.0000 1.5481 1.5950 3.5560 -9.1458 1.7604 6.0790 -0.3811 0.9928
Car 0.0000 0.0000 0.0000 -3322.0000 196.0000 -360.0000 912.0000 1.5791 1.6455 3.8649 -8.3168 1.7398 3.5434 -0.6789 0.9912
Car 0.0000 0.0000 0.0000 -130.0000 190.0000 174.0000 304.0000 1.4820 1.5637 3.5672 -9.0520 1.7712 11.4303 -0.5668 0.9853
Car 0.0000 0.0000 0.0000 1236.0000 139.0000 1560.0000 232.0000 1.4960 1.5794 3.9012 13.6238 0.9456 12.6165 0.0086 0.9802
Car 0.0000 0.0000 0.0000 415.0000 171.0000 464.0000 205.0000 1.5590 1.6769 4.1185 -8.4663 1.4582 36.2991 1.5181 0.9778
Car 0.0000 0.0000 0.0000 676.0000 168.0000 698.0000 188.0000 1.8786 1.8491 4.4906 7.5877 1.3547 69.9743 1.5708 0.9775
Car 0.0000 0.0000 0.0000 375.0000 170.0000 445.0000 212.0000 1.6379 1.7410 4.4368 -8.4407 1.5008 30.8656 1.5688 0.9760
Car 0.0000 0.0000 0.0000 1655.0000 94.0000 2383.0000 262.0000 1.4208 1.5593 3.7008 13.2706 0.7608 7.0176 0.0558 0.9665
Car 0.0000 0.0000 0.0000 1389.0000 122.0000 1859.0000 247.0000 1.5208 1.5959 4.0498 13.5315 0.9049 9.8110 0.0199 0.9635
