Car 0.0000 0.0000 0.0000 -865.0000 194.0000 99.0000 484.0000 1.4641 1.6584 4.1455 -5.9669 1.6278 4.6382 0.0486 0.9997
Car 0.0000 0.0000 0.0000 350.0000 172.0000 467.0000 216.0000 1.4473 1.6021 3.5980 -6.9258 1.4164 25.0267 0.0210 0.9996
Car 0.0000 0.0000 0.0000 -3.0000 173.0000 365.0000 316.0000 1.5229 1.6129 3.9970 -5.5936 1.5243 9.6678 -0.7631 0.9994
Car 0.0000 0.0000 0.0000 694.0000 182.0000 816.0000 262.0000 1.4862 1.5826 3.7596 2.9655 1.6716 15.4919 1.4936 0.9993
Car 0.0000 0.0000 0.0000 374.0000 175.0000 491.0000 217.0000 1.5213 1.6537 4.0251 -6.7160 1.6011 27.5217 0.0896 0.9982
Car 0.0000 0.0000 0.0000 655.0000 136.0000 736.0000 208.0000 2.2764 1.9592 5.3560 2.9134 1.1065 25.5903 1.5196 0.9942
Car 0.0000 0.0000 0.0000 637.0000 179.0000 671.0000 206.0000 1.5500 1.6703 3.9960 2.6629 1.8443 43.3422 1.5522 0.9940
Car 0.0000 0.0000 0.0000 490.0000 177.0000 534.0000 203.0000 1.5500 1.6284 3.8597 -6.1008 1.7724 44.9896 1.1424 0.9743
Car 0.0000 0.0000 0.0000 125.0000 192.0000 387.0000 294.0000 1.5363 1.6206 3.8638 -6.0036 1.8732 12.2803 0.2354 0.9724
Car 0.0000 0.0000 0.0000 415.0000 180.0000 516.0000 219.0000 1.5680 1.6235 3.8287 -5.9234 1.8283 29.9088 0.0502 0.9698
Car 0.0000 0.0000 0.0000 738.0000 -17.0000 1160.0000 342.0000 2.7173 2.0902 5.9765 3.0941 1.2854 8.4612 1.5689 0.9642
