Car 0.0000 0.0000 0.0000 336.0000 179.0000 463.0000 257.0000 1.4440 1.5968 3.7005 -4.3225 1.5625 15.3037 1.5708 0.9999
Car 0.0000 0.0000 0.0000 433.0000 173.0000 505.0000 221.0000 1.5045 1.6718 4.0925 -4.8397 1.5105 25.3243 1.5708 0.9999
Car 0.0000 0.0000 0.0000 485.0000 178.0000 529.0000 211.0000 1.4781 1.6073 3.6310 -4.8576 1.7040 34.6586 1.5658 0.9996
Car 0.0000 0.0000 0.0000 99.0000 167.0000 253.0000 230.0000 1.6065 1.7477 4.5554 -12.2378 1.4448 20.7108 1.5584 0.9991
Car 0.0000 0.0000 0.0000 298.0000 175.0000 391.0000 228.0000 1.5614 1.7015 3.9740 -8.5577 1.6272 23.5776 1.5417 0.9989
Car 0.0000 0.0000 0.0000 -793.0000 192.0000 253.0000 647.0000 1.4738 1.6484 3.9413 -4.0430 1.6290 4.4353 1.5708 0.9988
Car 0.0000 0.0000 0.0000 580.0000 174.0000 615.0000 207.0000 1.6678 1.7145 3.7752 -0.6287 1.6751 38.1124 1.5401 0.9987
Car 0.0000 0.0000 0.0000 -93.0000 207.0000 209.0000 306.0000 1.4615 1.6481 4.0158 -9.2245 2.0658 12.1506 0.1023 0.9961
Car 0.0000 0.0000 0.0000 426.0000 176.0000 467.0000 203.0000 1.5083 1.6744 3.9477 -9.6126 1.6658 42.8216 1.5394 0.9947
Car 0.0000 0.0000 0.0000 -530.0000 185.0000 -65.0000 319.0000 1.5378 1.6789 4.1474 -12.7229 1.7191 10.5933 1.5430 0.9944
Car 0.0000 0.0000 0.0000 468.0000 173.0000 498.0000 193.0000 1.4854 1.6476 3.7138 -9.3372 1.4054 53.8613 1.5495 0.9907
