Car 0.0000 0.0000 0.0000 667.0000 176.0000 739.0000 230.0000 1.5262 1.6471 3.8437 2.8594 1.6196 22.6909 1.5467 0.9999
Car 0.0000 0.0000 0.0000 -422.0000 134.0000 227.0000 333.0000 1.5151 1.6670 4.2387 -6.0297 1.2341 6.4557 0.0158 0.9997
Car 0.0000 0.0000 0.0000 831.0000 205.0000 1482.0000 582.0000 1.4943 1.6008 3.6434 2.9501 1.7811 4.9898 1.5179 0.9997
Car 0.0000 0.0000 0.0000 157.0000 173.0000 404.0000 261.0000 1.5197 1.6363 3.9083 -6.0884 1.5376 13.5293 0.0624 0.9996
Car 0.0000 0.0000 0.0000 316.0000 174.0000 471.0000 229.0000 1.5012 1.6490 4.0478 -6.2944 1.5417 21.2007 0.0802 0.9995
Car 0.0000 0.0000 0.0000 733.0000 174.0000 931.0000 304.0000 1.5466 1.6192 3.7565 2.9741 1.5656 10.5298 1.5441 0.9994
Car 0.0000 0.0000 0.0000 379.0000 167.0000 501.0000 213.0000 1.5659 1.6316 3.9749 -6.0495 1.3604 25.9875 0.0478 0.9991
Car 0.0000 0.0000 0.0000 652.0000 169.0000 690.0000 205.0000 1.5625 1.6702 3.8621 2.8679 1.3801 33.5255 1.5708 0.9987
Car 0.0000 0.0000 0.0000 65.0000 178.0000 355.0000 287.0000 1.5079 1.6209 3.7762 -6.1186 1.5893 11.1067 0.2083 0.9978
Car 0.0000 0.0000 0.0000 -121.0000 154.0000 273.0000 295.0000 1.5431 1.6051 3.7220 -6.3829 1.3490 8.8070 0.0611 0.9969
Car 0.0000 0.0000 0.0000 -1078.0000 181.0000 10.0000 506.0000 1.4915 1.6205 3.8410 -6.1119 1.5564 4.1778 0.0190 0.9962
Car 0.0000 0.0000 0.0000 485.0000 166.0000 521.0000 199.0000 1.4804 1.6092 3.8559 -5.1789 1.1576 34.8351 1.3978 0.9909
Car 0.0000 0.0000 0.0000 618.0000 174.0000 655.0000 204.0000 1.5339 1.6431 3.8735 1.4814 1.5591 39.6182 1.5053 0.9669
