Car 0.0000 0.0000 0.0000 591.0000 172.0000 650.0000 227.0000 1.5536 1.6686 3.6590 0.3034 1.5198 22.5482 1.5635 0.9999
Car 0.0000 0.0000 0.0000 822.0000 188.0000 1142.0000 360.0000 1.4959 1.6273 3.8410 3.9232 1.6880 8.4568 1.5290 0.9998
Car 0.0000 0.0000 0.0000 1078.0000 199.0000 3242.0000 1065.0000 1.4939 1.6236 3.7593 4.1653 1.6679 3.2430 1.5401 0.9998
Car 0.0000 0.0000 0.0000 755.0000 157.0000 923.0000 264.0000 1.7352 1.7036 4.0674 4.1449 1.4757 13.7842 1.5121 0.9997
Car 0.0000 0.0000 0.0000 44.0000 172.0000 395.0000 358.0000 1.5017 1.6485 3.9787 -4.2744 1.5082 7.6004 0.6129 0.9995
Car 0.0000 0.0000 0.0000 -112.0000 164.0000 211.0000 286.0000 1.5178 1.6096 3.7816 -8.1667 1.4132 10.9408 -1.3940 0.9994
Car 0.0000 0.0000 0.0000 -1155.0000 140.0000 -84.0000 456.0000 1.5690 1.6310 3.8484 -8.0849 1.4246 5.5259 1.5708 0.9977
Car 0.0000 0.0000 0.0000 332.0000 177.0000 502.0000 242.0000 1.5174 1.6266 3.8103 -4.7974 1.6110 18.0175 0.2710 0.9971
Car 0.0000 0.0000 0.0000 455.0000 170.0000 536.0000 218.0000 1.6112 1.6991 4.1005 -4.2518 1.4867 26.3832 1.0880 0.9947
Car 0.0000 0.0000 0.0000 822.0000 177.0000 948.0000 220.0000 1.4548 1.6084 3.8798 9.7603 1.5748 25.6893 0.0771 0.9910
Car 0.0000 0.0000 0.0000 125.0000 173.0000 294.0000 252.0000 1.4916 1.6128 3.7704 -8.5018 1.4995 15.6638 1.5607 0.9897
Car 0.0000 0.0000 0.0000 253.0000 180.0000 342.0000 241.0000 1.4579 1.5735 3.7159 -8.2876 1.6265 19.3806 1.3365 0.9879
Car 0.0000 0.0000 0.0000 277.0000 179.0000 472.0000 257.0000 1.4803 1.6397 4.0343 -5.0784 1.6116 15.3694 0.5111 0.9867
Car 0.0000 0.0000 0.0000 509.0000 169.0000 557.0000 202.0000 1.6199 1.6940 4.3266 -3.8641 1.3845 37.4186 1.5708 0.9804
Car 0.0000 0.0000 0.0000 355.0000 157.0000 398.0000 181.0000 1.5016 1.6424 3.7446 -14.9427 0.4383 46.5282 1.5385 0.9732
Car 0.0000 0.0000 0.0000 -478.0000 152.0000 -64.0000 265.0000 1.5488 1.6926 4.3402 -14.2775 1.2709 12.1388 1.5646 0.9684
