Car 0.0000 0.0000 0.0000 42.0000 195.0000 302.0000 324.0000 1.5207 1.6650 3.8354 -6.3387 1.8837 10.9518 1.5594 0.9999
Car 0.0000 0.0000 0.0000 415.0000 180.0000 488.0000 227.0000 1.6610 1.7526 4.2443 -6.0547 1.9256 28.0488 1.5708 0.9999
Car 0.0000 0.0000 0.0000 585.0000 183.0000 661.0000 246.0000 1.5692 1.6775 3.7520 0.2805 1.8225 20.1022 1.4746 0.9998
Car 0.0000 0.0000 0.0000 359.0000 187.0000 423.0000 225.0000 1.5599 1.7194 4.2167 -9.8925 2.1704 32.9529 1.5465 0.9997
Car 0.0000 0.0000 0.0000 523.0000 180.0000 557.0000 207.0000 1.5838 1.7332 4.0895 -4.3526 2.0067 46.2484 1.5708 0.9997
Car 0.0000 0.0000 0.0000 25.0000 196.0000 217.0000 277.0000 1.4764 1.6269 3.7621 -10.5787 2.0164 15.9156 1.5708 0.9996
Car 0.0000 0.0000 0.0000 222.0000 180.0000 328.0000 236.0000 1.6136 1.6611 3.7133 -10.4880 1.8058 22.8540 1.5708 0.9995
Car 0.0000 0.0000 0.0000 641.0000 181.0000 661.0000 200.0000 1.4786 1.6538 3.5494 3.5487 2.0907 60.4881 1.5708 0.9991
Car 0.0000 0.0000 0.0000 681.0000 177.0000 778.0000 232.0000 1.6068 1.7960 4.1742 4.0250 1.7142 23.5102 -1.0576 0.9989
Car 0.0000 0.0000 0.0000 731.0000 164.0000 902.0000 243.0000 1.6762 1.6901 4.1142 4.9647 1.4646 17.1117 -0.6139 0.9969
Car 0.0000 0.0000 0.0000 1013.0000 148.0000 1383.0000 430.0000 1.5097 1.5830 3.5726 4.6827 1.3756 5.6022 -0.7002 0.9942
Car 0.0000 0.0000 0.0000 -245.0000 189.0000 6.0000 274.0000 1.4919 1.6425 3.7136 -15.0384 1.8404 15.1341 1.5199 0.9912
Car 0.0000 0.0000 0.0000 597.0000 178.0000 620.0000 194.0000 1.4942 1.6910 4.0433 0.0023 1.9244 70.2133 -1.4236 0.9813
