Car 0.0000 0.0000 0.0000 4.0000 189.0000 321.0000 347.0000 1.4638 1.6092 3.7996 -5.1644 1.6890 8.9225 1.5580 0.9999
Car 0.0000 0.0000 0.0000 615.0000 169.0000 650.0000 197.0000 1.6358 1.7300 4.1302 1.5081 1.3719 44.5195 -1.4394 0.9998
Car 0.0000 0.0000 0.0000 177.0000 184.0000 315.0000 243.0000 1.4720 1.6145 3.6609 -10.1057 1.7801 20.2758 -1.4063 0.9996
Car 0.0000 0.0000 0.0000 655.0000 169.0000 690.0000 201.0000 1.5299 1.6289 3.5761 3.1455 1.3104 36.1297 1.5708 0.9995
Car 0.0000 0.0000 0.0000 -44.0000 191.0000 182.0000 293.0000 1.4794 1.6114 3.7862 -9.4623 1.8239 12.9662 1.4474 0.9993
Car 0.0000 0.0000 0.0000 1265.0000 132.0000 1490.0000 195.0000 1.5402 1.6342 3.9589 19.9424 0.5197 18.8421 0.0652 0.9989
Car 0.0000 0.0000 0.0000 -671.0000 200.0000 -12.0000 417.0000 1.5009 1.6516 4.1728 -9.1078 1.8502 7.5957 1.4809 0.9969
Car 0.0000 0.0000 0.0000 670.0000 171.0000 699.0000 195.0000 1.4784 1.6489 3.9995 4.9154 1.3191 47.0873 1.5708 0.9928
Car 0.0000 0.0000 0.0000 1002.0000 160.0000 1127.0000 201.0000 1.5455 1.6601 3.9185 18.4255 1.0375 29.2629 0.1078 0.9899
Car 0.0000 0.0000 0.0000 1102.0000 148.0000 1231.0000 197.0000 1.5117 1.6152 3.7184 18.5375 0.7220 24.1726 1.5708 0.9822
Car 0.0000 0.0000 0.0000 1441.0000 134.0000 1691.0000 198.0000 1.6417 1.7101 4.1535 25.9914 0.6259 19.6936 0.1082 0.9717
Car 0.0000 0.0000 0.0000 -762.0000 187.0000 -170.0000 356.0000 1.5211 1.6289 3.8005 -12.2662 1.7132 8.7104 1.4865 0.9606
