Car 0.0000 0.0000 0.0000 524.0000 183.0000 566.0000 219.0000 1.5228 1.6729 3.9264 -2.9024 1.9414 33.1901 1.5386 0.9999
Car 0.0000 0.0000 0.0000 728.0000 181.0000 889.0000 286.0000 1.4822 1.5992 3.6081 3.1392 1.6082 12.1698 1.5378 0.9998
Car 0.0000 0.0000 0.0000 403.0000 187.0000 466.0000 208.0000 1.4580 1.6493 3.9773 -12.1854 2.3636 50.3689 0.1201 0.9995
Car 0.0000 0.0000 0.0000 687.0000 171.0000 793.0000 246.0000 1.5225 1.6009 3.6854 2.8786 1.4917 16.7079 1.5250 0.9993
Car 0.0000 0.0000 0.0000 -79843.0000 -35753.0000 46008.0000 18181.0000 1.4778 1.6175 4.0293 2.8669 1.5516 2.0233 1.5137 0.9968
Car 0.0000 0.0000 0.0000 659.0000 179.0000 708.0000 219.0000 1.5275 1.6739 3.9740 3.0552 1.7562 30.2177 1.5708 0.9929
Car 0.0000 0.0000 0.0000 645.0000 176.0000 692.0000 209.0000 1.5129 1.6496 3.8777 2.8630 1.6312 35.4467 1.4862 0.9869
Car 0.0000 0.0000 0.0000 319.0000 184.0000 384.0000 206.0000 1.4621 1.6179 3.9511 -18.0045 2.1791 50.4535 0.1018 0.9863
Car 0.0000 0.0000 0.0000 681.0000 173.0000 751.0000 232.0000 1.5385 1.5774 3.4217 2.9608 1.5233 20.5792 1.5708 0.9821
Car 0.0000 0.0000 0.0000 636.0000 175.0000 667.0000 200.0000 1.4871 1.6384 3.9382 2.6728 1.5852 45.5819 1.5555 0.9737
Car 0.0000 0.0000 0.0000 596.0000 180.0000 622.0000 202.0000 1.4659 1.6254 3.9344 0.0826 1.9293 51.1949 1.5708 0.9607
