Car 0.0000 0.0000 0.0000 18.0000 175.0000 373.0000 292.0000 1.5098 1.6687 4.1708 -5.7795 1.5476 10.2758 0.0740 0.9999
Car 0.0000 0.0000 0.0000 -181.0000 194.0000 297.0000 345.0000 1.4543 1.6617 4.1350 -5.9410 1.7087 8.0039 0.0473 0.9998
Car 0.0000 0.0000 0.0000 205.0000 182.0000 439.0000 260.0000 1.4986 1.6723 4.2305 -5.9310 1.6986 15.0607 0.0788 0.9997
Car 0.0000 0.0000 0.0000 787.0000 176.0000 979.0000 239.0000 1.4473 1.6441 4.0989 6.5727 1.5331 17.6850 0.1075 0.9997
Car 0.0000 0.0000 0.0000 720.0000 182.0000 863.0000 284.0000 1.4978 1.6077 3.5522 2.9522 1.6469 12.4828 1.5708 0.9995
Car 0.0000 0.0000 0.0000 128.0000 178.0000 396.0000 270.0000 1.4965 1.6437 3.9495 -6.0388 1.5872 12.7123 0.0469 0.9994
Car 0.0000 0.0000 0.0000 314.0000 183.0000 470.0000 239.0000 1.4642 1.6272 3.8319 -6.0163 1.7336 20.0608 0.1084 0.9994
Car 0.0000 0.0000 0.0000 392.0000 171.0000 504.0000 211.0000 1.5474 1.6617 4.1781 -6.5724 1.4683 29.5178 0.0467 0.9993
Car 0.0000 0.0000 0.0000 639.0000 177.0000 669.0000 203.0000 1.5599 1.6905 3.9427 2.8949 1.7745 46.3894 1.5708 0.9991
Car 0.0000 0.0000 0.0000 -714.0000 194.0000 37.0000 431.0000 1.4448 1.5938 3.6165 -6.7052 1.6250 5.3381 0.0400 0.9985
Car 0.0000 0.0000 0.0000 242.0000 178.0000 421.0000 245.0000 1.5007 1.6148 3.7077 -6.6920 1.6301 17.5179 0.0333 0.9980
Car 0.0000 0.0000 0.0000 716.0000 174.0000 824.0000 215.0000 1.5091 1.6366 3.8616 6.1806 1.5511 28.0003 0.0554 0.9977
Car 0.0000 0.0000 0.0000 702.0000 177.0000 800.0000 214.0000 1.5093 1.6389 3.9157 6.0033 1.6727 30.8445 0.0572 0.9972
Car 0.0000 0.0000 0.0000 378.0000 178.0000 491.0000 221.0000 1.5099 1.6235 3.8205 -6.4911 1.6777 26.9646 0.0294 0.9969
Car 0.0000 0.0000 0.0000 340.0000 181.0000 474.0000 232.0000 1.5052 1.6051 3.6740 -6.2045 1.7338 22.2779 0.0416 0.9967
Car 0.0000 0.0000 0.0000 -2611.0000 183.0000 -345.0000 796.0000 1.5088 1.6317 3.9477 -6.5792 1.5669 2.6550 0.0308 0.9960
Car 0.0000 0.0000 0.0000 697.0000 175.0000 788.0000 209.0000 1.5182 1.6286 3.9630 6.1046 1.5684 33.2020 0.0733 0.9762
Car 0.0000 0.0000 0.0000 732.0000 178.0000 847.0000 222.0000 1.4871 1.6108 3.7462 6.3212 1.6379 25.5504 0.0921 0.9697
Car 0.0000 0.0000 0.0000 745.0000 182.0000 876.0000 233.0000 1.5190 1.6305 3.8639 6.2927 1.7943 22.8945 0.2062 0.9646
