Car 0.0000 0.0000 0.0000 595.0000 176.0000 640.0000 218.0000 1.5925 1.6774 3.6187 0.2869 1.6897 29.6939 1.5421 0.9997
Car 0.0000 0.0000 0.0000 -258.0000 181.0000 88.0000 304.0000 1.5788 1.6773 3.8962 -10.5008 1.7037 11.3137 1.5708 0.9986
Car 0.0000 0.0000 0.0000 880.0000 166.0000 1022.0000 292.0000 1.5373 1.6032 3.6812 5.1042 1.4504 10.7443 -1.0947 0.9969
Car 0.0000 0.0000 0.0000 744.0000 171.0000 820.0000 241.0000 1.5064 1.5835 3.6657 4.2089 1.4575 17.4320 -1.3052 0.9967
Car 0.0000 0.0000 0.0000 482.0000 175.0000 509.0000 194.0000 1.7370 1.8158 4.3949 -10.9122 1.8864 69.8673 1.5708 0.9965
Car 0.0000 0.0000 0.0000 918.0000 157.0000 1226.0000 359.0000 1.5326 1.5882 3.7122 4.7622 1.4069 7.2612 -0.7035 0.9933
Car 0.0000 0.0000 0.0000 760.0000 162.0000 931.0000 255.0000 1.5550 1.5943 3.7530 4.6241 1.3636 13.8971 -0.7819 0.9924
Car 0.0000 0.0000 0.0000 656.0000 176.0000 703.0000 203.0000 1.5463 1.6837 3.9722 4.2335 1.6544 42.8031 -1.1786 0.9916
Car 0.0000 0.0000 0.0000 516.0000 177.0000 538.0000 197.0000 1.5219 1.6475 3.8568 -6.5804 1.7962 57.8695 1.4405 0.9912
Car 0.0000 0.0000 0.0000 691.0000 175.0000 827.0000 230.0000 1.4981 1.6283 3.7342 4.2774 1.5634 21.0001 0.1524 0.9868
Car 0.0000 0.0000 0.0000 673.0000 175.0000 721.0000 211.0000 1.5058 1.6739 4.0196 4.0088 1.5807 32.3741 -1.3346 0.9862
Car 0.0000 0.0000 0.0000 685.0000 176.0000 765.0000 226.0000 1.5850 1.6610 3.5232 4.0359 1.6507 24.7590 -1.0832 0.9842
Car 0.0000 0.0000 0.0000 645.0000 171.0000 671.0000 195.0000 1.5390 1.6671 4.1319 3.4327 1.3687 49.9615 1.5708 0.9737
