Car 0.0000 0.0000 0.0000 185.0000 184.0000 361.0000 241.0000 1.5046 1.6892 4.2494 -9.4102 1.8147 20.2359 0.1538 0.9999
Car 0.0000 0.0000 0.0000 1139.0000 167.0000 1369.0000 228.0000 1.4402 1.6456 4.0878 16.0652 1.3053 18.1487 0.1432 0.9999
Car 0.0000 0.0000 0.0000 470.0000 180.0000 571.0000 213.0000 1.4770 1.6722 4.2420 -4.0366 1.7658 33.0294 0.1848 0.9998
Car 0.0000 0.0000 0.0000 299.0000 182.0000 441.0000 230.0000 1.4668 1.6472 4.1287 -7.7913 1.7541 23.5386 0.1885 0.9998
Car 0.0000 0.0000 0.0000 596.0000 172.0000 654.0000 201.0000 1.6092 1.6913 4.1754 0.9111 1.5101 42.7629 1.1091 0.9996
Car 0.0000 0.0000 0.0000 425.0000 179.0000 457.0000 205.0000 1.8325 1.8425 4.3223 -12.4476 2.2461 53.6685 1.4653 0.9994
Car 0.0000 0.0000 0.0000 551.0000 165.0000 773.0000 379.0000 1.5533 1.6452 3.5067 0.2194 1.5117 7.1035 1.4877 0.9993
Car 0.0000 0.0000 0.0000 950.0000 176.0000 1085.0000 218.0000 1.5118 1.6685 4.1553 15.5413 1.6294 27.5819 0.1254 0.9992
Car 0.0000 0.0000 0.0000 994.0000 164.0000 1099.0000 198.0000 1.5078 1.6266 3.8705 20.3536 1.0679 33.6037 0.0996 0.9984
Car 0.0000 0.0000 0.0000 377.0000 183.0000 417.0000 205.0000 1.5140 1.6867 4.2070 -15.5010 2.1877 52.8481 1.5690 0.9606
