Car 0.0000 0.0000 0.0000 1154.0000 174.0000 1281.0000 207.0000 1.4560 1.6698 4.1467 27.5125 1.4650 32.6668 0.1174 0.9998
Car 0.0000 0.0000 0.0000 590.0000 177.0000 751.0000 235.0000 1.4415 1.6449 3.9910 1.5932 1.5344 18.8198 0.1289 0.9998
Car 0.0000 0.0000 0.0000 162.0000 192.0000 325.0000 249.0000 1.4840 1.6645 3.9413 -10.3478 2.0207 20.4192 0.2021 0.9998
Car 0.0000 0.0000 0.0000 330.0000 187.0000 372.0000 211.0000 1.5945 1.7605 4.0327 -18.7391 2.5713 52.4491 1.5309 0.9997
Car 0.0000 0.0000 0.0000 424.0000 179.0000 462.0000 204.0000 1.7632 1.8570 4.6831 -12.3106 2.1580 53.8627 1.5439 0.9996
Car 0.0000 0.0000 0.0000 376.0000 185.0000 418.0000 209.0000 1.6197 1.8093 4.2787 -15.5029 2.4438 52.8366 1.5708 0.9993
Car 0.0000 0.0000 0.0000 543.0000 163.0000 766.0000 375.0000 1.5520 1.6410 3.4394 0.2768 1.4944 7.0724 1.5592 0.9990
Car 0.0000 0.0000 0.0000 953.0000 177.0000 1094.0000 219.0000 1.5008 1.7069 4.3292 15.7216 1.6437 27.5137 0.0845 0.9989
Car 0.0000 0.0000 0.0000 1417.0000 164.0000 1657.0000 221.0000 1.4685 1.6509 4.1165 25.5823 1.2434 19.9860 0.1163 0.9987
Car 0.0000 0.0000 0.0000 -328.0000 218.0000 -171.0000 270.0000 1.5338 1.6688 4.1625 -28.2970 3.0175 23.7047 0.2427 0.9876
Car 0.0000 0.0000 0.0000 238.0000 191.0000 284.0000 212.0000 1.5001 1.6584 3.7100 -28.0209 2.9448 58.1460 -1.4759 0.9860
