Car 0.0000 0.0000 0.0000 517.0000 189.0000 564.0000 231.0000 1.5518 1.6859 3.8839 -2.7829 2.2108 29.8825 1.5365 1.0000
Car 0.0000 0.0000 0.0000 750.0000 207.0000 923.0000 325.0000 1.4988 1.6158 3.7522 3.5457 2.1388 12.0291 1.5471 0.9999
Car 0.0000 0.0000 0.0000 857.0000 216.0000 1470.0000 543.0000 1.5571 1.6969 4.4997 3.8440 2.0450 6.2591 1.5221 0.9999
Car 0.0000 0.0000 0.0000 689.0000 203.0000 766.0000 255.0000 1.4861 1.6011 3.6637 3.8541 2.5144 24.0711 1.4556 0.9998
Car 0.0000 0.0000 0.0000 724.0000 202.0000 828.0000 277.0000 1.5026 1.5882 3.5076 3.8855 2.2332 17.4082 1.5438 0.9997
Car 0.0000 0.0000 0.0000 208.0000 163.0000 494.0000 377.0000 1.7910 1.7651 4.1376 -2.5617 1.7258 8.1773 1.5708 0.9995
Car 0.0000 0.0000 0.0000 640.0000 190.0000 662.0000 208.0000 1.5227 1.7038 4.1127 4.0002 3.1094 68.0524 1.5393 0.9993
Car 0.0000 0.0000 0.0000 394.0000 189.0000 522.0000 288.0000 1.5540 1.6699 3.7727 -2.7478 1.8690 13.7080 1.5590 0.9990
Car 0.0000 0.0000 0.0000 674.0000 201.0000 732.0000 245.0000 1.5310 1.6517 3.8180 3.6725 2.6584 28.8481 1.5231 0.9988
Car 0.0000 0.0000 0.0000 639.0000 194.0000 681.0000 230.0000 1.5142 1.6346 3.8912 2.3826 2.5346 34.3653 1.5516 0.9902
