Car 0.0000 0.0000 0.0000 478.0000 171.0000 541.0000 224.0000 1.4841 1.6144 3.5706 -2.9791 1.4073 22.0264 1.5195 0.9999
Car 0.0000 0.0000 0.0000 -73.0000 195.0000 218.0000 291.0000 1.4509 1.6425 3.9367 -9.0509 1.8493 12.2418 0.1224 0.9999
Car 0.0000 0.0000 0.0000 650.0000 170.0000 730.0000 230.0000 1.5710 1.6406 3.9005 2.2466 1.4986 21.0768 1.4975 0.9998
Car 0.0000 0.0000 0.0000 715.0000 160.0000 962.0000 331.0000 1.5550 1.6375 3.8005 2.3568 1.4490 8.5386 1.5513 0.9997
Car 0.0000 0.0000 0.0000 637.0000 176.0000 688.0000 220.0000 1.5102 1.6078 3.5522 1.9351 1.6011 27.0198 1.5600 0.9979
Car 0.0000 0.0000 0.0000 -324.0000 204.0000 -23.0000 298.0000 1.4608 1.6115 3.6589 -13.5049 2.0194 12.4938 0.0709 0.9974
Car 0.0000 0.0000 0.0000 628.0000 165.0000 665.0000 198.0000 1.6322 1.6735 3.7839 1.9092 1.2129 37.6553 1.5558 0.9963
Car 0.0000 0.0000 0.0000 -884.0000 195.0000 -128.0000 437.0000 1.5020 1.6405 3.8205 -8.4000 1.7028 5.5902 0.1050 0.9956
Car 0.0000 0.0000 0.0000 485.0000 171.0000 537.0000 214.0000 1.4984 1.6922 4.2624 -3.6788 1.4183 27.4173 1.5003 0.9916
Car 0.0000 0.0000 0.0000 524.0000 174.0000 558.0000 206.0000 1.5127 1.5930 3.5936 -3.4542 1.5354 36.1784 1.4623 0.9895
