Car 0.0000 0.0000 0.0000 737.0000 175.0000 972.0000 322.0000 1.5355 1.6665 4.1471 2.9331 1.5707 9.6870 1.5562 0.9999
Car 0.0000 0.0000 0.0000 -247.0000 201.0000 271.0000 379.0000 1.4458 1.6559 3.9509 -5.7237 1.7581 7.0981 0.1057 0.9998
Car 0.0000 0.0000 0.0000 97.0000 175.0000 375.0000 268.0000 1.4687 1.6367 3.9653 -6.2862 1.5043 12.2877 0.1002 0.9997
Car 0.0000 0.0000 0.0000 -855.0000 209.0000 89.0000 514.0000 1.4523 1.6619 4.0126 -5.9078 1.7271 4.5678 0.0732 0.9997
Car 0.0000 0.0000 0.0000 405.0000 177.0000 513.0000 216.0000 1.4923 1.6353 3.8961 -5.9050 1.6169 28.4702 0.0428 0.9994
Car 0.0000 0.0000 0.0000 680.0000 170.0000 744.0000 221.0000 1.6044 1.6614 3.4923 3.4509 1.5113 24.7985 1.5673 0.9993
Car 0.0000 0.0000 0.0000 361.0000 180.0000 495.0000 231.0000 1.4377 1.5882 3.5927 -5.3765 1.6402 21.5468 0.0053 0.9993
Car 0.0000 0.0000 0.0000 -25.0000 194.0000 331.0000 319.0000 1.4950 1.6370 3.8338 -6.0518 1.8054 9.7569 0.0388 0.9991
Car 0.0000 0.0000 0.0000 674.0000 170.0000 721.0000 210.0000 1.5095 1.5971 3.6552 3.5921 1.3902 29.8642 1.5708 0.9982
Car 0.0000 0.0000 0.0000 484.0000 169.0000 526.0000 202.0000 1.4722 1.6097 3.8072 -4.9957 1.2800 34.9391 1.5267 0.9962
Car 0.0000 0.0000 0.0000 543.0000 173.0000 586.0000 189.0000 1.4601 1.5979 3.7300 -4.0995 1.3993 67.3363 0.1313 0.9951
Car 0.0000 0.0000 0.0000 655.0000 175.0000 692.0000 201.0000 1.4671 1.6285 3.8730 3.8713 1.5661 43.5357 1.4977 0.9862
Car 0.0000 0.0000 0.0000 289.0000 169.0000 484.0000 247.0000 1.8345 1.6679 4.4364 -5.5978 1.7548 18.1937 0.1789 0.9841
Car 0.0000 0.0000 0.0000 520.0000 176.0000 559.0000 204.0000 1.5301 1.6867 4.2483 -4.1013 1.6658 42.1434 1.3404 0.9680
Car 0.0000 0.0000 0.0000 883.0000 164.0000 987.0000 201.0000 1.5155 1.5980 3.8046 14.1047 1.1186 31.2918 0.1383 0.9667
Car 0.0000 0.0000 0.0000 531.0000 165.0000 560.0000 190.0000 1.5985 1.7062 4.1499 -4.2786 1.0587 49.5016 1.5524 0.9644
