Car 0.0000 0.0000 0.0000 -144.0000 189.0000 382.0000 471.0000 1.5776 1.7466 4.6525 -3.6681 1.7520 6.5682 1.5396 0.9999
Car 0.0000 0.0000 0.0000 341.0000 191.0000 469.0000 283.0000 1.4639 1.6021 3.6151 -3.8099 1.8279 13.8845 1.5220 0.9999
Car 0.0000 0.0000 0.0000 647.0000 176.0000 699.0000 217.0000 1.4664 1.6022 3.7043 2.4431 1.5801 28.3296 1.5434 0.9996
Car 0.0000 0.0000 0.0000 780.0000 150.0000 915.0000 197.0000 1.4943 1.6433 4.0777 8.0436 0.7480 24.5681 0.0410 0.9991
Car 0.0000 0.0000 0.0000 791.0000 164.0000 941.0000 217.0000 1.4765 1.6551 3.9153 7.4936 1.2085 21.3459 0.1226 0.9989
Car 0.0000 0.0000 0.0000 436.0000 185.0000 490.0000 222.0000 1.5216 1.6776 3.8877 -6.5535 2.0406 32.7459 1.5662 0.9989
Car 0.0000 0.0000 0.0000 744.0000 163.0000 845.0000 200.0000 1.4900 1.6332 3.8881 7.8218 1.0523 30.6299 0.0544 0.9964
Car 0.0000 0.0000 0.0000 962.0000 165.0000 1048.0000 194.0000 1.5395 1.6442 3.8830 22.0747 1.0679 40.2330 0.1335 0.9950
Car 0.0000 0.0000 0.0000 351.0000 192.0000 437.0000 250.0000 1.5082 1.6734 3.9649 -6.4258 2.0885 21.8259 1.5019 0.9946
Car 0.0000 0.0000 0.0000 417.0000 194.0000 474.0000 236.0000 1.5054 1.6794 4.0834 -6.5974 2.3636 29.3656 1.5011 0.9938
Car 0.0000 0.0000 0.0000 -466.0000 203.0000 121.0000 442.0000 1.4753 1.5910 3.6294 -6.5821 1.8167 6.6978 1.5449 0.9924
Car 0.0000 0.0000 0.0000 451.0000 173.0000 485.0000 193.0000 1.4897 1.6612 3.9864 -10.5760 1.4138 54.3745 1.5708 0.9894
Car 0.0000 0.0000 0.0000 1052.0000 148.0000 1178.0000 188.0000 1.6218 1.6461 4.0935 21.4286 0.5626 30.5976 0.0713 0.9858
Car 0.0000 0.0000 0.0000 987.0000 161.0000 1085.0000 193.0000 1.5858 1.6442 4.0056 22.0658 0.9479 37.2856 0.1498 0.9855
Car 0.0000 0.0000 0.0000 1029.0000 157.0000 1139.0000 192.0000 1.5823 1.6887 4.0176 22.2553 0.8228 33.8321 0.0284 0.9672
Car 0.0000 0.0000 0.0000 713.0000 169.0000 744.0000 188.0000 1.4590 1.6544 3.9215 9.5158 1.1014 57.3158 1.5416 0.9662
