Car 0.0000 0.0000 0.0000 347.0000 166.0000 471.0000 242.0000 1.5671 1.7009 4.1469 -4.5607 1.4192 16.9240 1.5708 0.9999
Car 0.0000 0.0000 0.0000 143.0000 185.0000 306.0000 260.0000 1.4566 1.6215 3.7915 -8.4319 1.7155 16.1253 1.5708 0.9998
Car 0.0000 0.0000 0.0000 461.0000 181.0000 515.0000 221.0000 1.5034 1.6541 3.8586 -4.9229 1.8171 29.6808 1.5568 0.9998
Car 0.0000 0.0000 0.0000 260.0000 184.0000 343.0000 225.0000 1.5607 1.7423 4.3171 -12.9086 1.9972 30.4866 1.5504 0.9997
Car 0.0000 0.0000 0.0000 577.0000 172.0000 625.0000 218.0000 1.6224 1.6989 3.6674 -0.2998 1.5700 27.4087 1.5708 0.9997
Car 0.0000 0.0000 0.0000 -160.0000 127.0000 169.0000 263.0000 1.5516 1.6246 3.5029 -8.1040 1.0351 10.0561 1.5708 0.9980
Car 0.0000 0.0000 0.0000 506.0000 176.0000 544.0000 209.0000 1.7177 1.8464 4.7574 -4.6857 1.8688 40.9198 1.5186 0.9956
Car 0.0000 0.0000 0.0000 443.0000 176.0000 483.0000 204.0000 1.5075 1.6593 4.0301 -8.4753 1.6669 42.0995 1.5385 0.9840
Car 0.0000 0.0000 0.0000 -15179.0000 -1304.0000 153.0000 5354.0000 2.0415 1.8308 4.6240 -3.9915 1.5727 2.5568 1.5356 0.9786
Car 0.0000 0.0000 0.0000 537.0000 176.0000 561.0000 198.0000 1.5005 1.6580 4.1241 -4.3071 1.6552 52.5382 1.5080 0.9780
Car 0.0000 0.0000 0.0000 128.0000 188.0000 249.0000 246.0000 1.5359 1.6884 4.0560 -12.6604 1.9904 21.9433 1.4621 0.9600
