Car 0.0000 0.0000 0.0000 249.0000 191.0000 390.0000 270.0000 1.5971 1.7637 4.2971 -6.8062 2.0407 17.3757 1.5483 1.0000
Car 0.0000 0.0000 0.0000 602.0000 182.0000 671.0000 247.0000 1.5170 1.6247 3.5781 0.6176 1.7559 18.9465 1.5686 0.9998
Car 0.0000 0.0000 0.0000 419.0000 188.0000 467.0000 218.0000 1.5586 1.7352 4.3078 -9.5144 2.4019 41.6208 1.5708 0.9998
Car 0.0000 0.0000 0.0000 97.0000 185.0000 223.0000 237.0000 1.5106 1.6473 3.8765 -14.7421 1.9128 23.8484 1.5708 0.9997
Car 0.0000 0.0000 0.0000 472.0000 184.0000 523.0000 219.0000 1.5743 1.7879 4.3963 -5.4272 2.0859 35.5647 1.5708 0.9992
Car 0.0000 0.0000 0.0000 768.0000 174.0000 938.0000 262.0000 1.5228 1.6351 3.8448 4.9740 1.5380 14.4802 -0.7662 0.9989
Car 0.0000 0.0000 0.0000 536.0000 187.0000 564.0000 210.0000 1.4974 1.6572 3.7700 -4.1401 2.4674 51.3299 1.5633 0.9986
Car 0.0000 0.0000 0.0000 -578.0000 201.0000 -34.0000 374.0000 1.4788 1.6511 3.9966 -10.4566 1.8832 8.7825 1.5239 0.9983
Car 0.0000 0.0000 0.0000 673.0000 180.0000 735.0000 218.0000 1.5332 1.7189 4.0771 4.2638 1.8378 31.9727 -1.1769 0.9980
Car 0.0000 0.0000 0.0000 344.0000 185.0000 408.0000 223.0000 1.5549 1.6536 3.7777 -10.1287 2.0355 31.5113 1.5484 0.9968
Car 0.0000 0.0000 0.0000 696.0000 180.0000 788.0000 227.0000 1.4994 1.6776 3.7565 4.7147 1.7210 25.2620 -0.9376 0.9964
Car 0.0000 0.0000 0.0000 256.0000 195.0000 344.0000 245.0000 1.4709 1.6232 3.7084 -10.4032 2.2303 24.4384 1.5005 0.9862
