Car 0.0000 0.0000 0.0000 -388.0000 197.0000 96.0000 347.0000 1.4405 1.6077 3.7927 -8.2589 1.7413 8.0639 0.0171 0.9991
Car 0.0000 0.0000 0.0000 -144.0000 182.0000 197.0000 296.0000 1.4790 1.5985 3.6921 -8.3283 1.6218 10.4452 0.0222 0.9991
Car 0.0000 0.0000 0.0000 652.0000 173.0000 675.0000 192.0000 1.5943 1.7144 3.9977 4.6073 1.4982 60.5652 1.5708 0.9985
Car 0.0000 0.0000 0.0000 462.0000 177.0000 503.0000 205.0000 1.5139 1.6744 4.0837 -7.1280 1.6831 40.9640 1.5627 0.9980
Car 0.0000 0.0000 0.0000 213.0000 179.0000 378.0000 247.0000 1.5349 1.5856 3.6049 -7.8727 1.6726 18.0981 -0.5664 0.9963
Car 0.0000 0.0000 0.0000 53.0000 184.0000 300.0000 270.0000 1.4839 1.6123 3.7763 -8.0378 1.6939 13.4838 0.1189 0.9960
Car 0.0000 0.0000 0.0000 366.0000 181.0000 436.0000 224.0000 1.5579 1.6454 3.8645 -8.2824 1.8718 28.9437 1.5708 0.9944
Car 0.0000 0.0000 0.0000 -1316.0000 201.0000 -309.0000 476.0000 1.4677 1.5942 3.7077 -9.0717 1.6901 4.8331 0.0152 0.9929
Car 0.0000 0.0000 0.0000 1156.0000 137.0000 1407.0000 216.0000 1.5215 1.5904 4.1344 14.6487 0.8256 16.0858 1.5216 0.9866
Car 0.0000 0.0000 0.0000 244.0000 182.0000 389.0000 241.0000 1.5631 1.5991 3.6155 -8.5337 1.8119 21.1222 -0.8055 0.9865
Car 0.0000 0.0000 0.0000 306.0000 179.0000 416.0000 224.0000 1.5151 1.5694 3.4478 -9.0249 1.7175 26.2555 -0.6876 0.9812
