Car 0.0000 0.0000 0.0000 -113.0000 186.0000 42.0000 239.0000 1.5772 1.7113 4.1919 -21.5083 2.0013 24.2320 1.4866 0.9998
Car 0.0000 0.0000 0.0000 204.0000 183.0000 390.0000 247.0000 1.4663 1.6393 3.8884 -7.5847 1.7109 17.6076 0.1306 0.9996
Car 0.0000 0.0000 0.0000 -9.0000 186.0000 323.0000 309.0000 1.5253 1.6477 3.9840 -6.5435 1.7419 10.8523 -0.4219 0.9995
Car 0.0000 0.0000 0.0000 1002.0000 142.0000 1265.0000 257.0000 1.5227 1.6141 3.5279 7.9416 1.1136 11.3914 1.5708 0.9992
Car 0.0000 0.0000 0.0000 -593.0000 190.0000 158.0000 425.0000 1.4610 1.6427 4.0469 -6.0007 1.6158 5.4913 0.0598 0.9991
Car 0.0000 0.0000 0.0000 1344.0000 108.0000 1777.0000 237.0000 1.5410 1.6219 3.6034 13.2707 0.7655 10.4783 1.5708 0.9987
Car 0.0000 0.0000 0.0000 1146.0000 127.0000 1490.0000 246.0000 1.4966 1.5954 3.5665 10.3441 0.9190 10.9488 1.5225 0.9987
Car 0.0000 0.0000 0.0000 1782.0000 105.0000 2357.0000 229.0000 1.6011 1.6207 3.6325 21.9582 0.7275 11.2036 -1.4783 0.9928
Car 0.0000 0.0000 0.0000 1639.0000 116.0000 1985.0000 240.0000 1.5622 1.6580 3.7718 17.8802 0.8399 10.9911 -0.8367 0.9910
Car 0.0000 0.0000 0.0000 1925.0000 78.0000 2595.0000 208.0000 1.8199 1.7908 4.3690 27.3498 0.4997 12.4012 -1.3585 0.9838
Car 0.0000 0.0000 0.0000 1394.0000 105.0000 5761.0000 1237.0000 1.4713 1.5811 3.7655 4.8050 1.4070 1.8424 0.0646 0.9767
