Car 0.0000 0.0000 0.0000 448.0000 179.0000 493.0000 203.0000 1.5691 1.7355 4.2306 -9.1246 1.8759 47.7864 -1.4541 0.9998
Car 0.0000 0.0000 0.0000 714.0000 164.0000 790.0000 234.0000 1.5832 1.6738 3.6589 3.5257 1.3692 18.0806 -1.3932 0.9997
Car 0.0000 0.0000 0.0000 -3.0000 179.0000 190.0000 254.0000 1.5945 1.6929 3.9955 -12.2010 1.7204 17.3446 1.5708 0.9996
Car 0.0000 0.0000 0.0000 876.0000 158.0000 1460.0000 444.0000 1.5299 1.6366 3.9904 3.7277 1.4660 5.8911 1.5618 0.9996
Car 0.0000 0.0000 0.0000 691.0000 176.0000 758.0000 228.0000 1.5243 1.6075 3.4391 3.6188 1.6173 23.1375 1.5708 0.9996
Car 0.0000 0.0000 0.0000 667.0000 178.0000 713.0000 214.0000 1.5713 1.7032 3.8413 3.7805 1.7938 34.1688 1.5529 0.9987
Car 0.0000 0.0000 0.0000 651.0000 177.0000 683.0000 203.0000 1.5211 1.6693 3.8759 3.6694 1.7504 45.8944 1.5507 0.9961
Car 0.0000 0.0000 0.0000 -4419.0000 -1641.0000 1633.0000 597.0000 1.4561 1.5604 3.4588 3.3095 1.5830 1.0536 1.5057 0.9940
Car 0.0000 0.0000 0.0000 655.0000 160.0000 679.0000 178.0000 1.5017 1.6532 3.7761 5.1570 0.3465 63.2764 -1.3668 0.9921
Car 0.0000 0.0000 0.0000 677.0000 175.0000 726.0000 215.0000 1.4930 1.6584 4.0373 3.6780 1.5527 29.1029 1.5708 0.9892
