Car 0.0000 0.0000 0.0000 453.0000 173.0000 530.0000 230.0000 1.5911 1.6730 3.8422 -3.5922 1.5986 22.5437 1.5708 1.0000
Car 0.0000 0.0000 0.0000 682.0000 171.0000 774.0000 241.0000 1.5425 1.6578 3.8900 2.8141 1.5018 17.9109 1.5708 0.9999
Car 0.0000 0.0000 0.0000 260.0000 185.0000 458.0000 306.0000 1.5412 1.6934 4.1693 -3.7545 1.7429 11.5230 1.5708 0.9999
Car 0.0000 0.0000 0.0000 -130.0000 195.0000 347.0000 452.0000 1.4970 1.6353 3.7510 -3.8330 1.7267 6.3325 1.5577 0.9998
Car 0.0000 0.0000 0.0000 422.0000 189.0000 474.0000 208.0000 1.4742 1.6703 4.0408 -13.6926 2.8122 61.4292 0.0367 0.9997
Car 0.0000 0.0000 0.0000 486.0000 157.0000 551.0000 211.0000 1.9306 1.7994 4.5884 -3.4782 1.3545 28.2675 1.5708 0.9992
Car 0.0000 0.0000 0.0000 1233.0000 -2.0000 2300.0000 340.0000 1.7053 1.6946 4.2330 7.9673 0.8372 5.8295 1.3312 0.9984
Car 0.0000 0.0000 0.0000 671.0000 177.0000 734.0000 229.0000 1.5527 1.6381 3.7874 2.9797 1.6771 23.6327 1.5708 0.9980
Car 0.0000 0.0000 0.0000 1067.0000 164.0000 1194.0000 245.0000 1.5487 1.6065 3.6663 11.4650 1.3694 15.7602 -0.7647 0.9945
Car 0.0000 0.0000 0.0000 889.0000 167.0000 967.0000 231.0000 1.5759 1.5947 3.5500 8.7756 1.4230 19.7045 -1.0610 0.9941
Car 0.0000 0.0000 0.0000 775.0000 172.0000 858.0000 210.0000 1.5740 1.5822 3.6185 9.1108 1.4932 31.4952 -0.6249 0.9922
Car 0.0000 0.0000 0.0000 826.0000 169.0000 913.0000 215.0000 1.5322 1.5727 3.6026 9.2966 1.3656 25.6154 -0.8005 0.9882
Car 0.0000 0.0000 0.0000 725.0000 170.0000 809.0000 202.0000 1.5983 1.6019 4.0305 8.0899 1.4113 37.1676 0.0880 0.9792
Car 0.0000 0.0000 0.0000 600.0000 173.0000 664.0000 196.0000 1.4669 1.5977 3.8776 1.4947 1.4001 46.1649 0.1774 0.9789
Car 0.0000 0.0000 0.0000 668.0000 175.0000 713.0000 191.0000 1.4940 1.6048 3.9346 7.5717 1.5724 66.3890 0.2041 0.9732
Car 0.0000 0.0000 0.0000 830.0000 172.0000 945.0000 225.0000 1.5589 1.5712 3.4157 8.8193 1.5054 22.8143 -0.5045 0.9662
Car 0.0000 0.0000 0.0000 787.0000 172.0000 896.0000 213.0000 1.5252 1.6306 3.9177 9.2083 1.4750 28.5449 0.4289 0.9653
