Car 0.0000 0.0000 0.0000 293.0000 188.0000 406.0000 251.0000 1.4895 1.6327 3.6933 -6.8517 1.8903 19.3589 1.5708 0.9999
Car 0.0000 0.0000 0.0000 14.0000 193.0000 221.0000 278.0000 1.4985 1.6617 4.0253 -10.2572 1.9477 15.3839 1.5708 0.9999
Car 0.0000 0.0000 0.0000 397.0000 181.0000 450.0000 213.0000 1.5713 1.7153 4.2029 -9.7307 1.9696 38.0548 1.5708 0.9998
Car 0.0000 0.0000 0.0000 599.0000 174.0000 716.0000 285.0000 1.5687 1.6514 3.4693 0.6576 1.5848 11.9791 1.5708 0.9998
Car 0.0000 0.0000 0.0000 226.0000 183.0000 311.0000 222.0000 1.5355 1.6950 4.1720 -14.4499 1.9168 30.7914 1.5613 0.9996
Car 0.0000 0.0000 0.0000 694.0000 177.0000 738.0000 215.0000 1.5901 1.7437 4.2134 4.7451 1.7191 32.3411 -1.4637 0.9990
Car 0.0000 0.0000 0.0000 455.0000 184.0000 496.0000 209.0000 1.5607 1.7317 4.2012 -8.9069 2.2464 48.4307 1.5708 0.9989
Car 0.0000 0.0000 0.0000 675.0000 175.0000 712.0000 206.0000 1.5561 1.6752 3.9044 4.4761 1.6250 38.4810 1.5708 0.9989
Car 0.0000 0.0000 0.0000 517.0000 184.0000 552.0000 209.0000 1.5581 1.7358 4.1452 -4.9267 2.2354 48.2951 1.5708 0.9988
Car 0.0000 0.0000 0.0000 1159.0000 178.0000 2994.0000 1120.0000 1.5186 1.6877 3.7867 3.9248 1.5524 3.2375 -1.1013 0.9986
Car 0.0000 0.0000 0.0000 717.0000 172.0000 832.0000 232.0000 1.5514 1.7420 4.1915 4.9117 1.5184 21.0068 -0.9366 0.9975
Car 0.0000 0.0000 0.0000 -627.0000 193.0000 -48.0000 379.0000 1.6066 1.7066 3.9183 -10.5170 1.8830 8.5451 1.5708 0.9960
Car 0.0000 0.0000 0.0000 607.0000 181.0000 647.0000 217.0000 1.4756 1.6250 3.9279 0.7365 1.7756 31.7531 1.5708 0.9720
Car 0.0000 0.0000 0.0000 204.0000 179.0000 269.0000 209.0000 1.5353 1.6974 4.2946 -20.7538 1.8499 40.2881 1.4908 0.9703
Car 0.0000 0.0000 0.0000 569.0000 182.0000 591.0000 201.0000 1.5785 1.7075 4.2138 -2.5675 2.3124 64.5723 1.4670 0.9617
