Car 0.0000 0.0000 0.0000 523.0000 178.0000 564.0000 213.0000 1.5679 1.6801 3.6450 -3.0118 1.7476 33.7710 1.5485 0.9999
Car 0.0000 0.0000 0.0000 646.0000 179.0000 709.0000 228.0000 1.5450 1.6399 3.6220 2.2949 1.7370 25.0952 1.5236 0.9999
Car 0.0000 0.0000 0.0000 776.0000 175.0000 1124.0000 388.0000 1.5544 1.6164 3.4216 2.9102 1.5845 7.0696 1.5074 0.9997
Car 0.0000 0.0000 0.0000 23.0000 190.0000 451.0000 465.0000 1.4842 1.6173 3.7088 -2.5665 1.6562 5.9339 1.5667 0.9997
Car 0.0000 0.0000 0.0000 101.0000 186.0000 216.0000 234.0000 1.4816 1.6295 3.7586 -15.3684 1.9029 24.7798 1.5658 0.9996
Car 0.0000 0.0000 0.0000 568.0000 175.0000 626.0000 230.0000 1.5992 1.6977 3.6645 -0.4688 1.6545 23.1416 1.5181 0.9996
Car 0.0000 0.0000 0.0000 320.0000 181.0000 496.0000 303.0000 1.4979 1.6213 3.5803 -2.8303 1.6153 10.7694 1.5708 0.9995
Car 0.0000 0.0000 0.0000 -242.0000 186.0000 6.0000 268.0000 1.4800 1.6045 3.6865 -15.2469 1.7705 15.3583 1.5585 0.9995
Car 0.0000 0.0000 0.0000 -2215.0000 203.0000 -427.0000 1011.0000 1.4626 1.5428 3.7570 -6.4193 1.6433 3.2136 0.7253 0.9968
Car 0.0000 0.0000 0.0000 -3368.0000 -1472.0000 1382.0000 512.0000 1.4624 1.6088 3.8899 2.6350 1.4960 1.2945 1.5655 0.9954
Car 0.0000 0.0000 0.0000 363.0000 179.0000 478.0000 224.0000 1.5434 1.6403 3.7873 -6.9269 1.7526 26.4592 0.3341 0.9947
Car 0.0000 0.0000 0.0000 452.0000 175.0000 493.0000 209.0000 1.4983 1.6037 4.0327 -6.6100 1.5742 34.6279 1.3016 0.9938
Car 0.0000 0.0000 0.0000 489.0000 170.0000 524.0000 198.0000 1.6398 1.6819 3.8267 -6.3419 1.4449 44.9164 1.5662 0.9908
Car 0.0000 0.0000 0.0000 185.0000 177.0000 358.0000 277.0000 1.5913 1.7369 4.4427 -6.2586 1.6656 13.8770 1.4458 0.9884
Car 0.0000 0.0000 0.0000 614.0000 175.0000 645.0000 199.0000 1.5458 1.6586 3.9892 1.3687 1.6269 48.8956 1.4870 0.9881
Car 0.0000 0.0000 0.0000 312.0000 161.0000 357.0000 187.0000 1.8707 1.7876 4.3593 -20.7756 0.9455 54.7441 1.5471 0.9837
Car 0.0000 0.0000 0.0000 332.0000 179.0000 460.0000 230.0000 1.5165 1.6198 3.8763 -6.9525 1.7165 23.4472 0.4246 0.9810
Car 0.0000 0.0000 0.0000 580.0000 172.0000 621.0000 206.0000 1.5382 1.6831 4.1931 -0.4774 1.4795 35.4230 1.4725 0.9797
Car 0.0000 0.0000 0.0000 516.0000 172.0000 543.0000 192.0000 1.5173 1.6769 4.2051 -6.4313 1.4077 58.9582 1.5708 0.9770
