Car 0.0000 0.0000 0.0000 187.0000 186.0000 275.0000 227.0000 1.5406 1.6654 3.9247 -15.4993 2.0556 29.6888 1.5369 0.9999
Car 0.0000 0.0000 0.0000 683.0000 183.0000 826.0000 287.0000 1.4876 1.6115 3.6632 2.2861 1.6510 12.3643 1.5447 0.9998
Car 0.0000 0.0000 0.0000 543.0000 178.0000 590.0000 222.0000 1.5891 1.6803 3.6262 -1.6732 1.7571 28.2625 1.5173 0.9996
Car 0.0000 0.0000 0.0000 -2059.0000 171.0000 393.0000 1512.0000 1.5150 1.6644 3.8754 -2.3364 1.5351 2.7659 1.5708 0.9992
Car 0.0000 0.0000 0.0000 645.0000 182.0000 720.0000 237.0000 1.4874 1.6271 4.0119 2.0929 1.7483 21.8192 1.5129 0.9991
Car 0.0000 0.0000 0.0000 267.0000 185.0000 423.0000 247.0000 1.4605 1.6375 3.9727 -6.9937 1.7776 18.9254 0.5118 0.9984
Car 0.0000 0.0000 0.0000 -98.0000 182.0000 234.0000 345.0000 1.4952 1.6706 4.1483 -6.4717 1.6096 8.4344 0.5362 0.9984
Car 0.0000 0.0000 0.0000 -2541.0000 -1092.0000 1584.0000 1336.0000 1.9708 1.7456 4.0122 3.0206 1.0425 1.2640 -1.4252 0.9978
Car 0.0000 0.0000 0.0000 332.0000 177.0000 457.0000 233.0000 1.5680 1.6495 3.8822 -6.7133 1.6977 22.3174 0.6182 0.9977
Car 0.0000 0.0000 0.0000 -93.0000 189.0000 92.0000 258.0000 1.5084 1.6660 3.8526 -15.2177 1.9129 18.2198 1.4923 0.9971
Car 0.0000 0.0000 0.0000 562.0000 179.0000 597.0000 209.0000 1.4876 1.6269 3.7694 -1.4906 1.7576 37.6915 1.5708 0.9958
Car 0.0000 0.0000 0.0000 670.0000 180.0000 775.0000 252.0000 1.4774 1.5395 3.5302 2.5098 1.6356 16.8110 1.4649 0.9958
Car 0.0000 0.0000 0.0000 428.0000 179.0000 490.0000 219.0000 1.4975 1.6179 4.1241 -6.1800 1.7050 29.2153 1.1563 0.9919
Car 0.0000 0.0000 0.0000 518.0000 178.0000 551.0000 197.0000 1.5359 1.6943 4.1384 -6.3162 1.8710 60.6021 1.1947 0.9915
Car 0.0000 0.0000 0.0000 453.0000 177.0000 523.0000 208.0000 1.5835 1.6225 3.7692 -6.6494 1.7833 39.5242 0.6308 0.9912
Car 0.0000 0.0000 0.0000 462.0000 182.0000 509.0000 219.0000 1.5210 1.6883 4.0145 -5.6637 1.9011 32.6889 1.3042 0.9834
