Car 0.0000 0.0000 0.0000 590.0000 176.0000 645.0000 227.0000 1.5695 1.6717 3.6625 0.1941 1.6661 24.2605 1.5330 0.9996
Car 0.0000 0.0000 0.0000 -426.0000 204.0000 142.0000 437.0000 1.5048 1.6525 3.7276 -6.6000 1.8691 6.9801 1.5580 0.9994
Car 0.0000 0.0000 0.0000 337.0000 180.0000 408.0000 218.0000 1.6502 1.7765 4.2752 -10.8257 1.9253 33.2899 1.5708 0.9993
Car 0.0000 0.0000 0.0000 386.0000 180.0000 436.0000 210.0000 1.5434 1.6734 4.0797 -10.8213 1.8628 39.6405 1.5594 0.9986
Car 0.0000 0.0000 0.0000 507.0000 173.0000 543.0000 202.0000 2.2823 1.9798 4.8457 -6.7958 2.1949 59.1838 1.5708 0.9985
Car 0.0000 0.0000 0.0000 475.0000 182.0000 503.0000 200.0000 1.5198 1.6892 4.0583 -10.3974 2.2160 62.8023 1.5708 0.9973
Car 0.0000 0.0000 0.0000 750.0000 172.0000 931.0000 273.0000 1.5388 1.6238 3.7251 4.1915 1.5078 12.7964 -0.8201 0.9973
Car 0.0000 0.0000 0.0000 29.0000 180.0000 88.0000 212.0000 1.5034 1.6352 3.9014 -27.7496 1.8069 36.4019 1.1226 0.9969
Car 0.0000 0.0000 0.0000 734.0000 173.0000 901.0000 251.0000 1.5298 1.6166 3.6884 4.5658 1.5443 16.3656 1.1484 0.9965
Car 0.0000 0.0000 0.0000 727.0000 173.0000 850.0000 234.0000 1.5595 1.6191 3.6588 4.9577 1.5501 20.4828 1.2254 0.9955
Car 0.0000 0.0000 0.0000 951.0000 125.0000 1331.0000 392.0000 1.5892 1.6312 3.7829 4.6016 1.3002 6.0875 -0.6665 0.9954
Car 0.0000 0.0000 0.0000 674.0000 164.0000 782.0000 211.0000 1.6408 1.6526 3.9072 4.4878 1.2886 27.0095 -0.5982 0.9953
Car 0.0000 0.0000 0.0000 659.0000 175.0000 702.0000 209.0000 1.5475 1.6526 3.8652 3.5192 1.5921 34.9132 -1.3686 0.9881
Car 0.0000 0.0000 0.0000 424.0000 185.0000 465.0000 210.0000 1.5207 1.6815 3.9941 -10.5710 2.2560 46.6373 1.5708 0.9672
