Car 0.0000 0.0000 0.0000 566.0000 179.0000 623.0000 232.0000 1.5442 1.6520 3.4790 -0.5313 1.7052 22.7299 1.5261 0.9999
Car 0.0000 0.0000 0.0000 317.0000 180.0000 496.0000 306.0000 1.4750 1.6167 3.8017 -2.7462 1.5782 10.4691 1.5450 0.9999
Car 0.0000 0.0000 0.0000 170.0000 186.0000 264.0000 229.0000 1.5370 1.7068 4.0533 -15.7720 2.0667 29.1889 1.5436 0.9998
Car 0.0000 0.0000 0.0000 -75.0000 192.0000 453.0000 532.0000 1.4944 1.6405 3.7111 -2.4020 1.6656 5.1857 1.5708 0.9998
Car 0.0000 0.0000 0.0000 -52.0000 189.0000 112.0000 252.0000 1.4942 1.6242 3.6676 -15.5226 1.9281 19.5214 1.5310 0.9997
Car 0.0000 0.0000 0.0000 714.0000 168.0000 876.0000 282.0000 1.5607 1.6260 3.5456 2.7932 1.4940 11.7091 1.5509 0.9997
Car 0.0000 0.0000 0.0000 631.0000 181.0000 681.0000 220.0000 1.4963 1.6236 3.5659 1.8597 1.7965 29.7284 1.5177 0.9996
Car 0.0000 0.0000 0.0000 523.0000 178.0000 559.0000 208.0000 1.5149 1.6418 3.6528 -3.5791 1.7387 38.3047 1.5492 0.9995
Car 0.0000 0.0000 0.0000 776.0000 184.0000 1286.0000 486.0000 1.5174 1.6343 3.9136 2.6097 1.6158 5.6919 1.5408 0.9994
Car 0.0000 0.0000 0.0000 404.0000 175.0000 516.0000 256.0000 1.5204 1.5856 3.5043 -3.0817 1.5540 15.3739 1.5708 0.9986
Car 0.0000 0.0000 0.0000 -153.0000 189.0000 172.0000 376.0000 1.4797 1.6594 4.0392 -6.5337 1.6571 7.6470 0.6109 0.9966
Car 0.0000 0.0000 0.0000 456.0000 179.0000 502.0000 210.0000 1.5401 1.6640 3.9159 -7.1313 1.8448 39.1607 1.1816 0.9965
Car 0.0000 0.0000 0.0000 572.0000 176.0000 609.0000 209.0000 1.4781 1.6539 3.8837 -0.8720 1.6000 34.4455 1.5470 0.9964
Car 0.0000 0.0000 0.0000 306.0000 184.0000 387.0000 255.0000 1.4998 1.6549 4.1704 -6.4319 1.7649 17.7694 1.2508 0.9878
Car 0.0000 0.0000 0.0000 -3488.0000 -1405.0000 1502.0000 568.0000 1.5052 1.5743 3.5256 2.8020 1.4885 1.0430 1.5118 0.9860
Car 0.0000 0.0000 0.0000 611.0000 177.0000 637.0000 199.0000 1.5777 1.6844 4.1125 1.1264 1.7974 53.4576 1.5343 0.9704
Car 0.0000 0.0000 0.0000 491.0000 176.0000 521.0000 203.0000 1.7593 1.7390 4.1154 -7.0282 1.9448 49.4612 1.5058 0.9630
