Car 0.0000 0.0000 0.0000 789.0000 168.0000 883.0000 253.0000 1.5815 1.6735 3.7266 4.7499 1.4841 15.3170 -1.2830 0.9999
Car 0.0000 0.0000 0.0000 1054.0000 132.0000 1292.0000 245.0000 1.5819 1.6883 4.1201 9.2079 1.0127 12.2569 -1.3070 0.9998
Car 0.0000 0.0000 0.0000 1013.0000 159.0000 1139.0000 231.0000 1.5793 1.6648 4.1497 11.4334 1.2639 17.9526 -1.2383 0.9994
Car 0.0000 0.0000 0.0000 -107.0000 224.0000 165.0000 355.0000 1.4493 1.6483 3.9052 -8.5603 2.2696 10.5260 0.4682 0.9988
Car 0.0000 0.0000 0.0000 51.0000 199.0000 375.0000 348.0000 1.4437 1.6187 3.5922 -4.8456 1.7699 8.7133 0.4329 0.9988
Car 0.0000 0.0000 0.0000 975.0000 156.0000 1047.0000 203.0000 1.6948 1.6952 4.0405 15.4938 1.0705 27.9453 -1.2397 0.9985
Car 0.0000 0.0000 0.0000 -259.0000 240.0000 -29.0000 354.0000 1.5040 1.6756 3.9145 -13.2900 2.7830 12.6308 0.4514 0.9976
Car 0.0000 0.0000 0.0000 -3978.0000 -2195.0000 2272.0000 601.0000 1.5091 1.6240 3.7770 4.1816 1.4658 1.0055 -1.1927 0.9962
Car 0.0000 0.0000 0.0000 806.0000 170.0000 884.0000 231.0000 1.5221 1.6409 3.6492 6.4856 1.4484 20.1539 -1.3752 0.9948
Car 0.0000 0.0000 0.0000 837.0000 171.0000 900.0000 212.0000 1.4847 1.6291 3.7617 10.0566 1.3935 28.1847 -1.4106 0.9947
Car 0.0000 0.0000 0.0000 -459.0000 244.0000 -184.0000 335.0000 1.4765 1.6658 3.9552 -18.2437 2.9319 14.1316 0.1803 0.9937
Car 0.0000 0.0000 0.0000 607.0000 176.0000 636.0000 197.0000 1.5753 1.6987 3.9211 1.0628 1.7819 58.2410 -1.3927 0.9856
