Car 0.0000 0.0000 0.0000 285.0000 170.0000 471.0000 284.0000 1.4997 1.6218 3.7417 -3.4846 1.4709 11.4733 1.5708 0.9999
Car 0.0000 0.0000 0.0000 475.0000 163.0000 547.0000 217.0000 1.6266 1.7038 4.4618 -3.1920 1.3187 24.1245 1.5708 0.9999
Car 0.0000 0.0000 0.0000 441.0000 178.0000 486.0000 208.0000 1.4942 1.6399 3.6972 -7.5519 1.7123 37.6380 1.5625 0.9997
Car 0.0000 0.0000 0.0000 -12.0000 164.0000 255.0000 279.0000 1.5551 1.6611 3.9242 -7.6343 1.4374 11.7275 1.5708 0.9994
Car 0.0000 0.0000 0.0000 586.0000 179.0000 625.0000 214.0000 1.4971 1.6548 3.8298 -0.1505 1.7349 32.9442 1.5708 0.9994
Car 0.0000 0.0000 0.0000 126.0000 180.0000 267.0000 242.0000 1.5542 1.6631 3.8942 -11.4291 1.7262 20.2166 1.5708 0.9993
Car 0.0000 0.0000 0.0000 381.0000 173.0000 451.0000 215.0000 1.4805 1.6186 3.7050 -7.3603 1.4691 27.7139 1.5708 0.9991
Car 0.0000 0.0000 0.0000 246.0000 174.0000 373.0000 242.0000 1.5318 1.6462 3.7064 -7.5224 1.5586 18.3833 1.5708 0.9987
Car 0.0000 0.0000 0.0000 -211.0000 175.0000 64.0000 272.0000 1.4997 1.6296 3.6818 -12.1480 1.5412 13.1368 1.5366 0.9966
Car 0.0000 0.0000 0.0000 491.0000 174.0000 518.0000 193.0000 1.4841 1.6465 4.0226 -8.1896 1.4747 56.8295 1.5414 0.9894
Car 0.0000 0.0000 0.0000 -1211.0000 187.0000 -114.0000 504.0000 1.5282 1.6487 3.8433 -8.3731 1.6609 5.5336 1.5639 0.9852
Car 0.0000 0.0000 0.0000 505.0000 173.0000 545.0000 203.0000 1.5035 1.6688 4.0691 -4.4754 1.4741 38.7942 1.5708 0.9841
Car 0.0000 0.0000 0.0000 537.0000 166.0000 566.0000 192.0000 1.9454 1.8664 4.6551 -4.3959 1.3760 55.9125 1.5625 0.9826
Car 0.0000 0.0000 0.0000 387.0000 176.0000 426.0000 201.0000 1.4787 1.6502 3.8309 -12.6076 1.6000 45.0808 1.4924 0.9798
Car 0.0000 0.0000 0.0000 461.0000 173.0000 495.0000 197.0000 1.4917 1.6250 3.6710 -8.5356 1.4343 47.2691 1.5447 0.9796
