Car 0.0000 0.0000 0.0000 631.0000 170.0000 684.0000 208.0000 1.5538 1.6380 3.6547 2.0549 1.4064 31.3731 1.4552 0.9996
Car 0.0000 0.0000 0.0000 191.0000 168.0000 426.0000 251.0000 1.5541 1.6634 4.0722 -6.0051 1.4578 14.5954 0.0220 0.9994
Car 0.0000 0.0000 0.0000 775.0000 172.0000 930.0000 236.0000 1.5226 1.5497 3.6126 6.2669 1.4904 18.9071 0.9515 0.9994
Car 0.0000 0.0000 0.0000 -70.0000 181.0000 294.0000 296.0000 1.4632 1.6459 4.1280 -6.9195 1.5834 10.1829 0.0752 0.9989
Car 0.0000 0.0000 0.0000 82.0000 180.0000 344.0000 275.0000 1.4764 1.5841 3.6181 -6.6538 1.6066 12.2509 0.0614 0.9976
Car 0.0000 0.0000 0.0000 357.0000 176.0000 480.0000 219.0000 1.5212 1.6519 4.1032 -7.0515 1.6037 26.8061 0.0676 0.9972
Car 0.0000 0.0000 0.0000 616.0000 174.0000 649.0000 203.0000 1.5428 1.6691 3.9415 1.3917 1.5682 40.5157 1.5708 0.9960
Car 0.0000 0.0000 0.0000 504.0000 171.0000 531.0000 192.0000 1.5089 1.6291 3.8239 -6.9997 1.3109 55.3715 1.5567 0.9926
Car 0.0000 0.0000 0.0000 449.0000 165.0000 488.0000 199.0000 1.5373 1.6640 4.1368 -6.7363 1.1475 34.8980 1.4232 0.9910
Car 0.0000 0.0000 0.0000 492.0000 178.0000 526.0000 204.0000 1.4964 1.6700 4.1034 -6.2138 1.7837 45.2020 1.5456 0.9843
Car 0.0000 0.0000 0.0000 304.0000 167.0000 442.0000 220.0000 1.5413 1.6134 3.6851 -7.2226 1.3718 22.0454 0.2058 0.9691
Car 0.0000 0.0000 0.0000 -1984.0000 213.0000 -273.0000 720.0000 1.4414 1.5634 3.5324 -6.4015 1.6580 2.9831 0.0292 0.9655
