Car 0.0000 0.0000 0.0000 573.0000 168.0000 647.0000 237.0000 1.5654 1.6803 3.6205 0.0468 1.4452 18.3064 1.5708 0.9999
Car 0.0000 0.0000 0.0000 916.0000 131.0000 2014.0000 657.0000 1.6095 1.7014 4.1077 3.4618 1.5025 4.2805 1.5708 0.9998
Car 0.0000 0.0000 0.0000 -139.0000 194.0000 220.0000 324.0000 1.4525 1.6445 3.9030 -7.4749 1.7500 9.5101 0.2218 0.9997
Car 0.0000 0.0000 0.0000 782.0000 154.0000 910.0000 235.0000 1.6279 1.6570 3.9576 5.2620 1.2416 16.5854 1.5708 0.9997
Car 0.0000 0.0000 0.0000 742.0000 162.0000 796.0000 202.0000 1.6872 1.7067 4.0604 7.2810 1.2028 33.1742 1.5708 0.9994
Car 0.0000 0.0000 0.0000 760.0000 167.0000 836.0000 222.0000 1.5800 1.6371 3.8357 5.7980 1.3873 22.5575 1.5708 0.9994
Car 0.0000 0.0000 0.0000 -388.0000 201.0000 -27.0000 321.0000 1.4834 1.6530 4.0438 -11.8007 1.9098 10.4356 0.1962 0.9985
Car 0.0000 0.0000 0.0000 597.0000 167.0000 653.0000 219.0000 1.5367 1.6606 3.9089 0.4491 1.3414 23.4991 1.5702 0.9979
Car 0.0000 0.0000 0.0000 631.0000 170.0000 674.0000 206.0000 1.5266 1.6210 3.7121 1.8857 1.3774 32.3283 1.5563 0.9967
Car 0.0000 0.0000 0.0000 -2370.0000 204.0000 -624.0000 879.0000 1.4675 1.6118 3.9650 -7.6594 1.6206 2.7741 0.1814 0.9897
