Car 0.0000 0.0000 0.0000 41.0000 186.0000 315.0000 284.0000 1.4226 1.5917 3.5962 -6.8883 1.6442 11.6038 0.1446 0.9998
Car 0.0000 0.0000 0.0000 159.0000 182.0000 407.0000 264.0000 1.4769 1.6613 4.0949 -6.2860 1.6521 14.0815 0.0414 0.9998
Car 0.0000 0.0000 0.0000 644.0000 182.0000 707.0000 223.0000 1.5483 1.6884 4.0928 2.6654 1.9080 29.8867 1.4381 0.9997
Car 0.0000 0.0000 0.0000 260.0000 183.0000 446.0000 251.0000 1.4545 1.6181 3.6717 -5.8269 1.6820 16.5187 0.0911 0.9996
Car 0.0000 0.0000 0.0000 424.0000 186.0000 522.0000 221.0000 1.4320 1.6424 3.8800 -5.8761 1.9958 31.3184 0.0395 0.9995
Car 0.0000 0.0000 0.0000 -118656.0000 -47759.0000 55447.0000 23196.0000 1.4649 1.5883 3.6673 2.9943 1.6757 1.8417 1.5223 0.9992
Car 0.0000 0.0000 0.0000 341.0000 184.0000 485.0000 237.0000 1.4970 1.6449 3.9053 -5.9405 1.8377 21.9972 0.0430 0.9990
Car 0.0000 0.0000 0.0000 435.0000 174.0000 539.0000 213.0000 1.7681 1.7151 4.5747 -5.6977 1.7777 33.9443 0.0689 0.9984
Car 0.0000 0.0000 0.0000 694.0000 88.0000 909.0000 274.0000 2.4990 2.0264 5.6319 2.9245 1.3622 12.5894 1.5304 0.9876
Car 0.0000 0.0000 0.0000 375.0000 175.0000 479.0000 214.0000 1.4935 1.6197 3.7495 -7.3173 1.5546 29.1054 0.0753 0.9869
