Car 0.0000 0.0000 0.0000 572.0000 174.0000 633.0000 228.0000 1.6088 1.6889 3.6701 -0.1542 1.6385 23.7434 1.5708 0.9998
Car 0.0000 0.0000 0.0000 731.0000 182.0000 874.0000 273.0000 1.4821 1.6257 3.8815 3.5256 1.6594 13.9360 1.5489 0.9998
Car 0.0000 0.0000 0.0000 401.0000 178.0000 521.0000 220.0000 1.4738 1.6587 4.0792 -5.4806 1.6383 26.6374 0.3671 0.9998
Car 0.0000 0.0000 0.0000 -178.0000 183.0000 140.0000 309.0000 1.5297 1.6286 3.5863 -8.9898 1.6775 10.6948 1.5600 0.9997
Car 0.0000 0.0000 0.0000 150.0000 178.0000 400.0000 299.0000 1.5028 1.6436 3.8371 -5.0820 1.5848 10.7081 0.6035 0.9988
Car 0.0000 0.0000 0.0000 557.0000 176.0000 585.0000 202.0000 1.5987 1.7248 3.9758 -2.4124 1.7381 46.7808 1.5504 0.9977
Car 0.0000 0.0000 0.0000 -225.0000 180.0000 24.0000 264.0000 1.5363 1.6569 3.9114 -14.8318 1.6826 15.3460 1.5008 0.9959
Car 0.0000 0.0000 0.0000 514.0000 174.0000 553.0000 202.0000 1.5106 1.6033 3.8569 -4.4178 1.5587 41.6925 1.2982 0.9908
Car 0.0000 0.0000 0.0000 585.0000 176.0000 640.0000 212.0000 1.5257 1.6509 4.0113 0.0928 1.6460 32.7819 1.3614 0.9883
Car 0.0000 0.0000 0.0000 650.0000 168.0000 711.0000 216.0000 2.1291 1.9376 5.1286 3.3189 1.8819 34.5759 1.4724 0.9870
Car 0.0000 0.0000 0.0000 438.0000 150.0000 480.0000 177.0000 1.5299 1.7056 4.2130 -8.9778 0.1475 43.4245 1.5508 0.9864
Car 0.0000 0.0000 0.0000 -178.0000 174.0000 -33.0000 216.0000 1.5897 1.7264 4.3209 -29.2321 1.6028 29.6120 1.5531 0.9709
Car 0.0000 0.0000 0.0000 626.0000 179.0000 644.0000 194.0000 1.4565 1.6836 3.7801 2.6403 1.9572 70.6574 1.5708 0.9664
