Car 0.0000 0.0000 0.0000 398.0000 174.0000 532.0000 272.0000 1.5497 1.6542 3.7174 -2.5431 1.5789 13.4169 1.5708 0.9998
Car 0.0000 0.0000 0.0000 667.0000 181.0000 761.0000 252.0000 1.4561 1.5896 3.5917 2.3206 1.6337 16.8831 1.5465 0.9998
Car 0.0000 0.0000 0.0000 798.0000 189.0000 1332.0000 512.0000 1.5155 1.6310 3.7339 2.6799 1.6637 5.3946 1.5708 0.9997
Car 0.0000 0.0000 0.0000 494.0000 178.0000 557.0000 228.0000 1.5125 1.6200 3.6037 -2.7307 1.6565 23.9880 1.5708 0.9993
Car 0.0000 0.0000 0.0000 461.0000 166.0000 544.0000 231.0000 1.5025 1.5902 3.3975 -2.6745 1.3275 18.5542 1.5708 0.9992
Car 0.0000 0.0000 0.0000 718.0000 177.0000 888.0000 295.0000 1.5611 1.6145 3.6387 2.8300 1.6179 11.4297 1.5460 0.9990
Car 0.0000 0.0000 0.0000 528.0000 175.0000 561.0000 204.0000 1.5025 1.6361 3.8713 -3.4478 1.5615 38.8659 1.5129 0.9989
Car 0.0000 0.0000 0.0000 639.0000 174.0000 687.0000 216.0000 1.5195 1.6403 3.8589 2.0544 1.5508 28.4163 1.5708 0.9987
Car 0.0000 0.0000 0.0000 599.0000 177.0000 632.0000 197.0000 1.7644 1.7609 4.2453 0.6819 2.0144 66.0927 -1.2312 0.9976
Car 0.0000 0.0000 0.0000 546.0000 170.0000 586.0000 198.0000 1.6499 1.7231 4.4429 -2.6093 1.4455 44.6948 -1.4666 0.9926
Car 0.0000 0.0000 0.0000 655.0000 174.0000 724.0000 225.0000 1.5324 1.5641 3.4569 2.5483 1.5463 23.5146 1.4837 0.9922
