Car 0.0000 0.0000 0.0000 326.0000 185.0000 543.0000 258.0000 1.4398 1.6642 4.2263 -3.7049 1.7081 15.5141 0.0942 1.0000
Car 0.0000 0.0000 0.0000 -9.0000 184.0000 263.0000 343.0000 1.5054 1.6671 4.1079 -6.1218 1.6504 8.8777 0.6874 0.9996
Car 0.0000 0.0000 0.0000 -138.0000 188.0000 32.0000 246.0000 1.6007 1.7323 4.1900 -20.7736 2.0681 22.8112 1.5051 0.9988
Car 0.0000 0.0000 0.0000 1319.0000 116.0000 1867.0000 291.0000 1.6086 1.6491 3.6464 10.8617 1.0923 8.4970 -1.4602 0.9984
Car 0.0000 0.0000 0.0000 1100.0000 130.0000 1509.0000 282.0000 1.5213 1.6076 3.5531 8.2502 1.0953 9.0818 1.5242 0.9983
Car 0.0000 0.0000 0.0000 1538.0000 99.0000 2297.0000 285.0000 1.5534 1.6635 4.0294 13.6869 0.9461 8.1677 -1.3597 0.9953
Car 0.0000 0.0000 0.0000 -1420.0000 228.0000 -68.0000 684.0000 1.4930 1.6387 4.0524 -6.0706 1.8250 3.5180 0.0833 0.9926
Car 0.0000 0.0000 0.0000 1919.0000 108.0000 2666.0000 285.0000 1.5223 1.6082 3.7083 18.0649 0.9648 8.1728 -0.9582 0.9896
Car 0.0000 0.0000 0.0000 -332.0000 197.0000 -124.0000 255.0000 1.5006 1.6948 4.2107 -25.4435 2.2621 22.0976 1.4818 0.9800
Car 0.0000 0.0000 0.0000 -469.0000 202.0000 -248.0000 287.0000 1.4917 1.6226 3.6815 -19.4370 2.0716 14.4306 0.3374 0.9737
