Car 0.0000 0.0000 0.0000 644.0000 178.0000 719.0000 233.0000 1.5561 1.6104 3.4395 2.1484 1.6849 22.2480 1.4622 0.9998
Car 0.0000 0.0000 0.0000 609.0000 182.0000 667.0000 222.0000 1.4900 1.6205 3.6652 1.0808 1.8280 29.1382 1.4087 0.9998
Car 0.0000 0.0000 0.0000 565.0000 188.0000 603.0000 217.0000 1.5379 1.7096 3.8526 -1.4639 2.3557 41.1452 1.4080 0.9998
Car 0.0000 0.0000 0.0000 -149.0000 201.0000 20.0000 284.0000 1.4877 1.6351 3.7708 -14.8871 2.1553 16.1093 1.1496 0.9998
Car 0.0000 0.0000 0.0000 705.0000 184.0000 849.0000 278.0000 1.4530 1.5908 3.8498 2.9039 1.6568 13.3677 1.5210 0.9996
Car 0.0000 0.0000 0.0000 768.0000 142.0000 1090.0000 346.0000 1.6245 1.6594 3.9573 2.9784 1.3912 7.7683 1.5600 0.9996
Car 0.0000 0.0000 0.0000 402.0000 190.0000 471.0000 238.0000 1.4816 1.6486 3.5850 -5.8447 2.0486 24.6726 1.5289 0.9996
Car 0.0000 0.0000 0.0000 543.0000 188.0000 572.0000 211.0000 1.5493 1.7185 4.0403 -3.7162 2.5550 51.3327 1.4188 0.9995
Car 0.0000 0.0000 0.0000 -437.0000 207.0000 -186.0000 296.0000 1.4700 1.6303 3.9598 -19.3279 2.2573 15.3586 1.1522 0.9990
Car 0.0000 0.0000 0.0000 -3394.0000 -860.0000 1410.0000 1396.0000 1.9240 1.7630 4.1879 2.8851 0.8991 1.4364 1.5708 0.9975
Car 0.0000 0.0000 0.0000 1046.0000 13.0000 1656.0000 281.0000 1.9281 1.7564 4.2972 6.6661 0.7815 7.3720 1.5602 0.9885
Car 0.0000 0.0000 0.0000 418.0000 183.0000 444.0000 202.0000 1.4934 1.6476 4.1062 -14.2958 2.2166 58.0636 1.4389 0.9686
