Car 0.0000 0.0000 0.0000 742.0000 174.0000 887.0000 223.0000 1.4549 1.6632 4.1503 6.4415 1.4842 22.9358 0.0391 0.9999
Car 0.0000 0.0000 0.0000 846.0000 176.0000 1119.0000 267.0000 1.4528 1.6460 3.9057 6.3247 1.5194 12.6262 0.1283 0.9999
Car 0.0000 0.0000 0.0000 825.0000 188.0000 1397.0000 511.0000 1.5186 1.6034 3.5526 3.0009 1.6553 5.3442 1.5084 0.9998
Car 0.0000 0.0000 0.0000 263.0000 161.0000 444.0000 223.0000 1.5178 1.6472 4.1832 -6.7112 1.2215 19.0938 0.0265 0.9998
Car 0.0000 0.0000 0.0000 811.0000 159.0000 1023.0000 234.0000 1.4808 1.6318 3.8231 6.3539 1.2161 15.2697 0.1178 0.9997
Car 0.0000 0.0000 0.0000 389.0000 178.0000 496.0000 218.0000 1.4953 1.6363 3.8596 -6.6080 1.6951 28.7179 0.0181 0.9996
Car 0.0000 0.0000 0.0000 -632.0000 170.0000 156.0000 421.0000 1.4933 1.6298 3.8911 -5.7517 1.4974 5.1794 0.0408 0.9994
Car 0.0000 0.0000 0.0000 -12.0000 178.0000 316.0000 295.0000 1.4802 1.5959 3.5967 -6.2590 1.5530 10.0342 0.0481 0.9987
Car 0.0000 0.0000 0.0000 448.0000 172.0000 520.0000 207.0000 1.5522 1.6218 3.8742 -5.9527 1.4849 34.0034 0.8860 0.9981
Car 0.0000 0.0000 0.0000 642.0000 162.0000 700.0000 210.0000 1.9670 1.8730 4.4519 2.6764 1.4851 32.0049 1.5010 0.9978
Car 0.0000 0.0000 0.0000 -1933.0000 227.0000 -143.0000 776.0000 1.4385 1.6256 3.9484 -5.8840 1.7229 2.9309 0.0485 0.9953
Car 0.0000 0.0000 0.0000 317.0000 176.0000 435.0000 231.0000 1.5340 1.6028 3.5768 -7.1020 1.6180 21.7336 0.6353 0.9885
Car 0.0000 0.0000 0.0000 516.0000 174.0000 540.0000 196.0000 1.4671 1.6359 3.9459 -5.9236 1.5233 52.6822 1.4531 0.9846
Car 0.0000 0.0000 0.0000 540.0000 175.0000 560.0000 191.0000 1.5001 1.6598 4.1209 -5.7101 1.6141 70.1205 1.5518 0.9684
