Car 0.0000 0.0000 0.0000 745.0000 182.0000 927.0000 248.0000 1.4818 1.6450 3.8979 5.3348 1.6895 17.3662 0.0553 0.9997
Car 0.0000 0.0000 0.0000 789.0000 190.0000 1028.0000 271.0000 1.4784 1.6748 4.0799 5.8208 1.8359 14.4375 0.0459 0.9995
Car 0.0000 0.0000 0.0000 -133.0000 179.0000 269.0000 314.0000 1.4764 1.6274 3.7879 -6.4774 1.5587 8.8008 0.0674 0.9995
Car 0.0000 0.0000 0.0000 631.0000 179.0000 682.0000 217.0000 1.5977 1.7229 4.0108 2.0948 1.8294 32.8464 1.4971 0.9994
Car 0.0000 0.0000 0.0000 115.0000 179.0000 372.0000 268.0000 1.5132 1.6438 3.9225 -6.6732 1.6201 13.3276 0.0183 0.9994
Car 0.0000 0.0000 0.0000 166.0000 161.0000 388.0000 238.0000 1.5771 1.6590 4.1400 -7.2516 1.3309 15.8854 0.0627 0.9993
Car 0.0000 0.0000 0.0000 -453.0000 186.0000 171.0000 385.0000 1.5000 1.6422 3.9479 -6.3971 1.6364 6.3896 0.0405 0.9992
Car 0.0000 0.0000 0.0000 1194.0000 175.0000 2425.0000 505.0000 1.4566 1.6515 3.9488 6.0579 1.4868 4.1588 0.0830 0.9992
Car 0.0000 0.0000 0.0000 911.0000 177.0000 1314.0000 310.0000 1.5335 1.6594 3.9574 6.2078 1.5911 9.3478 0.1202 0.9990
Car 0.0000 0.0000 0.0000 404.0000 181.0000 503.0000 219.0000 1.4674 1.6209 3.7033 -6.3681 1.7843 29.7169 0.0500 0.9984
Car 0.0000 0.0000 0.0000 735.0000 171.0000 887.0000 229.0000 1.4904 1.6139 3.7561 5.4576 1.4385 19.8251 0.0623 0.9983
Car 0.0000 0.0000 0.0000 1025.0000 188.0000 1654.0000 385.0000 1.4854 1.6376 3.8174 6.1454 1.6420 6.5248 0.1011 0.9980
Car 0.0000 0.0000 0.0000 376.0000 177.0000 492.0000 218.0000 1.4749 1.6201 3.9631 -6.5689 1.6155 27.2143 0.0458 0.9978
Car 0.0000 0.0000 0.0000 853.0000 183.0000 1141.0000 283.0000 1.5102 1.6274 3.8440 6.1765 1.6822 11.8958 0.1052 0.9946
Car 0.0000 0.0000 0.0000 692.0000 172.0000 749.0000 192.0000 1.5079 1.6568 4.1845 8.5749 1.3568 55.1144 0.1759 0.9924
Car 0.0000 0.0000 0.0000 -1327.0000 201.0000 -145.0000 567.0000 1.4679 1.6011 3.7463 -6.7811 1.6562 3.8954 0.0603 0.9861
