Car 0.0000 0.0000 0.0000 671.0000 176.0000 812.0000 275.0000 1.5250 1.6414 3.8674 2.1930 1.5748 13.1122 1.5135 0.9999
Car 0.0000 0.0000 0.0000 301.0000 175.0000 425.0000 250.0000 1.4602 1.5926 3.5666 -5.3116 1.5033 15.9063 1.5455 0.9998
Car 0.0000 0.0000 0.0000 -135.0000 165.0000 293.0000 370.0000 1.4757 1.5994 3.6916 -4.7359 1.4337 7.1122 1.5401 0.9998
Car 0.0000 0.0000 0.0000 386.0000 173.0000 469.0000 226.0000 1.4840 1.6264 3.7954 -5.5653 1.4906 22.4007 1.5699 0.9997
Car 0.0000 0.0000 0.0000 540.0000 178.0000 584.0000 218.0000 1.5355 1.6628 3.6664 -1.8805 1.7009 29.4583 1.5331 0.9996
Car 0.0000 0.0000 0.0000 465.0000 181.0000 504.0000 208.0000 1.4679 1.6472 3.8802 -7.2972 1.8989 42.5534 1.5692 0.9986
Car 0.0000 0.0000 0.0000 175.0000 167.0000 316.0000 230.0000 1.5302 1.7325 4.4759 -9.8635 1.3916 19.9179 1.5438 0.9985
Car 0.0000 0.0000 0.0000 581.0000 180.0000 604.0000 201.0000 1.4991 1.6816 4.0603 -1.2517 1.9946 55.7970 1.5358 0.9977
Car 0.0000 0.0000 0.0000 419.0000 180.0000 478.0000 220.0000 1.5352 1.7009 4.3682 -6.6291 1.7790 30.1210 1.5231 0.9967
Car 0.0000 0.0000 0.0000 -208.0000 153.0000 119.0000 278.0000 1.4778 1.6009 3.6415 -9.1478 1.2485 10.4885 1.5189 0.9966
Car 0.0000 0.0000 0.0000 435.0000 176.0000 461.0000 193.0000 1.4723 1.6477 3.9105 -14.4208 1.6935 64.7060 1.5275 0.9954
Car 0.0000 0.0000 0.0000 322.0000 179.0000 394.0000 219.0000 1.4451 1.6123 3.7197 -9.8695 1.6623 28.5721 1.5544 0.9950
Car 0.0000 0.0000 0.0000 367.0000 172.0000 417.0000 205.0000 1.6852 1.7407 3.9239 -11.7910 1.6079 39.3265 1.5182 0.9906
Car 0.0000 0.0000 0.0000 514.0000 183.0000 547.0000 214.0000 1.5174 1.6612 4.1748 -4.2276 2.0328 38.9987 1.4645 0.9876
Car 0.0000 0.0000 0.0000 -1769.0000 187.0000 -237.0000 583.0000 1.5062 1.6389 3.8040 -8.6838 1.6196 4.7644 1.5346 0.9868
Car 0.0000 0.0000 0.0000 498.0000 179.0000 520.0000 197.0000 1.5368 1.7038 4.2641 -9.2175 2.0515 66.9728 1.5178 0.9835
