Car 0.0000 0.0000 0.0000 263.0000 194.0000 398.0000 273.0000 1.4806 1.6304 3.6098 -6.0504 1.9635 16.0037 1.5604 0.9999
Car 0.0000 0.0000 0.0000 434.0000 184.0000 489.0000 224.0000 1.5113 1.6638 3.9349 -6.0460 1.9492 29.8149 1.5252 0.9999
Car 0.0000 0.0000 0.0000 678.0000 178.0000 768.0000 241.0000 1.5139 1.6230 3.7754 2.9316 1.6277 19.4301 1.5186 0.9997
Car 0.0000 0.0000 0.0000 359.0000 192.0000 453.0000 251.0000 1.5168 1.6853 4.0598 -6.0090 2.1134 21.7063 1.5662 0.9993
Car 0.0000 0.0000 0.0000 563.0000 184.0000 582.0000 202.0000 1.5734 1.7405 4.1326 -3.2909 2.5095 66.2613 1.5319 0.9990
Car 0.0000 0.0000 0.0000 526.0000 183.0000 550.0000 202.0000 1.5225 1.6965 4.0195 -6.0599 2.3414 62.2896 1.5495 0.9978
Car 0.0000 0.0000 0.0000 -133.0000 196.0000 19.0000 252.0000 1.5242 1.6714 3.6010 -20.8057 2.2498 22.6532 1.4847 0.9975
Car 0.0000 0.0000 0.0000 -203.0000 203.0000 -26.0000 261.0000 1.5603 1.7273 4.2145 -23.5404 2.6069 23.6247 1.5017 0.9970
Car 0.0000 0.0000 0.0000 1153.0000 135.0000 1312.0000 191.0000 2.0195 1.8734 4.9140 24.8832 0.6187 29.0322 1.4965 0.9970
Car 0.0000 0.0000 0.0000 1267.0000 152.0000 1412.0000 193.0000 1.5540 1.6867 3.8959 29.3551 0.7206 29.0250 0.0986 0.9963
Car 0.0000 0.0000 0.0000 464.0000 184.0000 511.0000 217.0000 1.5438 1.7098 4.1939 -6.0958 2.0654 36.5237 1.5488 0.9953
Car 0.0000 0.0000 0.0000 1303.0000 148.0000 1419.0000 184.0000 1.4841 1.6410 3.9146 33.6690 0.4040 32.3888 -1.3725 0.9920
Car 0.0000 0.0000 0.0000 631.0000 177.0000 651.0000 194.0000 1.5323 1.6728 3.9723 3.1104 1.8438 68.7349 1.5665 0.9912
Car 0.0000 0.0000 0.0000 -279.0000 208.0000 -108.0000 267.0000 1.5623 1.7266 3.9684 -25.9750 2.7738 23.4718 1.3498 0.9868
Car 0.0000 0.0000 0.0000 708.0000 173.0000 738.0000 191.0000 1.4956 1.6688 4.0571 9.9746 1.4408 62.9228 1.4945 0.9803
