Car 0.0000 0.0000 0.0000 475.0000 171.0000 511.0000 204.0000 1.7987 1.7968 4.3869 -6.7894 1.6624 41.9131 1.3535 0.9994
Car 0.0000 0.0000 0.0000 -242.0000 162.0000 194.0000 324.0000 1.5725 1.6313 3.8756 -7.5531 1.4774 9.0883 -1.2787 0.9993
Car 0.0000 0.0000 0.0000 1146.0000 180.0000 1252.0000 213.0000 1.5601 1.6651 4.0652 29.6609 1.8849 36.3502 1.4144 0.9992
Car 0.0000 0.0000 0.0000 -1359.0000 173.0000 -107.0000 532.0000 1.5513 1.6717 4.2173 -6.9585 1.5761 4.0399 0.0472 0.9990
Car 0.0000 0.0000 0.0000 -23.0000 167.0000 276.0000 268.0000 1.4924 1.6126 3.8245 -7.7164 1.4165 11.6496 0.0620 0.9987
Car 0.0000 0.0000 0.0000 147.0000 170.0000 327.0000 237.0000 1.5232 1.5893 3.6732 -9.0608 1.4375 17.7713 -0.2530 0.9985
Car 0.0000 0.0000 0.0000 988.0000 176.0000 1964.0000 477.0000 1.4666 1.6268 3.8470 4.7043 1.5031 4.5021 0.1008 0.9976
Car 0.0000 0.0000 0.0000 1325.0000 190.0000 1507.0000 251.0000 1.4784 1.6274 3.6675 22.3714 1.9568 20.1972 -1.3119 0.9969
Car 0.0000 0.0000 0.0000 1301.0000 179.0000 4853.0000 1109.0000 1.4604 1.6134 3.8540 4.7509 1.4967 2.0827 0.0782 0.9952
Car 0.0000 0.0000 0.0000 351.0000 168.0000 389.0000 201.0000 1.4975 1.6204 3.9768 -11.4908 1.2438 34.7675 1.2806 0.9901
Car 0.0000 0.0000 0.0000 -683.0000 187.0000 36.0000 413.0000 1.5327 1.6034 3.6457 -7.5476 1.6749 6.2212 -0.2000 0.9890
