Car 0.0000 0.0000 0.0000 726.0000 186.0000 907.0000 300.0000 1.4555 1.6032 3.5566 2.9889 1.6605 11.2523 1.5120 0.9998
Car 0.0000 0.0000 0.0000 -103.0000 181.0000 309.0000 319.0000 1.4830 1.6383 3.8822 -5.9315 1.5837 8.6542 0.0556 0.9996
Car 0.0000 0.0000 0.0000 709.0000 176.0000 821.0000 216.0000 1.5008 1.6668 4.1179 6.1826 1.6002 28.8207 -0.0075 0.9996
Car 0.0000 0.0000 0.0000 53.0000 175.0000 365.0000 284.0000 1.5038 1.6269 3.8584 -5.9481 1.5396 10.9171 0.0378 0.9993
Car 0.0000 0.0000 0.0000 793.0000 179.0000 969.0000 239.0000 1.4386 1.6408 3.8837 6.8687 1.5878 18.5192 0.0434 0.9992
Car 0.0000 0.0000 0.0000 340.0000 164.0000 478.0000 211.0000 1.5436 1.6654 4.2837 -6.8853 1.2239 24.9573 0.0448 0.9989
Car 0.0000 0.0000 0.0000 757.0000 171.0000 903.0000 225.0000 1.4800 1.6354 3.8594 6.3689 1.4322 21.1446 0.1291 0.9989
Car 0.0000 0.0000 0.0000 -1822.0000 198.0000 -23.0000 750.0000 1.5079 1.6110 3.6784 -5.9144 1.6852 3.6640 -0.4759 0.9988
Car 0.0000 0.0000 0.0000 208.0000 174.0000 402.0000 253.0000 1.5742 1.6286 3.7724 -6.5607 1.5909 15.8899 -0.2812 0.9987
Car 0.0000 0.0000 0.0000 -482.0000 177.0000 164.0000 383.0000 1.4980 1.6222 3.8516 -6.2564 1.5473 6.1273 0.0262 0.9983
Car 0.0000 0.0000 0.0000 428.0000 174.0000 514.0000 207.0000 1.5074 1.6140 3.7546 -6.5551 1.5385 34.4341 0.0279 0.9959
Car 0.0000 0.0000 0.0000 500.0000 167.0000 534.0000 196.0000 1.5566 1.6583 3.9715 -5.2675 1.2090 40.9024 1.3942 0.9941
Car 0.0000 0.0000 0.0000 634.0000 168.0000 679.0000 206.0000 1.8904 1.7978 4.4585 2.4543 1.5967 37.9431 1.5074 0.9935
Car 0.0000 0.0000 0.0000 621.0000 171.0000 645.0000 192.0000 1.5449 1.6836 3.9890 1.8058 1.3385 54.8469 1.5708 0.9852
Car 0.0000 0.0000 0.0000 671.0000 168.0000 713.0000 184.0000 1.4613 1.6215 3.7947 7.6722 0.9269 66.2502 0.1172 0.9655
