Car 0.0000 0.0000 0.0000 237.0000 182.0000 359.0000 239.0000 1.6024 1.7205 4.1766 -9.6766 1.8672 22.7301 -1.4637 0.9999
Car 0.0000 0.0000 0.0000 542.0000 172.0000 586.0000 199.0000 1.5756 1.6911 4.1401 -2.6854 1.4606 43.9381 -1.3754 0.9999
Car 0.0000 0.0000 0.0000 598.0000 176.0000 669.0000 241.0000 1.5734 1.6535 3.6201 0.5481 1.6438 19.4187 1.5395 0.9998
Car 0.0000 0.0000 0.0000 -158.0000 179.0000 139.0000 299.0000 1.7422 1.7174 4.0537 -10.4104 1.8400 12.5492 1.5655 0.9998
Car 0.0000 0.0000 0.0000 318.0000 181.0000 441.0000 251.0000 1.6077 1.7445 4.4413 -5.9001 1.7946 19.0234 1.5708 0.9998
Car 0.0000 0.0000 0.0000 422.0000 178.0000 484.0000 213.0000 1.6033 1.7530 4.5534 -7.5974 1.7943 35.4859 1.5708 0.9995
Car 0.0000 0.0000 0.0000 762.0000 165.0000 964.0000 267.0000 1.5571 1.6284 3.8816 4.5949 1.4226 12.8860 -0.6908 0.9989
Car 0.0000 0.0000 0.0000 -242.0000 190.0000 23.0000 277.0000 1.4909 1.6519 4.0197 -14.6123 1.8637 14.9696 1.5136 0.9970
Car 0.0000 0.0000 0.0000 996.0000 165.0000 1316.0000 417.0000 1.5103 1.6918 3.9322 4.7322 1.4667 6.3758 -0.9040 0.9966
Car 0.0000 0.0000 0.0000 646.0000 175.0000 675.0000 199.0000 1.4685 1.6000 3.7238 3.3305 1.5345 46.0131 -1.4318 0.9950
Car 0.0000 0.0000 0.0000 682.0000 173.0000 711.0000 190.0000 1.4903 1.6577 3.6942 7.9339 1.4108 64.5780 -1.1972 0.9925
Car 0.0000 0.0000 0.0000 -3095.0000 211.0000 -167.0000 1079.0000 1.5820 1.7201 3.9628 -6.7822 1.8592 3.4467 1.5708 0.9921
Car 0.0000 0.0000 0.0000 84.0000 186.0000 216.0000 242.0000 1.5071 1.6144 3.8372 -13.8591 1.8888 21.9645 1.5647 0.9834
Car 0.0000 0.0000 0.0000 869.0000 176.0000 919.0000 194.0000 1.4631 1.6432 3.7490 24.4053 1.6569 61.7058 0.1928 0.9657
