Car 0.0000 0.0000 0.0000 242.0000 187.0000 465.0000 262.0000 1.4586 1.6670 4.1348 -5.3663 1.7734 15.2900 0.0846 0.9999
Car 0.0000 0.0000 0.0000 398.0000 164.0000 525.0000 208.0000 1.5636 1.6769 4.4145 -5.5587 1.2252 27.3404 0.0732 0.9995
Car 0.0000 0.0000 0.0000 394.0000 180.0000 522.0000 225.0000 1.4891 1.6492 4.0504 -5.2100 1.7019 25.0150 0.0428 0.9995
Car 0.0000 0.0000 0.0000 302.0000 184.0000 482.0000 250.0000 1.4902 1.6377 3.8789 -5.2603 1.7644 17.5957 0.0858 0.9995
Car 0.0000 0.0000 0.0000 663.0000 178.0000 717.0000 216.0000 1.4945 1.6700 4.0800 3.3831 1.6941 30.8227 1.5346 0.9992
Car 0.0000 0.0000 0.0000 -228.0000 174.0000 218.0000 326.0000 1.4482 1.5984 3.4964 -6.4407 1.4709 7.7508 0.0313 0.9992
Car 0.0000 0.0000 0.0000 -654.0000 213.0000 151.0000 474.0000 1.4926 1.6644 4.1046 -5.9655 1.8374 5.2795 0.0524 0.9988
Car 0.0000 0.0000 0.0000 330.0000 183.0000 486.0000 239.0000 1.5031 1.6419 3.9558 -5.6728 1.7852 20.4803 0.0758 0.9988
Car 0.0000 0.0000 0.0000 141.0000 180.0000 400.0000 272.0000 1.4902 1.6304 3.8598 -5.9337 1.6261 12.8067 0.0627 0.9985
Car 0.0000 0.0000 0.0000 518.0000 177.0000 572.0000 197.0000 1.6032 1.6322 4.1518 -5.2220 1.8475 59.4951 0.2098 0.9731
