Car 0.0000 0.0000 0.0000 680.0000 173.0000 740.0000 219.0000 1.5212 1.6383 3.7450 3.5993 1.5208 26.2576 1.5708 1.0000
Car 0.0000 0.0000 0.0000 574.0000 167.0000 632.0000 222.0000 1.6315 1.7206 3.8515 -0.2022 1.4447 23.5054 1.5708 0.9999
Car 0.0000 0.0000 0.0000 800.0000 182.0000 1108.0000 350.0000 1.5409 1.6792 4.2699 3.7554 1.6523 8.8605 1.5589 0.9991
Car 0.0000 0.0000 0.0000 79.0000 171.0000 375.0000 318.0000 1.5291 1.6521 3.9150 -5.0263 1.5247 9.2432 0.5774 0.9989
Car 0.0000 0.0000 0.0000 321.0000 175.0000 470.0000 246.0000 1.5155 1.6438 4.0010 -5.2396 1.5557 17.3046 0.7607 0.9983
Car 0.0000 0.0000 0.0000 -130.0000 178.0000 272.0000 449.0000 1.4903 1.6581 4.0570 -4.6253 1.5473 5.8847 0.6704 0.9977
Car 0.0000 0.0000 0.0000 -906.0000 124.0000 -43.0000 426.0000 1.8935 1.7656 4.0719 -8.7534 1.5984 6.5829 1.5695 0.9973
Car 0.0000 0.0000 0.0000 -91.0000 169.0000 100.0000 238.0000 1.5363 1.6388 3.7811 -14.8557 1.4375 17.9381 1.5534 0.9969
Car 0.0000 0.0000 0.0000 439.0000 168.0000 503.0000 224.0000 1.6328 1.7007 4.0580 -4.5896 1.4859 23.4601 1.2938 0.9964
Car 0.0000 0.0000 0.0000 268.0000 181.0000 370.0000 233.0000 1.4732 1.6608 3.9436 -9.0561 1.6984 22.7486 1.5638 0.9957
Car 0.0000 0.0000 0.0000 484.0000 175.0000 560.0000 205.0000 1.5451 1.6253 3.7510 -4.6878 1.6365 38.8713 0.3684 0.9928
Car 0.0000 0.0000 0.0000 173.0000 171.0000 274.0000 214.0000 1.5261 1.7100 4.1800 -14.8725 1.4361 28.0190 1.5708 0.9895
Car 0.0000 0.0000 0.0000 592.0000 173.0000 629.0000 207.0000 1.4744 1.6319 3.7782 0.0489 1.4686 33.8209 1.5680 0.9893
Car 0.0000 0.0000 0.0000 641.0000 173.0000 675.0000 198.0000 1.5553 1.6496 3.9408 3.1524 1.4956 46.9075 1.4863 0.9754
Car 0.0000 0.0000 0.0000 479.0000 163.0000 512.0000 187.0000 1.8037 1.7887 4.2614 -8.6226 0.9912 55.0389 1.5708 0.9749
Car 0.0000 0.0000 0.0000 570.0000 173.0000 593.0000 192.0000 1.5047 1.6429 3.9314 -2.1670 1.4141 59.0914 1.5708 0.9616
