Car 0.0000 0.0000 0.0000 463.0000 186.0000 529.0000 233.0000 1.5233 1.6875 4.0855 -4.0122 1.9770 26.0576 1.5708 0.9999
Car 0.0000 0.0000 0.0000 799.0000 186.0000 1043.0000 326.0000 1.5000 1.6378 3.8899 3.9587 1.6973 9.9693 1.5599 0.9998
Car 0.0000 0.0000 0.0000 747.0000 184.0000 866.0000 260.0000 1.4583 1.5840 3.4820 4.1696 1.6849 15.8237 1.5485 0.9997
Car 0.0000 0.0000 0.0000 720.0000 179.0000 806.0000 238.0000 1.5374 1.6298 3.6740 4.3394 1.6944 20.8962 1.5540 0.9997
Car 0.0000 0.0000 0.0000 956.0000 186.0000 2855.0000 968.0000 1.5863 1.7208 4.6462 3.8185 1.6768 3.8373 1.5635 0.9995
Car 0.0000 0.0000 0.0000 564.0000 181.0000 588.0000 203.0000 1.5167 1.7088 4.1006 -2.4589 2.0544 53.3193 1.5158 0.9994
Car 0.0000 0.0000 0.0000 702.0000 178.0000 766.0000 224.0000 1.5448 1.6547 3.7467 4.5093 1.7150 26.4936 1.5558 0.9981
Car 0.0000 0.0000 0.0000 520.0000 183.0000 557.0000 215.0000 1.5041 1.6504 3.9526 -3.5482 1.9937 36.7762 1.5187 0.9973
Car 0.0000 0.0000 0.0000 898.0000 181.0000 938.0000 206.0000 1.5163 1.6918 4.1042 20.0814 2.0033 46.8493 -1.3306 0.9929
Car 0.0000 0.0000 0.0000 396.0000 179.0000 482.0000 209.0000 1.4494 1.5924 3.8893 -8.4612 1.7206 35.9972 0.0778 0.9797
Car 0.0000 0.0000 0.0000 934.0000 177.0000 988.0000 205.0000 1.5064 1.6708 4.0011 20.1753 1.6768 41.3759 -1.4218 0.9755
