Car 0.0000 0.0000 0.0000 742.0000 181.0000 913.0000 239.0000 1.4466 1.6835 4.0636 5.7621 1.6546 19.3844 -0.0069 0.9999
Car 0.0000 0.0000 0.0000 -50.0000 182.0000 347.0000 313.0000 1.4834 1.6543 4.1137 -5.7410 1.6097 9.1684 0.0854 0.9998
Car 0.0000 0.0000 0.0000 1004.0000 181.0000 1546.0000 342.0000 1.4541 1.6475 3.9615 6.4976 1.5441 7.4416 0.0561 0.9996
Car 0.0000 0.0000 0.0000 232.0000 173.0000 361.0000 267.0000 1.5501 1.6332 3.9383 -6.2327 1.5652 14.0259 0.9882 0.9991
Car 0.0000 0.0000 0.0000 917.0000 182.0000 1290.0000 303.0000 1.4476 1.6493 3.8360 6.3986 1.5824 9.6880 0.0294 0.9991
Car 0.0000 0.0000 0.0000 385.0000 182.0000 500.0000 223.0000 1.4724 1.6456 3.9866 -6.2936 1.8032 27.3886 0.0306 0.9991
Car 0.0000 0.0000 0.0000 -841.0000 204.0000 106.0000 501.0000 1.4452 1.6299 3.7973 -5.6607 1.6786 4.5053 0.0186 0.9989
Car 0.0000 0.0000 0.0000 110.0000 191.0000 386.0000 295.0000 1.4765 1.6152 3.5988 -5.6518 1.7855 11.4512 0.0549 0.9989
Car 0.0000 0.0000 0.0000 635.0000 181.0000 681.0000 217.0000 1.5505 1.6580 3.6199 2.2376 1.9031 33.7846 1.5062 0.9982
Car 0.0000 0.0000 0.0000 -312.0000 198.0000 238.0000 381.0000 1.4867 1.6422 3.8667 -5.9701 1.7550 6.9264 0.0170 0.9978
Car 0.0000 0.0000 0.0000 295.0000 182.0000 455.0000 241.0000 1.4779 1.6082 3.7065 -6.1796 1.7034 19.1461 0.0679 0.9947
Car 0.0000 0.0000 0.0000 618.0000 179.0000 640.0000 198.0000 1.5076 1.6658 3.9964 1.7000 1.9760 61.5650 1.5475 0.9935
Car 0.0000 0.0000 0.0000 244.0000 183.0000 420.0000 251.0000 1.4912 1.5740 3.5128 -6.4423 1.7155 16.8388 0.1185 0.9874
Car 0.0000 0.0000 0.0000 555.0000 178.0000 579.0000 198.0000 1.5349 1.6692 4.1707 -3.4281 1.8601 58.0730 1.4531 0.9836
Car 0.0000 0.0000 0.0000 403.0000 181.0000 511.0000 219.0000 1.5380 1.6247 4.1477 -6.3961 1.8691 30.4567 0.1776 0.9808
