Car 0.0000 0.0000 0.0000 624.0000 170.0000 699.0000 242.0000 1.6076 1.6771 3.5225 1.2101 1.5358 17.9304 1.5708 0.9998
Car 0.0000 0.0000 0.0000 -81.0000 172.0000 334.0000 377.0000 1.4806 1.6519 4.0945 -4.3641 1.4892 7.3302 1.5181 0.9996
Car 0.0000 0.0000 0.0000 -35.0000 174.0000 157.0000 248.0000 1.4676 1.6007 3.6252 -12.2170 1.4971 16.3043 1.5708 0.9995
Car 0.0000 0.0000 0.0000 673.0000 180.0000 702.0000 206.0000 1.4750 1.6324 3.8270 4.7077 1.8159 42.7475 -1.4461 0.9993
Car 0.0000 0.0000 0.0000 185.0000 148.0000 302.0000 205.0000 1.7118 1.7185 4.2489 -11.9867 0.9331 23.9185 1.5708 0.9991
Car 0.0000 0.0000 0.0000 498.0000 171.0000 535.0000 201.0000 1.5367 1.6441 3.7033 -5.0535 1.4122 39.5848 1.5451 0.9981
Car 0.0000 0.0000 0.0000 160.0000 185.0000 315.0000 261.0000 1.4680 1.6291 3.7610 -8.1989 1.7428 16.2059 1.5437 0.9976
Car 0.0000 0.0000 0.0000 733.0000 183.0000 761.0000 201.0000 1.5458 1.7166 4.1653 12.5389 2.3678 65.2221 1.5708 0.9973
Car 0.0000 0.0000 0.0000 124.0000 178.0000 190.0000 203.0000 1.5864 1.7573 4.4535 -30.6846 1.8811 49.0490 1.5386 0.9952
Car 0.0000 0.0000 0.0000 -974.0000 184.0000 -35.0000 464.0000 1.5462 1.6665 4.0402 -8.1606 1.6475 6.0789 1.5708 0.9896
Car 0.0000 0.0000 0.0000 528.0000 168.0000 557.0000 194.0000 1.7427 1.7728 4.1142 -4.6437 1.3405 50.8179 1.5351 0.9645
