Car 0.0000 0.0000 0.0000 266.0000 187.0000 419.0000 270.0000 1.5019 1.6557 3.9610 -5.5735 1.8219 15.5154 1.5708 0.9999
Car 0.0000 0.0000 0.0000 446.0000 182.0000 501.0000 221.0000 1.5280 1.6519 3.7301 -5.7022 1.8618 30.6057 1.5580 0.9999
Car 0.0000 0.0000 0.0000 764.0000 177.0000 990.0000 307.0000 1.4807 1.6051 3.7280 3.4868 1.5408 10.2207 1.5048 0.9998
Car 0.0000 0.0000 0.0000 -376.0000 208.0000 197.0000 456.0000 1.4609 1.6185 3.7184 -5.6758 1.8500 6.5554 1.5708 0.9998
Car 0.0000 0.0000 0.0000 672.0000 170.0000 738.0000 220.0000 1.5684 1.6221 3.5833 3.1516 1.4546 24.3632 1.5315 0.9998
Car 0.0000 0.0000 0.0000 711.0000 176.0000 831.0000 256.0000 1.5191 1.6235 3.9300 3.3432 1.5759 15.7085 1.5463 0.9995
Car 0.0000 0.0000 0.0000 663.0000 169.0000 716.0000 208.0000 1.5230 1.5702 3.5117 3.2787 1.3514 29.9155 1.5045 0.9942
Car 0.0000 0.0000 0.0000 -4504.0000 -1627.0000 1587.0000 544.0000 1.4867 1.5968 3.5980 3.2603 1.5087 1.1871 1.5518 0.9906
Car 0.0000 0.0000 0.0000 -59.0000 187.0000 122.0000 245.0000 1.4584 1.5885 3.6666 -15.5060 1.8320 19.3852 0.0427 0.9879
Car 0.0000 0.0000 0.0000 1572.0000 -2108.0000 13614.0000 1589.0000 2.3303 1.9347 5.1107 8.6224 0.8835 3.0855 1.4609 0.9737
Car 0.0000 0.0000 0.0000 470.0000 179.0000 513.0000 211.0000 1.4709 1.5964 3.7714 -5.7787 1.7310 35.7206 1.5548 0.9704
