Car 0.0000 0.0000 0.0000 779.0000 194.0000 975.0000 315.0000 1.5147 1.6387 3.7106 3.9830 1.8823 11.4552 1.5504 1.0000
Car 0.0000 0.0000 0.0000 597.0000 180.0000 661.0000 240.0000 1.5689 1.6821 3.7295 0.5619 1.7586 21.0488 1.5708 0.9999
Car 0.0000 0.0000 0.0000 723.0000 179.0000 830.0000 247.0000 1.5652 1.6710 4.1046 4.2208 1.7031 18.8997 1.5246 0.9995
Car 0.0000 0.0000 0.0000 -124.0000 171.0000 304.0000 408.0000 1.5182 1.6383 3.9739 -4.7259 1.5278 6.3485 0.5426 0.9991
Car 0.0000 0.0000 0.0000 468.0000 178.0000 561.0000 216.0000 1.5003 1.6441 3.7178 -3.9818 1.6953 30.0524 0.6012 0.9991
Car 0.0000 0.0000 0.0000 63.0000 171.0000 211.0000 234.0000 1.7248 1.7339 4.1917 -14.2206 1.6541 21.9847 1.5708 0.9990
Car 0.0000 0.0000 0.0000 131.0000 171.0000 422.0000 317.0000 1.5134 1.6336 3.7989 -4.3702 1.5052 9.2011 0.5897 0.9989
Car 0.0000 0.0000 0.0000 361.0000 173.0000 515.0000 246.0000 1.5083 1.6408 3.8827 -4.1368 1.5209 16.9576 0.7503 0.9981
Car 0.0000 0.0000 0.0000 691.0000 182.0000 739.0000 221.0000 1.5122 1.6523 3.7259 4.4644 1.8875 30.7851 1.5708 0.9980
Car 0.0000 0.0000 0.0000 682.0000 172.0000 728.0000 207.0000 1.6356 1.7116 3.8687 4.7780 1.5822 36.1715 1.5599 0.9970
Car 0.0000 0.0000 0.0000 -4285.0000 -1039.0000 1589.0000 860.0000 1.7872 1.7083 3.9810 3.6168 1.1749 1.2904 1.5533 0.9965
Car 0.0000 0.0000 0.0000 239.0000 179.0000 363.0000 240.0000 1.4794 1.6350 3.8939 -8.1872 1.6151 19.4321 1.5708 0.9945
Car 0.0000 0.0000 0.0000 620.0000 174.0000 640.0000 192.0000 1.4901 1.6784 3.8689 1.8652 1.5369 64.1108 1.5694 0.9936
Car 0.0000 0.0000 0.0000 328.0000 176.0000 406.0000 226.0000 1.5021 1.6277 3.8159 -7.8857 1.5838 23.6934 1.4673 0.9814
Car 0.0000 0.0000 0.0000 1126.0000 190.0000 1323.0000 272.0000 1.5499 1.5886 3.5973 13.3435 1.9385 15.9325 -1.4371 0.9750
Car 0.0000 0.0000 0.0000 -1126.0000 127.0000 -29.0000 892.0000 1.5291 1.6589 3.9220 -4.5038 1.4590 3.3266 0.6936 0.9722
Car 0.0000 0.0000 0.0000 712.0000 177.0000 738.0000 195.0000 1.5077 1.6720 4.0515 10.1652 1.7504 62.9896 1.5708 0.9718
