Car 0.0000 0.0000 0.0000 368.0000 182.0000 543.0000 239.0000 1.4416 1.6758 4.2515 -4.0830 1.6820 19.3051 0.1384 1.0000
Car 0.0000 0.0000 0.0000 1107.0000 167.0000 1308.0000 221.0000 1.4513 1.6576 4.1349 16.9081 1.3037 20.5535 0.1777 0.9999
Car 0.0000 0.0000 0.0000 329.0000 187.0000 373.0000 210.0000 1.5471 1.7421 3.9612 -18.7314 2.5604 52.5090 1.5672 0.9999
Car 0.0000 0.0000 0.0000 1319.0000 171.0000 1459.0000 206.0000 1.4668 1.6836 4.1879 34.8486 1.3795 32.2641 0.0913 0.9997
Car 0.0000 0.0000 0.0000 13.0000 198.0000 183.0000 254.0000 1.4899 1.6727 4.0780 -14.8721 2.2214 20.9838 0.1812 0.9997
Car 0.0000 0.0000 0.0000 952.0000 176.0000 1085.0000 218.0000 1.5104 1.6666 4.0952 15.5666 1.6165 27.5673 0.1197 0.9994
Car 0.0000 0.0000 0.0000 545.0000 160.0000 768.0000 373.0000 1.5550 1.6467 3.4831 0.2705 1.4752 7.0803 1.5465 0.9993
Car 0.0000 0.0000 0.0000 520.0000 185.0000 565.0000 221.0000 1.5034 1.6771 4.1972 -3.0108 2.0188 33.1389 1.5652 0.9839
Car 0.0000 0.0000 0.0000 -413.0000 222.0000 -234.0000 277.0000 1.5232 1.6919 4.0588 -33.2693 3.3841 25.8353 1.3603 0.9734
Car 0.0000 0.0000 0.0000 636.0000 169.0000 655.0000 186.0000 1.5442 1.6511 4.0087 3.4812 1.1252 68.7743 1.5708 0.9622
