Car 0.0000 0.0000 0.0000 400.0000 193.0000 471.0000 243.0000 1.5530 1.7008 3.7500 -6.1057 2.2886 25.6212 1.5424 1.0000
Car 0.0000 0.0000 0.0000 654.0000 175.0000 711.0000 217.0000 1.5615 1.6794 3.9470 2.8877 1.6175 29.1463 1.5221 0.9998
Car 0.0000 0.0000 0.0000 -115.0000 210.0000 -3.0000 249.0000 1.5170 1.6937 3.7795 -30.7969 3.2505 33.2677 1.5475 0.9997
Car 0.0000 0.0000 0.0000 98.0000 200.0000 183.0000 238.0000 1.5057 1.6401 3.7064 -20.8709 2.7222 32.2297 1.4835 0.9996
Car 0.0000 0.0000 0.0000 442.0000 190.0000 495.0000 229.0000 1.4845 1.6604 3.8963 -6.0379 2.2210 31.2313 1.5400 0.9994
Car 0.0000 0.0000 0.0000 -1.0000 208.0000 116.0000 244.0000 1.4834 1.7089 4.2922 -24.7638 3.0507 32.3158 0.1461 0.9993
Car 0.0000 0.0000 0.0000 479.0000 187.0000 511.0000 217.0000 1.4986 1.6502 3.9413 -6.1911 2.2514 39.2432 1.4263 0.9967
Car 0.0000 0.0000 0.0000 1016.0000 131.0000 1122.0000 176.0000 2.1897 1.9380 5.1538 24.6859 0.0537 38.9194 1.4424 0.9949
Car 0.0000 0.0000 0.0000 -565.0000 217.0000 -319.0000 292.0000 1.5036 1.6953 4.1981 -27.0648 2.7291 18.7594 1.1454 0.9917
Car 0.0000 0.0000 0.0000 158.0000 197.0000 241.0000 236.0000 1.5307 1.6866 4.1420 -18.3499 2.6059 32.4505 1.4689 0.9902
Car 0.0000 0.0000 0.0000 518.0000 186.0000 546.0000 208.0000 1.5210 1.6591 4.1751 -5.9867 2.5031 55.6833 1.3481 0.9901
Car 0.0000 0.0000 0.0000 -3794.0000 217.0000 -135.0000 1372.0000 1.5369 1.6763 3.7736 -5.9215 1.8210 2.9871 1.5548 0.9615
