Car 0.0000 0.0000 0.0000 267.0000 185.0000 497.0000 347.0000 1.5556 1.6950 4.3100 -2.6359 1.7306 9.3215 1.5513 1.0000
Car 0.0000 0.0000 0.0000 499.0000 186.0000 560.0000 234.0000 1.4759 1.6111 3.6915 -2.6444 1.8962 24.5284 1.5708 0.9999
Car 0.0000 0.0000 0.0000 783.0000 208.0000 1455.0000 614.0000 1.4915 1.6605 4.1118 2.5928 1.8175 5.0453 1.5304 0.9999
Car 0.0000 0.0000 0.0000 730.0000 183.0000 923.0000 308.0000 1.4773 1.5811 3.6898 2.9268 1.6316 10.6089 1.5301 0.9997
Car 0.0000 0.0000 0.0000 548.0000 187.0000 574.0000 211.0000 1.5210 1.6872 3.7458 -3.2126 2.4148 48.7536 1.5136 0.9996
Car 0.0000 0.0000 0.0000 658.0000 183.0000 723.0000 233.0000 1.5743 1.6494 3.4996 2.7012 1.9021 24.7387 1.5227 0.9994
Car 0.0000 0.0000 0.0000 646.0000 184.0000 687.0000 220.0000 1.5619 1.6874 3.8997 2.6827 2.0693 34.3908 1.5708 0.9987
Car 0.0000 0.0000 0.0000 633.0000 171.0000 668.0000 197.0000 1.6655 1.7294 4.0227 2.8110 1.4962 48.9462 1.4690 0.9975
Car 0.0000 0.0000 0.0000 532.0000 186.0000 552.0000 204.0000 1.5478 1.7138 4.2425 -6.0997 2.6948 65.8285 1.4642 0.9874
Car 0.0000 0.0000 0.0000 645.0000 185.0000 696.0000 225.0000 1.4962 1.5644 3.5473 2.4510 1.9515 29.4127 1.5144 0.9848
