Car 0.0000 0.0000 0.0000 -69.0000 180.0000 336.0000 313.0000 1.4766 1.6601 4.2025 -5.9114 1.5817 9.1207 0.1119 0.9999
Car 0.0000 0.0000 0.0000 790.0000 185.0000 1182.0000 420.0000 1.5106 1.6183 3.6189 2.9176 1.6312 6.5755 1.5534 0.9998
Car 0.0000 0.0000 0.0000 -907.0000 180.0000 106.0000 487.0000 1.4780 1.6575 4.0820 -5.7148 1.5394 4.3964 0.0495 0.9998
Car 0.0000 0.0000 0.0000 -327.0000 172.0000 238.0000 358.0000 1.4944 1.6508 4.0180 -5.9565 1.5067 6.7812 0.0813 0.9997
Car 0.0000 0.0000 0.0000 856.0000 167.0000 1174.0000 270.0000 1.5225 1.6576 4.1677 6.3383 1.4548 11.7118 0.1126 0.9996
Car 0.0000 0.0000 0.0000 735.0000 178.0000 880.0000 230.0000 1.4919 1.6631 3.9954 6.0163 1.6445 22.1943 0.0146 0.9994
Car 0.0000 0.0000 0.0000 328.0000 159.0000 475.0000 210.0000 1.5718 1.6813 4.3229 -6.7585 1.1153 23.6458 0.0563 0.9994
Car 0.0000 0.0000 0.0000 168.0000 179.0000 400.0000 260.0000 1.4782 1.6283 3.8390 -6.3054 1.5940 14.1582 0.0352 0.9992
Car 0.0000 0.0000 0.0000 776.0000 176.0000 963.0000 243.0000 1.4968 1.6871 3.8223 6.0877 1.5575 17.1641 -0.0039 0.9992
Car 0.0000 0.0000 0.0000 708.0000 175.0000 826.0000 221.0000 1.5104 1.6205 3.7950 5.3846 1.5583 24.9651 0.0616 0.9991
Car 0.0000 0.0000 0.0000 234.0000 179.0000 422.0000 249.0000 1.4830 1.6061 3.6562 -6.3413 1.6119 16.4309 0.0339 0.9990
Car 0.0000 0.0000 0.0000 43.0000 174.0000 328.0000 276.0000 1.4992 1.6052 3.6824 -6.7275 1.5257 11.6171 0.0314 0.9989
Car 0.0000 0.0000 0.0000 311.0000 170.0000 461.0000 227.0000 1.5726 1.6485 3.9373 -6.5489 1.4973 21.1436 0.2619 0.9985
Car 0.0000 0.0000 0.0000 636.0000 172.0000 675.0000 201.0000 1.5620 1.6720 3.8780 2.5784 1.4780 40.5498 1.4925 0.9984
Car 0.0000 0.0000 0.0000 708.0000 176.0000 819.0000 217.0000 1.4786 1.6259 3.8922 5.7742 1.5636 27.3428 0.0440 0.9972
Car 0.0000 0.0000 0.0000 439.0000 172.0000 526.0000 205.0000 1.5083 1.6140 3.8827 -6.0855 1.4483 34.8520 0.0353 0.9954
Car 0.0000 0.0000 0.0000 451.0000 172.0000 532.0000 203.0000 1.5229 1.6334 3.8305 -6.1098 1.4510 37.5766 0.2005 0.9935
Car 0.0000 0.0000 0.0000 763.0000 180.0000 921.0000 239.0000 1.5126 1.6378 3.8604 6.2920 1.7113 19.8514 0.0879 0.9924
Car 0.0000 0.0000 0.0000 803.0000 171.0000 1016.0000 256.0000 1.5374 1.6349 3.7983 6.0548 1.5028 14.6878 0.5406 0.9880
Car 0.0000 0.0000 0.0000 -3057.0000 232.0000 -378.0000 1111.0000 1.4758 1.5803 3.7286 -5.9193 1.7262 2.2008 0.0588 0.9640
