Car 0.0000 0.0000 0.0000 459.0000 187.0000 524.0000 235.0000 1.4992 1.6497 3.8271 -3.9964 1.9700 24.9610 1.5619 0.9999
Car 0.0000 0.0000 0.0000 816.0000 187.0000 1112.0000 350.0000 1.5181 1.6522 3.9762 3.9872 1.7125 8.9776 1.5526 0.9999
Car 0.0000 0.0000 0.0000 755.0000 184.0000 889.0000 268.0000 1.4759 1.5985 3.5705 4.1849 1.6980 14.7712 1.5472 0.9999
Car 0.0000 0.0000 0.0000 728.0000 182.0000 810.0000 243.0000 1.5033 1.6282 3.7817 4.2919 1.7297 19.9045 1.5708 0.9998
Car 0.0000 0.0000 0.0000 561.0000 182.0000 587.0000 205.0000 1.5014 1.6964 4.0051 -2.4816 2.1288 52.0571 1.5633 0.9997
Car 0.0000 0.0000 0.0000 704.0000 181.0000 771.0000 228.0000 1.5322 1.6672 3.8561 4.4554 1.7735 25.5085 1.5708 0.9990
Car 0.0000 0.0000 0.0000 1026.0000 180.0000 7775.0000 3014.0000 1.6197 1.7147 4.6071 3.8280 1.6546 2.7499 1.5304 0.9989
Car 0.0000 0.0000 0.0000 517.0000 183.0000 554.0000 215.0000 1.4732 1.6071 3.6695 -3.5907 1.9200 35.5691 1.5139 0.9945
Car 0.0000 0.0000 0.0000 691.0000 181.0000 747.0000 221.0000 1.5204 1.6518 3.9932 4.5749 1.8490 30.5118 1.5465 0.9938
Car 0.0000 0.0000 0.0000 492.0000 186.0000 547.0000 224.0000 1.4618 1.6264 4.0160 -3.7442 2.0057 30.6218 1.5708 0.9647
Car 0.0000 0.0000 0.0000 952.0000 174.0000 1039.0000 202.0000 1.4534 1.6401 3.8441 21.1135 1.4873 39.4628 0.1111 0.9627
