Car 0.0000 0.0000 0.0000 717.0000 169.0000 813.0000 240.0000 1.8531 1.8020 4.7017 4.4068 1.7422 21.1245 1.5708 0.9999
Car 0.0000 0.0000 0.0000 367.0000 187.0000 480.0000 261.0000 1.4793 1.6241 4.0639 -4.2067 1.8026 16.8224 1.5584 0.9999
Car 0.0000 0.0000 0.0000 -120.0000 184.0000 327.0000 422.0000 1.6691 1.7508 4.1870 -4.5314 1.7989 7.3222 1.5263 0.9999
Car 0.0000 0.0000 0.0000 245.0000 192.0000 417.0000 299.0000 1.4572 1.5883 3.6107 -4.5208 1.8067 12.1831 1.5460 0.9997
Car 0.0000 0.0000 0.0000 553.0000 177.0000 582.0000 203.0000 1.4597 1.6550 3.9923 -2.4965 1.6823 43.6299 1.5131 0.9983
Car 0.0000 0.0000 0.0000 -7875.0000 229.0000 -27.0000 3113.0000 1.5574 1.7411 3.7541 -4.6400 1.8771 2.3547 1.5439 0.9954
Car 0.0000 0.0000 0.0000 711.0000 183.0000 767.0000 225.0000 1.4774 1.6035 3.9164 4.8506 1.8219 27.3270 1.5708 0.9946
Car 0.0000 0.0000 0.0000 702.0000 178.0000 751.0000 213.0000 1.4933 1.5827 3.6567 5.3338 1.6825 33.0928 1.5514 0.9890
Car 0.0000 0.0000 0.0000 604.0000 176.0000 621.0000 192.0000 1.4723 1.6449 3.8563 0.4142 1.7273 70.7238 1.5708 0.9867
Car 0.0000 0.0000 0.0000 -68.0000 177.0000 114.0000 240.0000 1.6355 1.6115 3.9074 -16.9774 1.7439 20.9568 -0.8806 0.9838
Car 0.0000 0.0000 0.0000 494.0000 175.0000 550.0000 198.0000 1.7141 1.6449 3.8890 -6.5072 1.7913 54.0108 0.1020 0.9711
Car 0.0000 0.0000 0.0000 693.0000 175.0000 732.0000 205.0000 1.5068 1.5956 3.7675 5.4805 1.5946 38.3234 1.5708 0.9689
