Car 0.0000 0.0000 0.0000 600.0000 184.0000 667.0000 248.0000 1.5326 1.6387 3.5459 0.5600 1.8170 19.3746 1.5651 0.9998
Car 0.0000 0.0000 0.0000 450.0000 183.0000 507.0000 221.0000 1.5226 1.6986 3.9992 -5.7482 1.9649 32.1424 1.5708 0.9998
Car 0.0000 0.0000 0.0000 151.0000 197.0000 339.0000 297.0000 1.5610 1.6904 3.9541 -6.8688 2.0653 14.0319 1.5594 0.9997
Car 0.0000 0.0000 0.0000 329.0000 184.0000 399.0000 227.0000 1.6505 1.6775 4.1503 -10.2409 2.0727 30.3747 1.5340 0.9996
Car 0.0000 0.0000 0.0000 70.0000 187.0000 200.0000 239.0000 1.4790 1.5924 3.5052 -14.8623 1.9080 22.7570 1.5708 0.9996
Car 0.0000 0.0000 0.0000 781.0000 180.0000 955.0000 280.0000 1.5587 1.6515 4.0066 4.9355 1.6915 13.4757 -0.8336 0.9994
Car 0.0000 0.0000 0.0000 413.0000 187.0000 465.0000 216.0000 1.4920 1.6762 4.0897 -9.5306 2.2498 40.6610 1.5708 0.9989
Car 0.0000 0.0000 0.0000 250.0000 193.0000 352.0000 244.0000 1.5529 1.5921 3.3936 -10.4305 2.2329 24.5910 -1.3874 0.9960
Car 0.0000 0.0000 0.0000 526.0000 183.0000 558.0000 206.0000 1.4797 1.7045 4.0610 -4.4496 2.0945 48.4786 1.5708 0.9958
Car 0.0000 0.0000 0.0000 697.0000 182.0000 795.0000 231.0000 1.4938 1.5933 3.5678 4.6912 1.7978 24.4309 -0.8228 0.9952
Car 0.0000 0.0000 0.0000 668.0000 181.0000 753.0000 218.0000 1.4601 1.5336 3.3970 4.3306 1.7898 30.5762 -0.6029 0.9919
Car 0.0000 0.0000 0.0000 -807.0000 214.0000 -111.0000 418.0000 1.4189 1.6036 3.9962 -10.5903 1.9498 7.7512 1.5503 0.9908
Car 0.0000 0.0000 0.0000 580.0000 182.0000 600.0000 198.0000 1.4936 1.6403 4.0228 -1.7311 2.2329 68.5132 1.5708 0.9895
Car 0.0000 0.0000 0.0000 782.0000 178.0000 810.0000 197.0000 1.5101 1.5700 3.5568 15.8102 1.8725 60.9095 1.5708 0.9827
Car 0.0000 0.0000 0.0000 494.0000 183.0000 525.0000 207.0000 1.6618 1.6812 4.2200 -7.3489 2.3537 53.4894 1.5708 0.9799
