Car 0.0000 0.0000 0.0000 436.0000 169.0000 541.0000 259.0000 1.7687 1.7625 4.2061 -2.6244 1.6892 16.4493 1.5507 0.9998
Car 0.0000 0.0000 0.0000 342.0000 181.0000 452.0000 254.0000 1.5631 1.6789 4.2329 -5.1248 1.7436 17.8628 1.5236 0.9997
Car 0.0000 0.0000 0.0000 811.0000 147.0000 958.0000 196.0000 1.6991 1.7585 4.7672 10.0861 0.7696 26.6306 0.0194 0.9997
Car 0.0000 0.0000 0.0000 593.0000 171.0000 629.0000 196.0000 1.5479 1.6626 3.8301 0.0882 1.3719 47.5258 1.3871 0.9994
Car 0.0000 0.0000 0.0000 659.0000 168.0000 704.0000 203.0000 1.6264 1.7481 4.1124 3.5479 1.3489 35.9132 1.5496 0.9994
Car 0.0000 0.0000 0.0000 1235.0000 121.0000 1429.0000 174.0000 1.5023 1.6801 4.1776 22.1318 -0.0244 22.1781 0.0368 0.9994
Car 0.0000 0.0000 0.0000 963.0000 148.0000 1036.0000 180.0000 1.5296 1.5647 3.5399 19.4937 0.3099 36.0885 1.5238 0.9982
Car 0.0000 0.0000 0.0000 881.0000 139.0000 1388.0000 308.0000 1.6866 1.6873 4.5015 5.6532 1.3610 8.2097 0.0124 0.9944
Car 0.0000 0.0000 0.0000 1174.0000 127.0000 1363.0000 180.0000 1.6795 1.8141 4.6668 22.5091 0.1644 24.7351 0.0708 0.9831
Car 0.0000 0.0000 0.0000 650.0000 170.0000 732.0000 201.0000 1.6318 1.6686 4.4269 4.5428 1.4670 40.2816 0.0664 0.9810
Car 0.0000 0.0000 0.0000 613.0000 167.0000 640.0000 189.0000 1.5191 1.6353 3.9653 1.3318 1.0622 52.0769 -1.4752 0.9801
Car 0.0000 0.0000 0.0000 1075.0000 136.0000 1171.0000 179.0000 2.0398 1.8444 4.6231 26.1010 0.2287 36.7581 1.5708 0.9781
Car 0.0000 0.0000 0.0000 509.0000 175.0000 541.0000 201.0000 1.6365 1.6750 3.9404 -5.5279 1.7132 47.7286 1.5627 0.9762
Car 0.0000 0.0000 0.0000 726.0000 147.0000 821.0000 181.0000 1.8356 1.8751 4.8735 9.1795 0.3775 40.3241 -0.0089 0.9752
