Car 0.0000 0.0000 0.0000 71.0000 194.0000 398.0000 387.0000 1.5509 1.6633 3.9354 -3.8089 1.8240 8.1024 1.5603 0.9999
Car 0.0000 0.0000 0.0000 355.0000 189.0000 487.0000 281.0000 1.5199 1.5938 3.8009 -3.5864 1.8417 14.2688 1.5708 0.9998
Car 0.0000 0.0000 0.0000 453.0000 190.0000 528.0000 248.0000 1.4223 1.5527 3.7060 -3.3176 1.9296 20.5700 1.5636 0.9996
Car 0.0000 0.0000 0.0000 804.0000 167.0000 998.0000 277.0000 1.7032 1.7345 4.4027 5.1530 1.6147 13.4900 1.5432 0.9995
Car 0.0000 0.0000 0.0000 667.0000 182.0000 720.0000 233.0000 1.6191 1.6555 3.2863 2.8585 1.9003 24.8774 -1.4796 0.9994
Car 0.0000 0.0000 0.0000 -12156.0000 205.0000 117.0000 4855.0000 1.6200 1.7816 4.3726 -4.1153 1.8147 2.4683 1.5624 0.9975
Car 0.0000 0.0000 0.0000 490.0000 188.0000 549.0000 237.0000 1.5369 1.6470 3.9638 -3.0966 2.0732 25.5257 1.5590 0.9966
Car 0.0000 0.0000 0.0000 785.0000 176.0000 944.0000 246.0000 1.5236 1.6092 3.8220 6.1616 1.5910 17.9022 1.1987 0.9949
Car 0.0000 0.0000 0.0000 537.0000 185.0000 568.0000 214.0000 1.5055 1.6611 3.9994 -3.2304 2.1741 40.6238 1.4755 0.9904
Car 0.0000 0.0000 0.0000 677.0000 183.0000 742.0000 222.0000 1.4484 1.5393 3.4156 4.1079 1.8222 29.1789 -1.0922 0.9902
Car 0.0000 0.0000 0.0000 714.0000 181.0000 780.0000 216.0000 1.4719 1.5564 3.4149 6.4085 1.8276 33.2124 -0.8915 0.9847
Car 0.0000 0.0000 0.0000 806.0000 167.0000 855.0000 183.0000 1.4788 1.6274 4.3249 21.1617 0.8056 68.6708 -0.3389 0.9708
Car 0.0000 0.0000 0.0000 1992.0000 -21.0000 4192.0000 425.0000 1.6360 1.6307 4.1227 11.1100 0.9457 3.7035 0.1288 0.9688
