Car 0.0000 0.0000 0.0000 917.0000 153.0000 1251.0000 407.0000 1.7220 1.6994 4.0118 4.1107 1.5960 7.0465 -1.2580 0.9998
Car 0.0000 0.0000 0.0000 216.0000 165.0000 320.0000 228.0000 1.9999 1.8023 4.3795 -11.9318 1.7492 25.5014 1.5107 0.9996
Car 0.0000 0.0000 0.0000 36.0000 188.0000 161.0000 235.0000 1.4350 1.6423 4.0740 -17.5516 1.9330 24.9540 1.5040 0.9995
Car 0.0000 0.0000 0.0000 316.0000 175.0000 399.0000 223.0000 1.5272 1.7211 4.2237 -8.7638 1.5782 25.3937 1.4938 0.9993
Car 0.0000 0.0000 0.0000 458.0000 173.0000 499.0000 209.0000 1.4876 1.6216 3.7034 -5.8038 1.4702 32.3330 1.4424 0.9992
Car 0.0000 0.0000 0.0000 751.0000 167.0000 826.0000 211.0000 1.5599 1.6530 3.9475 6.9021 1.3377 28.1541 1.4949 0.9991
Car 0.0000 0.0000 0.0000 534.0000 160.0000 589.0000 219.0000 1.9376 1.7902 4.2935 -1.7871 1.5085 26.1839 1.4830 0.9991
Car 0.0000 0.0000 0.0000 575.0000 166.0000 610.0000 191.0000 1.4675 1.6265 3.5775 -1.0322 1.0168 43.5851 1.4216 0.9990
Car 0.0000 0.0000 0.0000 836.0000 142.0000 1051.0000 224.0000 2.2647 1.9197 5.4662 9.7935 1.3977 21.4225 0.0304 0.9969
Car 0.0000 0.0000 0.0000 1127.0000 133.0000 1299.0000 192.0000 2.1152 1.9086 5.1224 23.4060 0.6679 28.2416 1.3962 0.9964
Car 0.0000 0.0000 0.0000 -92.0000 186.0000 27.0000 236.0000 1.5620 1.6580 3.6773 -22.3226 2.0171 25.1962 1.3126 0.9964
Car 0.0000 0.0000 0.0000 692.0000 168.0000 772.0000 213.0000 1.5447 1.6493 4.0239 4.5617 1.3609 27.3275 1.3737 0.9954
Car 0.0000 0.0000 0.0000 -3484.0000 -1916.0000 1508.0000 568.0000 1.5873 1.6304 3.7360 2.8858 1.6811 1.2469 1.5708 0.9947
Car 0.0000 0.0000 0.0000 619.0000 161.0000 644.0000 186.0000 1.8117 1.7736 3.9714 1.7587 0.8589 54.1996 1.5708 0.9830
