Car 0.0000 0.0000 0.0000 366.0000 185.0000 471.0000 260.0000 1.4116 1.5653 3.2765 -4.0007 1.6569 15.4509 1.5116 0.9997
Car 0.0000 0.0000 0.0000 122.0000 183.0000 437.0000 381.0000 1.5437 1.6675 3.9823 -3.1595 1.6571 7.7618 1.5408 0.9996
Car 0.0000 0.0000 0.0000 560.0000 173.0000 605.0000 212.0000 1.5821 1.7148 3.6032 -1.1960 1.5545 31.0326 1.4712 0.9994
Car 0.0000 0.0000 0.0000 96.0000 177.0000 223.0000 233.0000 1.4732 1.5831 3.4808 -12.9524 1.5877 20.9598 1.5449 0.9982
Car 0.0000 0.0000 0.0000 -479.0000 191.0000 96.0000 390.0000 1.4675 1.6875 4.0297 -7.7441 1.6919 7.6415 1.5498 0.9973
Car 0.0000 0.0000 0.0000 -518.0000 145.0000 -31.0000 300.0000 1.7840 1.7889 4.3799 -12.2869 1.4701 10.5628 1.5676 0.9967
Car 0.0000 0.0000 0.0000 198.0000 177.0000 329.0000 246.0000 1.4791 1.6146 3.7380 -8.2006 1.5617 17.3753 1.4887 0.9966
Car 0.0000 0.0000 0.0000 293.0000 176.0000 383.0000 223.0000 1.4181 1.5890 3.8800 -9.0183 1.5148 24.2506 1.5634 0.9943
Car 0.0000 0.0000 0.0000 474.0000 151.0000 531.0000 206.0000 2.2274 1.9498 4.9139 -4.6307 1.3104 31.9080 1.5276 0.9907
Car 0.0000 0.0000 0.0000 449.0000 179.0000 478.0000 203.0000 1.4923 1.6214 3.7530 -9.5055 1.8067 47.3173 1.4255 0.9739
Car 0.0000 0.0000 0.0000 383.0000 153.0000 442.0000 205.0000 2.1196 1.8682 4.6758 -8.6197 1.2663 31.8722 1.4431 0.9708
