Car 0.0000 0.0000 0.0000 168.0000 188.0000 311.0000 252.0000 1.5489 1.7381 4.3829 -10.3620 1.9964 20.5597 1.5708 0.9998
Car 0.0000 0.0000 0.0000 356.0000 185.0000 449.0000 243.0000 1.5322 1.6615 3.9345 -6.1856 1.9062 21.8979 1.5708 0.9998
Car 0.0000 0.0000 0.0000 593.0000 181.0000 660.0000 244.0000 1.5686 1.6375 3.5717 0.3784 1.7693 19.9802 1.5415 0.9995
Car 0.0000 0.0000 0.0000 279.0000 180.0000 369.0000 233.0000 1.7864 1.7344 4.1200 -10.5061 2.0357 26.7883 1.5604 0.9993
Car 0.0000 0.0000 0.0000 -46.0000 191.0000 123.0000 255.0000 1.4684 1.5848 3.5313 -14.9892 1.9642 19.1096 1.5708 0.9987
Car 0.0000 0.0000 0.0000 843.0000 179.0000 1066.0000 331.0000 1.6158 1.6621 4.0687 4.8541 1.7099 9.8746 -0.8407 0.9986
Car 0.0000 0.0000 0.0000 484.0000 183.0000 531.0000 213.0000 1.5075 1.6822 3.9193 -5.3424 2.0096 38.4855 1.5708 0.9981
Car 0.0000 0.0000 0.0000 678.0000 173.0000 761.0000 216.0000 1.5026 1.6474 3.8503 4.2761 1.4945 27.5443 -0.9812 0.9967
Car 0.0000 0.0000 0.0000 556.0000 180.0000 580.0000 199.0000 1.4751 1.6807 3.9480 -3.2192 1.9667 57.8510 1.5708 0.9966
Car 0.0000 0.0000 0.0000 707.0000 182.0000 822.0000 241.0000 1.5075 1.6050 3.6341 4.5486 1.7622 20.8040 -0.8224 0.9965
Car 0.0000 0.0000 0.0000 -3034.0000 210.0000 -534.0000 758.0000 1.4464 1.5876 4.0406 -10.6079 1.7555 4.2913 1.3427 0.9718
Car 0.0000 0.0000 0.0000 394.0000 181.0000 450.0000 213.0000 1.5639 1.6296 3.9705 -9.6587 1.9138 37.4221 1.5708 0.9693
Car 0.0000 0.0000 0.0000 628.0000 172.0000 649.0000 192.0000 1.4999 1.6330 3.8405 2.4373 1.3912 58.2734 1.5708 0.9682
