Car 0.0000 0.0000 0.0000 723.0000 174.0000 980.0000 347.0000 1.6281 1.6879 3.7110 2.5809 1.6525 8.7428 1.5171 0.9999
Car 0.0000 0.0000 0.0000 350.0000 186.0000 431.0000 242.0000 1.4359 1.5523 3.3510 -6.2438 1.8037 20.7956 1.4893 0.9999
Car 0.0000 0.0000 0.0000 661.0000 181.0000 794.0000 270.0000 1.4725 1.6422 4.1125 2.1131 1.6175 14.1340 1.4943 0.9999
Car 0.0000 0.0000 0.0000 640.0000 181.0000 720.0000 243.0000 1.4930 1.6097 3.6871 1.7837 1.6857 19.3624 1.5218 0.9998
Car 0.0000 0.0000 0.0000 268.0000 189.0000 400.0000 272.0000 1.4689 1.5947 3.7244 -5.7078 1.8320 15.3222 1.5048 0.9998
Car 0.0000 0.0000 0.0000 52.0000 169.0000 339.0000 330.0000 1.8038 1.7344 4.3285 -5.5208 1.7695 10.2945 1.5381 0.9998
Car 0.0000 0.0000 0.0000 558.0000 163.0000 589.0000 196.0000 1.8588 1.7819 3.9261 -2.1391 1.2282 42.9318 1.5022 0.9994
Car 0.0000 0.0000 0.0000 -826.0000 210.0000 139.0000 601.0000 1.4806 1.6608 3.8725 -5.3927 1.8263 5.0204 1.5462 0.9992
Car 0.0000 0.0000 0.0000 -5461.0000 -2314.0000 1365.0000 516.0000 1.5114 1.6075 4.0135 2.9255 1.6357 1.5123 1.5401 0.9978
Car 0.0000 0.0000 0.0000 625.0000 178.0000 691.0000 227.0000 1.4924 1.5989 3.8015 1.5494 1.6491 24.2251 1.4821 0.9976
Car 0.0000 0.0000 0.0000 395.0000 177.0000 470.0000 208.0000 1.5049 1.5813 3.6780 -9.1948 1.6758 37.7245 -0.9926 0.9963
Car 0.0000 0.0000 0.0000 620.0000 175.0000 665.0000 210.0000 1.5302 1.6397 3.6899 1.4771 1.5769 33.0122 1.5028 0.9956
Car 0.0000 0.0000 0.0000 471.0000 166.0000 499.0000 193.0000 1.5908 1.6525 3.6305 -7.6159 1.1221 44.4107 1.4184 0.9914
