Car 0.0000 0.0000 0.0000 959.0000 159.0000 1139.0000 259.0000 1.5947 1.6392 3.9168 7.9808 1.3703 13.5315 -1.3644 0.9999
Car 0.0000 0.0000 0.0000 708.0000 175.0000 796.0000 253.0000 1.5652 1.6226 3.7468 3.3379 1.5931 16.3977 -1.2841 0.9998
Car 0.0000 0.0000 0.0000 930.0000 172.0000 1025.0000 235.0000 1.5194 1.5979 3.9259 9.8402 1.4853 19.5253 -1.2744 0.9993
Car 0.0000 0.0000 0.0000 899.0000 160.0000 958.0000 209.0000 1.8496 1.6985 3.9786 13.0947 1.3474 29.6909 -1.2780 0.9990
Car 0.0000 0.0000 0.0000 -11127.0000 -3845.0000 11593.0000 6402.0000 1.6138 1.6471 4.0593 4.0764 1.5741 1.8974 -1.2876 0.9989
Car 0.0000 0.0000 0.0000 7.0000 212.0000 315.0000 369.0000 1.5092 1.5610 3.3564 -5.5028 2.0274 8.7770 0.4122 0.9978
Car 0.0000 0.0000 0.0000 772.0000 169.0000 814.0000 208.0000 1.5007 1.5541 3.4404 7.5705 1.3373 29.6578 -1.3266 0.9959
Car 0.0000 0.0000 0.0000 -211.0000 233.0000 89.0000 364.0000 1.4846 1.6125 3.7495 -9.7408 2.4196 10.4451 0.3240 0.9953
Car 0.0000 0.0000 0.0000 -369.0000 237.0000 -115.0000 351.0000 1.5012 1.5918 3.5678 -14.2201 2.6392 11.9940 0.3454 0.9878
Car 0.0000 0.0000 0.0000 733.0000 175.0000 796.0000 234.0000 1.6054 1.6387 3.7580 4.4996 1.6380 21.2539 -1.3865 0.9866
Car 0.0000 0.0000 0.0000 769.0000 171.0000 815.0000 206.0000 1.5230 1.5550 3.5430 8.5584 1.4116 33.4747 -1.1679 0.9838
Car 0.0000 0.0000 0.0000 -802.0000 242.0000 -505.0000 325.0000 1.4683 1.6766 3.6906 -30.9159 3.3264 17.8250 1.2066 0.9824
