Car 0.0000 0.0000 0.0000 473.0000 185.0000 532.0000 221.0000 1.5876 1.7484 4.0853 -5.2491 2.1626 35.1469 1.1421 0.9999
Car 0.0000 0.0000 0.0000 -151.0000 171.0000 210.0000 297.0000 1.7256 1.6386 4.1187 -8.7910 1.7026 11.2336 -0.1955 0.9993
Car 0.0000 0.0000 0.0000 153.0000 184.0000 325.0000 246.0000 1.5714 1.6118 4.0281 -10.2896 1.8805 20.2688 -0.2287 0.9986
Car 0.0000 0.0000 0.0000 109.0000 184.0000 293.0000 252.0000 1.4705 1.5443 3.7131 -9.6996 1.7232 17.3507 -0.4290 0.9974
Car 0.0000 0.0000 0.0000 513.0000 163.0000 538.0000 181.0000 1.4614 1.5989 3.5535 -7.2557 0.5593 62.8858 1.5708 0.9923
Car 0.0000 0.0000 0.0000 5.0000 183.0000 254.0000 272.0000 1.4973 1.5704 3.8045 -9.0951 1.7011 13.9875 -0.4086 0.9914
Car 0.0000 0.0000 0.0000 296.0000 171.0000 360.0000 193.0000 1.5858 1.6469 4.2358 -20.3410 1.3652 52.3181 -0.3553 0.9913
Car 0.0000 0.0000 0.0000 -870.0000 190.0000 -66.0000 468.0000 1.5551 1.5840 3.5541 -7.2202 1.6992 5.0242 0.0788 0.9912
Car 0.0000 0.0000 0.0000 1419.0000 181.0000 1505.0000 225.0000 1.5056 1.6222 4.1913 32.3110 1.7971 27.2333 -0.5913 0.9787
Car 0.0000 0.0000 0.0000 277.0000 174.0000 329.0000 214.0000 1.5547 1.5994 3.2819 -12.8433 1.5832 30.3269 1.2987 0.9786
Car 0.0000 0.0000 0.0000 153.0000 161.0000 205.0000 181.0000 1.6963 1.6138 3.8672 -37.4036 0.6019 62.6477 0.2293 0.9649
