Car 0.0000 0.0000 0.0000 664.0000 178.0000 767.0000 252.0000 1.5061 1.6264 3.9900 2.3157 1.6136 16.7870 1.5249 0.9999
Car 0.0000 0.0000 0.0000 636.0000 176.0000 693.0000 219.0000 1.5988 1.6523 3.9857 2.1972 1.7008 29.3669 1.4793 0.9998
Car 0.0000 0.0000 0.0000 511.0000 174.0000 554.0000 214.0000 1.5496 1.6607 3.5440 -3.2409 1.5800 30.2430 1.4589 0.9996
Car 0.0000 0.0000 0.0000 92.0000 192.0000 423.0000 385.0000 1.4478 1.6376 4.1304 -3.3848 1.6848 7.8082 1.5501 0.9996
Car 0.0000 0.0000 0.0000 205.0000 183.0000 361.0000 240.0000 1.5147 1.5688 3.6871 -9.1530 1.7830 20.3150 0.0678 0.9980
Car 0.0000 0.0000 0.0000 623.0000 169.0000 655.0000 198.0000 1.7849 1.7459 3.9555 1.8846 1.4894 46.0039 1.5278 0.9980
Car 0.0000 0.0000 0.0000 -1779.0000 190.0000 367.0000 1311.0000 1.5649 1.7278 4.2384 -2.7324 1.6734 3.1768 1.5708 0.9955
Car 0.0000 0.0000 0.0000 -2492.0000 -1297.0000 1390.0000 572.0000 1.4922 1.5754 3.6881 2.3643 1.5791 1.0660 1.5527 0.9919
Car 0.0000 0.0000 0.0000 540.0000 178.0000 569.0000 204.0000 1.5318 1.6235 3.8656 -3.4080 1.7663 44.6393 1.4620 0.9833
Car 0.0000 0.0000 0.0000 -1067.0000 97.0000 -451.0000 256.0000 1.8378 1.6299 3.8758 -18.8762 0.9547 10.3497 -0.8825 0.9774
