Car 0.0000 0.0000 0.0000 594.0000 177.0000 639.0000 219.0000 1.5930 1.6843 3.5504 0.2503 1.7112 29.0448 1.5584 0.9998
Car 0.0000 0.0000 0.0000 458.0000 183.0000 506.0000 214.0000 1.4597 1.6397 3.8613 -6.4539 1.9307 36.9520 1.5708 0.9994
Car 0.0000 0.0000 0.0000 728.0000 177.0000 903.0000 262.0000 1.5367 1.5860 3.6409 4.3173 1.6232 14.9586 -0.6303 0.9985
Car 0.0000 0.0000 0.0000 841.0000 178.0000 1101.0000 379.0000 1.6341 1.6542 3.9835 4.1557 1.6946 7.9783 -0.8626 0.9979
Car 0.0000 0.0000 0.0000 751.0000 178.0000 1006.0000 294.0000 1.5308 1.6040 3.8443 4.2352 1.6183 11.3191 -0.4933 0.9973
Car 0.0000 0.0000 0.0000 667.0000 174.0000 720.0000 209.0000 1.4940 1.5792 3.5135 3.9580 1.5202 33.2284 -1.2014 0.9970
Car 0.0000 0.0000 0.0000 462.0000 172.0000 490.0000 191.0000 1.5021 1.6949 4.3044 -11.0978 1.3998 60.3603 1.5410 0.9961
Car 0.0000 0.0000 0.0000 697.0000 178.0000 818.0000 230.0000 1.4580 1.5821 3.8219 4.6046 1.5881 22.2353 -0.6816 0.9913
Car 0.0000 0.0000 0.0000 666.0000 176.0000 712.0000 205.0000 1.4917 1.6100 3.9717 4.2858 1.6232 39.0337 1.4607 0.9888
Car 0.0000 0.0000 0.0000 1095.0000 177.0000 1697.0000 674.0000 1.5192 1.5944 3.7405 4.2723 1.5548 4.0260 -0.6797 0.9886
Car 0.0000 0.0000 0.0000 -2673.0000 -1109.0000 13993.0000 7890.0000 1.6063 1.6081 3.6459 4.5174 1.5942 1.0196 -0.8690 0.9822
Car 0.0000 0.0000 0.0000 523.0000 179.0000 543.0000 194.0000 1.4533 1.6085 3.8269 -7.3348 1.9107 70.3120 1.5439 0.9759
Car 0.0000 0.0000 0.0000 440.0000 177.0000 464.0000 193.0000 1.4479 1.5995 3.6869 -14.8818 1.7677 68.6166 1.5193 0.9747
