Car 0.0000 0.0000 0.0000 847.0000 176.0000 999.0000 250.0000 1.5113 1.6686 4.3988 7.1367 1.5672 16.9511 1.5708 0.9997
Car 0.0000 0.0000 0.0000 507.0000 172.0000 564.0000 220.0000 1.4022 1.6000 3.6180 -2.3299 1.3756 23.2120 1.5308 0.9997
Car 0.0000 0.0000 0.0000 672.0000 166.0000 718.0000 201.0000 1.5746 1.6749 3.7353 3.9756 1.2245 33.8428 1.5649 0.9996
Car 0.0000 0.0000 0.0000 263.0000 187.0000 410.0000 262.0000 1.4642 1.6845 4.3540 -6.2384 1.8123 16.9566 1.5708 0.9996
Car 0.0000 0.0000 0.0000 947.0000 168.0000 1106.0000 246.0000 1.6157 1.6702 3.6642 9.5995 1.5194 16.9365 1.5708 0.9996
Car 0.0000 0.0000 0.0000 727.0000 155.0000 769.0000 191.0000 2.0238 1.9491 4.5971 8.4277 0.9691 43.8838 1.5708 0.9993
Car 0.0000 0.0000 0.0000 1067.0000 173.0000 1260.0000 246.0000 1.4641 1.6014 3.7446 12.3233 1.4633 16.3583 1.5708 0.9990
Car 0.0000 0.0000 0.0000 595.0000 165.0000 684.0000 251.0000 1.7306 1.7696 3.9319 0.7439 1.5654 16.4842 1.5708 0.9989
Car 0.0000 0.0000 0.0000 115.0000 171.0000 283.0000 261.0000 1.8674 1.7027 3.8212 -9.5347 1.8337 17.0687 1.5708 0.9985
Car 0.0000 0.0000 0.0000 -124.0000 194.0000 97.0000 265.0000 1.4596 1.7373 4.2464 -15.1684 2.0000 17.8663 1.5708 0.9963
Car 0.0000 0.0000 0.0000 1219.0000 76.0000 1843.0000 288.0000 2.5817 1.9501 5.7804 12.1894 1.4152 9.9107 0.0506 0.9947
Car 0.0000 0.0000 0.0000 -267.0000 195.0000 -68.0000 265.0000 1.5305 1.6627 3.4067 -19.8285 2.1250 18.5481 1.4639 0.9873
Car 0.0000 0.0000 0.0000 638.0000 151.0000 671.0000 173.0000 1.4949 1.6268 3.6408 3.2305 -0.0686 51.6095 1.4215 0.9702
Car 0.0000 0.0000 0.0000 675.0000 153.0000 712.0000 186.0000 1.7049 1.7005 4.0625 4.5973 0.6185 39.6699 1.5708 0.9690
