Car 0.0000 0.0000 0.0000 308.0000 183.0000 404.0000 237.0000 1.4218 1.5980 3.7578 -7.3980 1.7016 21.3174 1.5478 0.9998
Car 0.0000 0.0000 0.0000 434.0000 172.0000 526.0000 240.0000 1.5034 1.6251 4.0805 -3.1726 1.4832 18.2294 1.5595 0.9996
Car 0.0000 0.0000 0.0000 -151.0000 191.0000 372.0000 469.0000 1.4345 1.6387 3.8152 -3.4061 1.6172 5.8445 1.5616 0.9995
Car 0.0000 0.0000 0.0000 573.0000 178.0000 623.0000 212.0000 1.5568 1.7911 3.6457 -0.5817 1.7613 35.4183 1.3673 0.9983
Car 0.0000 0.0000 0.0000 401.0000 177.0000 458.0000 215.0000 1.5411 1.6730 3.9812 -7.6655 1.6707 31.0574 1.5173 0.9973
Car 0.0000 0.0000 0.0000 527.0000 156.0000 560.0000 189.0000 2.1454 1.9543 5.1369 -4.4022 1.0025 49.2503 1.5236 0.9960
Car 0.0000 0.0000 0.0000 272.0000 180.0000 341.0000 220.0000 1.5195 1.6300 3.7935 -12.5488 1.7857 30.0571 1.4656 0.9958
Car 0.0000 0.0000 0.0000 485.0000 180.0000 533.0000 214.0000 1.4824 1.7572 4.3267 -4.6512 1.7627 33.8370 1.5455 0.9957
Car 0.0000 0.0000 0.0000 -227.0000 182.0000 59.0000 285.0000 1.4626 1.5727 3.6339 -11.4921 1.6172 12.2669 1.4930 0.9894
Car 0.0000 0.0000 0.0000 50.0000 183.0000 226.0000 250.0000 1.5155 1.7059 4.3654 -12.1472 1.7862 18.9273 1.5708 0.9649
Car 0.0000 0.0000 0.0000 469.0000 179.0000 496.0000 201.0000 1.4784 1.6185 3.8514 -8.6061 1.8176 49.4403 1.4470 0.9624
