Car 0.0000 0.0000 0.0000 299.0000 190.0000 391.0000 238.0000 1.6240 1.8030 4.4280 -10.1346 2.2875 27.9646 1.5708 0.9998
Car 0.0000 0.0000 0.0000 395.0000 193.0000 473.0000 239.0000 1.5032 1.7906 4.1802 -6.5002 2.2768 27.1291 1.5708 0.9997
Car 0.0000 0.0000 0.0000 601.0000 184.0000 677.0000 254.0000 1.5149 1.6250 3.6040 0.6148 1.7660 17.5898 1.5557 0.9997
Car 0.0000 0.0000 0.0000 742.0000 180.0000 883.0000 254.0000 1.5346 1.6321 3.8086 4.9182 1.7068 17.1971 -0.8066 0.9993
Car 0.0000 0.0000 0.0000 368.0000 187.0000 426.0000 222.0000 1.4969 1.6308 4.0341 -10.0246 2.1419 34.2995 1.5565 0.9992
Car 0.0000 0.0000 0.0000 511.0000 188.0000 549.0000 214.0000 1.4854 1.6795 3.9830 -4.8480 2.3913 44.8723 1.5708 0.9992
Car 0.0000 0.0000 0.0000 160.0000 188.0000 265.0000 233.0000 1.4997 1.6109 3.5226 -14.6326 2.0491 26.7400 -1.4396 0.9989
Car 0.0000 0.0000 0.0000 -212.0000 202.0000 104.0000 318.0000 1.4304 1.5689 3.9131 -10.3836 1.9530 11.6797 1.5590 0.9981
Car 0.0000 0.0000 0.0000 692.0000 181.0000 777.0000 223.0000 1.4997 1.6386 3.8432 4.9772 1.8092 28.2929 -0.8922 0.9968
Car 0.0000 0.0000 0.0000 563.0000 182.0000 588.0000 200.0000 1.4718 1.6375 4.0208 -2.7656 2.1514 61.0942 1.5708 0.9909
Car 0.0000 0.0000 0.0000 676.0000 181.0000 714.0000 214.0000 1.4942 1.6019 3.7936 4.2253 1.8396 35.0362 -1.3955 0.9908
Car 0.0000 0.0000 0.0000 619.0000 177.0000 643.0000 198.0000 1.4744 1.6013 3.7929 1.6388 1.6929 51.8758 1.5708 0.9743
