Car 0.0000 0.0000 0.0000 309.0000 189.0000 434.0000 266.0000 1.5994 1.7383 3.9340 -5.6465 1.9984 17.5485 1.5708 0.9999
Car 0.0000 0.0000 0.0000 391.0000 186.0000 471.0000 240.0000 1.5221 1.6103 3.6405 -5.5822 1.9355 22.9063 1.5708 0.9998
Car 0.0000 0.0000 0.0000 432.0000 185.0000 492.0000 227.0000 1.4527 1.5872 3.6804 -5.5994 1.9119 27.7389 1.5661 0.9997
Car 0.0000 0.0000 0.0000 466.0000 183.0000 515.0000 217.0000 1.4416 1.6313 4.0562 -5.5197 1.9031 33.7969 1.5690 0.9993
Car 0.0000 0.0000 0.0000 -478.0000 197.0000 185.0000 486.0000 1.6285 1.7106 3.9879 -5.7861 1.8847 6.3395 1.5511 0.9992
Car 0.0000 0.0000 0.0000 496.0000 179.0000 536.0000 208.0000 1.5693 1.7069 4.1733 -5.2939 1.8795 41.4104 1.5708 0.9987
Car 0.0000 0.0000 0.0000 1116.0000 127.0000 1265.0000 172.0000 1.6781 1.7774 4.4005 23.0017 -0.0971 28.5892 0.0373 0.9984
Car 0.0000 0.0000 0.0000 -4621.0000 -1925.0000 1392.0000 500.0000 1.6509 1.7029 4.2044 3.0605 1.6285 1.5430 1.5708 0.9982
Car 0.0000 0.0000 0.0000 1682.0000 72.0000 2073.0000 168.0000 1.5417 1.6874 3.8012 22.6463 -0.1512 13.0070 0.0546 0.9979
Car 0.0000 0.0000 0.0000 780.0000 162.0000 892.0000 204.0000 1.6261 1.6577 4.0693 9.1889 1.1833 29.4332 0.0536 0.9972
Car 0.0000 0.0000 0.0000 1669.0000 -29.0000 3545.0000 466.0000 1.8139 1.6984 4.4541 8.6858 1.0783 3.5397 0.0020 0.9970
Car 0.0000 0.0000 0.0000 1044.0000 136.0000 1168.0000 174.0000 1.6592 1.7869 4.5164 23.5367 -0.0122 34.2678 1.0517 0.9964
Car 0.0000 0.0000 0.0000 1391.0000 107.0000 1667.0000 183.0000 1.5716 1.6340 3.8468 21.1601 0.2004 16.8662 1.5708 0.9949
Car 0.0000 0.0000 0.0000 771.0000 164.0000 830.0000 201.0000 1.6741 1.6632 3.9497 9.2671 1.2123 34.6321 -1.0331 0.9909
Car 0.0000 0.0000 0.0000 1079.0000 140.0000 1216.0000 180.0000 1.6487 1.7988 4.5459 23.3943 0.2448 31.3997 0.0437 0.9908
Car 0.0000 0.0000 0.0000 937.0000 139.0000 1030.0000 169.0000 1.5898 1.7038 4.3497 21.1167 -0.2982 40.7239 0.2572 0.9891
Car 0.0000 0.0000 0.0000 963.0000 146.0000 1046.0000 175.0000 1.6445 1.6966 4.0690 24.0035 0.0273 43.7047 0.0347 0.9771
Car 0.0000 0.0000 0.0000 661.0000 175.0000 705.0000 208.0000 1.5381 1.5869 3.7722 3.5842 1.6099 35.5512 1.5159 0.9636
Car 0.0000 0.0000 0.0000 730.0000 174.0000 767.0000 202.0000 1.4059 1.5497 3.8668 7.4082 1.4048 38.4710 1.5708 0.9614
