Car 0.0000 0.0000 0.0000 700.0000 187.0000 815.0000 271.0000 1.5062 1.5509 3.1686 2.9412 1.8064 15.0008 1.5122 0.9999
Car 0.0000 0.0000 0.0000 377.0000 169.0000 488.0000 214.0000 1.7369 1.6988 4.0525 -7.0516 1.5506 28.9431 0.0132 0.9994
Car 0.0000 0.0000 0.0000 125.0000 184.0000 385.0000 281.0000 1.5546 1.6020 3.7516 -6.0781 1.7556 12.5320 0.0678 0.9994
Car 0.0000 0.0000 0.0000 197.0000 172.0000 422.0000 264.0000 1.7375 1.6692 3.9979 -6.1198 1.7224 14.7917 0.1859 0.9992
Car 0.0000 0.0000 0.0000 -27.0000 168.0000 315.0000 301.0000 1.6816 1.6139 3.7631 -6.3684 1.6258 10.0569 0.0295 0.9991
Car 0.0000 0.0000 0.0000 443.0000 179.0000 525.0000 212.0000 1.6992 1.6779 4.0818 -6.6495 1.9660 38.5967 0.0268 0.9989
Car 0.0000 0.0000 0.0000 286.0000 182.0000 446.0000 242.0000 1.5145 1.5815 3.8978 -6.5502 1.7455 19.6384 -0.1261 0.9988
Car 0.0000 0.0000 0.0000 781.0000 191.0000 916.0000 244.0000 1.5255 1.5992 3.6623 7.2777 2.0851 22.1638 0.0903 0.9988
Car 0.0000 0.0000 0.0000 692.0000 180.0000 798.0000 218.0000 1.6207 1.6940 4.5732 6.1305 1.9234 32.9229 0.7802 0.9985
Car 0.0000 0.0000 0.0000 632.0000 165.0000 674.0000 206.0000 2.2528 1.9202 5.1680 2.5266 1.7757 42.2957 1.5221 0.9984
Car 0.0000 0.0000 0.0000 -243.0000 167.0000 257.0000 351.0000 1.6863 1.6553 3.9240 -6.1035 1.6485 7.5469 0.0309 0.9981
Car 0.0000 0.0000 0.0000 -4554.0000 -1834.0000 1425.0000 521.0000 1.5574 1.6588 4.0274 3.0879 1.6199 1.4160 1.5435 0.9968
Car 0.0000 0.0000 0.0000 467.0000 180.0000 544.0000 208.0000 1.6277 1.6501 4.2827 -6.2469 1.9859 43.6437 -0.6004 0.9952
Car 0.0000 0.0000 0.0000 731.0000 180.0000 857.0000 227.0000 1.5580 1.6359 4.0821 6.3116 1.7754 24.9961 0.1753 0.9906
Car 0.0000 0.0000 0.0000 530.0000 181.0000 552.0000 199.0000 1.4786 1.5886 3.3532 -5.8012 2.1325 62.4050 1.5708 0.9716
