Car 0.0000 0.0000 0.0000 704.0000 167.0000 868.0000 286.0000 1.6398 1.6495 3.7624 2.6828 1.5651 11.9006 1.5320 0.9999
Car 0.0000 0.0000 0.0000 674.0000 157.0000 786.0000 248.0000 1.8683 1.7787 4.3678 2.7073 1.5423 17.2377 1.5364 0.9997
Car 0.0000 0.0000 0.0000 360.0000 177.0000 462.0000 246.0000 1.6438 1.6702 3.9295 -5.1829 1.7314 19.2644 1.5640 0.9997
Car 0.0000 0.0000 0.0000 437.0000 175.0000 500.0000 220.0000 1.5255 1.6024 3.7852 -5.1161 1.5720 26.4990 1.5627 0.9997
Car 0.0000 0.0000 0.0000 252.0000 184.0000 415.0000 282.0000 1.5717 1.6882 4.0687 -5.1093 1.7836 13.8641 1.5404 0.9997
Car 0.0000 0.0000 0.0000 792.0000 177.0000 1139.0000 395.0000 1.5385 1.5622 3.2408 2.9185 1.5783 6.7494 1.5477 0.9996
Car 0.0000 0.0000 0.0000 -11.0000 197.0000 311.0000 361.0000 1.4360 1.5608 3.5999 -5.1150 1.7630 8.5714 1.5651 0.9995
Car 0.0000 0.0000 0.0000 530.0000 162.0000 558.0000 189.0000 1.8078 1.8118 4.6646 -4.4827 1.0157 49.5744 1.4601 0.9987
Car 0.0000 0.0000 0.0000 709.0000 151.0000 773.0000 177.0000 1.5679 1.6590 3.8730 8.3387 0.1525 45.5697 0.0992 0.9974
Car 0.0000 0.0000 0.0000 -1731.0000 214.0000 50.0000 860.0000 1.4682 1.6381 3.8549 -5.3072 1.7839 3.7918 1.5663 0.9920
Car 0.0000 0.0000 0.0000 670.0000 173.0000 734.0000 225.0000 1.5161 1.6103 3.8096 2.8261 1.4967 22.7447 1.5708 0.9783
