Car 0.0000 0.0000 0.0000 587.0000 177.0000 639.0000 224.0000 1.4639 1.6238 3.4710 0.1009 1.5824 24.6247 1.5636 0.9998
Car 0.0000 0.0000 0.0000 260.0000 177.0000 448.0000 273.0000 1.5418 1.6035 3.7604 -4.8873 1.6269 13.4980 0.6881 0.9994
Car 0.0000 0.0000 0.0000 470.0000 164.0000 551.0000 200.0000 1.7519 1.6340 4.0334 -5.1367 1.2991 37.3943 0.5753 0.9973
Car 0.0000 0.0000 0.0000 -149.0000 94.0000 276.0000 510.0000 1.9092 1.7639 4.5291 -4.4535 1.5687 5.4656 0.7347 0.9965
Car 0.0000 0.0000 0.0000 547.0000 171.0000 567.0000 189.0000 1.5085 1.6572 3.7204 -4.4435 1.2817 62.5258 1.5209 0.9962
Car 0.0000 0.0000 0.0000 646.0000 160.0000 692.0000 203.0000 2.2395 1.9425 5.0529 3.3260 1.5290 40.8400 1.5210 0.9955
Car 0.0000 0.0000 0.0000 635.0000 175.0000 656.0000 192.0000 1.4713 1.6403 3.8738 3.3112 1.5718 65.2157 1.5708 0.9949
Car 0.0000 0.0000 0.0000 407.0000 167.0000 519.0000 221.0000 1.6585 1.6100 3.6345 -4.8213 1.4547 23.4907 0.6680 0.9926
Car 0.0000 0.0000 0.0000 320.0000 157.0000 507.0000 254.0000 1.9804 1.7201 4.2120 -4.5725 1.6649 16.5313 0.5620 0.9924
Car 0.0000 0.0000 0.0000 -11716.0000 182.0000 -502.0000 2598.0000 1.6524 1.6836 4.3511 -8.2856 1.6947 2.8068 1.3385 0.9860
Car 0.0000 0.0000 0.0000 1257.0000 170.0000 1319.0000 207.0000 1.7650 1.7221 4.3509 34.3667 1.5856 36.5351 -0.9394 0.9848
Car 0.0000 0.0000 0.0000 1428.0000 182.0000 1517.0000 217.0000 1.5068 1.6512 3.6135 39.7698 1.8988 33.2515 -0.9832 0.9822
Car 0.0000 0.0000 0.0000 452.0000 148.0000 478.0000 173.0000 1.4971 1.5702 3.3521 -9.0470 -0.0778 45.2921 1.3680 0.9785
Car 0.0000 0.0000 0.0000 418.0000 155.0000 532.0000 200.0000 1.5882 1.6255 3.9388 -4.9426 0.9096 26.3614 -0.2876 0.9777
Car 0.0000 0.0000 0.0000 -325.0000 173.0000 -6.0000 341.0000 1.5484 1.6181 3.5759 -8.9156 1.5667 8.6282 1.0479 0.9750
Car 0.0000 0.0000 0.0000 715.0000 176.0000 734.0000 193.0000 1.4684 1.6061 3.7891 10.5391 1.6780 65.3789 -1.4287 0.9676
Car 0.0000 0.0000 0.0000 598.0000 173.0000 619.0000 191.0000 1.5223 1.6692 3.8345 -0.0244 1.4936 65.1382 1.5021 0.9639
