Car 0.0000 0.0000 0.0000 666.0000 169.0000 726.0000 223.0000 2.0209 1.9043 4.5000 3.4218 1.8460 29.2099 1.5708 0.9999
Car 0.0000 0.0000 0.0000 402.0000 180.0000 446.0000 212.0000 1.8431 1.7449 4.1157 -11.3383 2.2248 44.4040 1.5592 0.9998
Car 0.0000 0.0000 0.0000 600.0000 185.0000 679.0000 256.0000 1.4755 1.6705 3.7048 0.5953 1.7622 17.2600 1.5569 0.9998
Car 0.0000 0.0000 0.0000 297.0000 188.0000 369.0000 228.0000 1.5055 1.6732 3.4674 -11.4226 2.1226 29.9725 1.5596 0.9998
Car 0.0000 0.0000 0.0000 580.0000 182.0000 624.0000 223.0000 1.5163 1.6549 3.8715 -0.2659 1.8768 29.2587 1.5686 0.9989
Car 0.0000 0.0000 0.0000 375.0000 186.0000 415.0000 210.0000 1.5661 1.7441 4.0958 -14.8485 2.4305 50.2027 1.5201 0.9978
Car 0.0000 0.0000 0.0000 534.0000 180.0000 562.0000 205.0000 1.4992 1.6225 3.7607 -3.8837 1.9053 45.6339 1.4386 0.9958
Car 0.0000 0.0000 0.0000 456.0000 184.0000 538.0000 220.0000 1.4680 1.5724 3.6030 -4.9260 1.9242 31.2985 0.7308 0.9942
Car 0.0000 0.0000 0.0000 604.0000 176.0000 626.0000 195.0000 1.4338 1.6173 3.9323 0.4880 1.6514 58.9354 1.5532 0.9936
Car 0.0000 0.0000 0.0000 717.0000 179.0000 771.0000 198.0000 1.5715 1.6863 4.3503 11.5228 2.0017 61.3309 0.0875 0.9920
Car 0.0000 0.0000 0.0000 553.0000 180.0000 580.0000 200.0000 1.4844 1.6966 4.1989 -3.4101 2.0256 59.1427 1.5708 0.9885
Car 0.0000 0.0000 0.0000 1273.0000 176.0000 1572.0000 253.0000 1.5595 1.6555 4.3445 18.3867 1.6433 16.6599 0.6700 0.9868
Car 0.0000 0.0000 0.0000 652.0000 174.0000 678.0000 197.0000 1.4684 1.6090 3.8772 3.7299 1.4745 47.5512 1.5708 0.9818
