Car 0.0000 0.0000 0.0000 1002.0000 178.0000 1207.0000 267.0000 1.4973 1.6539 4.2695 9.5633 1.5845 14.3886 -1.4223 0.9996
Car 0.0000 0.0000 0.0000 615.0000 172.0000 678.0000 222.0000 1.3991 1.5638 3.4676 1.1827 1.3687 21.9326 -1.4171 0.9996
Car 0.0000 0.0000 0.0000 788.0000 168.0000 842.0000 205.0000 1.5286 1.6441 3.6214 8.9546 1.2810 31.5263 -1.4709 0.9995
Car 0.0000 0.0000 0.0000 362.0000 189.0000 516.0000 269.0000 1.4860 1.7271 4.3661 -3.6762 1.8625 16.3051 -1.3756 0.9995
Car 0.0000 0.0000 0.0000 1139.0000 167.0000 1357.0000 261.0000 1.5597 1.6305 3.7270 12.0706 1.4552 13.9619 -1.3158 0.9994
Car 0.0000 0.0000 0.0000 715.0000 155.0000 816.0000 265.0000 1.9697 1.7515 3.6335 3.2059 1.6442 14.7577 -1.3365 0.9993
Car 0.0000 0.0000 0.0000 1307.0000 173.0000 1584.0000 269.0000 1.4707 1.5196 3.2821 14.4890 1.4684 12.7827 -1.3589 0.9989
Car 0.0000 0.0000 0.0000 232.0000 178.0000 397.0000 267.0000 1.8500 1.6871 3.8731 -6.8159 1.9586 17.0525 -1.3513 0.9975
Car 0.0000 0.0000 0.0000 27.0000 193.0000 227.0000 262.0000 1.4768 1.7009 4.2886 -12.3019 2.0200 18.7056 -1.3302 0.9967
Car 0.0000 0.0000 0.0000 854.0000 157.0000 893.0000 193.0000 1.8774 1.7542 4.1320 14.9109 1.0004 40.7357 -1.2882 0.9962
Car 0.0000 0.0000 0.0000 -88.0000 202.0000 79.0000 267.0000 1.4926 1.6304 3.5953 -16.8650 2.3495 19.9836 1.5629 0.9931
Car 0.0000 0.0000 0.0000 1502.0000 36.0000 2643.0000 361.0000 2.3990 1.8792 5.4207 12.4148 1.4150 6.6309 0.1442 0.9751
Car 0.0000 0.0000 0.0000 977.0000 134.0000 1116.0000 180.0000 1.8007 1.8172 4.6169 18.2826 0.2121 30.2565 0.1290 0.9715
