Car 0.0000 0.0000 0.0000 491.0000 188.0000 658.0000 280.0000 1.5661 1.7206 4.4270 -0.5615 1.8998 15.1535 -1.1559 0.9991
Car 0.0000 0.0000 0.0000 767.0000 173.0000 841.0000 233.0000 1.4793 1.5973 3.3933 5.3577 1.4676 19.5849 -1.2021 0.9990
Car 0.0000 0.0000 0.0000 1499.0000 161.0000 1944.0000 306.0000 1.5723 1.6297 3.6572 14.5464 1.4465 9.8320 -1.1175 0.9990
Car 0.0000 0.0000 0.0000 358.0000 183.0000 529.0000 273.0000 1.7456 1.6955 4.0710 -3.6248 1.9632 16.3868 -1.1579 0.9984
Car 0.0000 0.0000 0.0000 893.0000 174.0000 1024.0000 294.0000 1.7103 1.7063 3.9806 6.0081 1.7178 12.3410 -1.0807 0.9979
Car 0.0000 0.0000 0.0000 1276.0000 170.0000 1662.0000 304.0000 1.5761 1.6716 4.2765 12.1863 1.5452 10.7358 -1.2543 0.9978
Car 0.0000 0.0000 0.0000 1819.0000 171.0000 2539.0000 342.0000 1.4981 1.5391 3.2708 16.7216 1.4823 8.0923 -1.1830 0.9977
Car 0.0000 0.0000 0.0000 183.0000 194.0000 369.0000 267.0000 1.5741 1.6862 4.2446 -8.5476 2.1477 18.8242 -1.0692 0.9971
Car 0.0000 0.0000 0.0000 1037.0000 154.0000 1091.0000 201.0000 2.1792 1.9506 5.1214 22.5363 1.2665 35.7898 -1.0640 0.9968
Car 0.0000 0.0000 0.0000 99.0000 200.0000 251.0000 261.0000 1.5167 1.6200 3.5174 -12.5723 2.3337 21.0355 -1.1941 0.9963
Car 0.0000 0.0000 0.0000 946.0000 156.0000 1034.0000 200.0000 1.5592 1.6117 3.5947 14.4774 0.9182 27.5612 1.5708 0.9930
