Car 0.0000 0.0000 0.0000 586.0000 173.0000 656.0000 235.0000 1.6597 1.7147 3.7660 0.2348 1.6451 21.1562 1.5017 0.9997
Car 0.0000 0.0000 0.0000 243.0000 173.0000 351.0000 233.0000 1.9075 1.8804 4.5071 -10.9246 1.9116 25.5511 1.5702 0.9996
Car 0.0000 0.0000 0.0000 328.0000 177.0000 399.0000 218.0000 1.6825 1.7443 4.0770 -10.7571 1.8275 31.8468 1.5708 0.9991
Car 0.0000 0.0000 0.0000 452.0000 149.0000 507.0000 201.0000 2.6291 2.1343 5.6366 -6.9993 1.3833 39.5136 1.5412 0.9987
Car 0.0000 0.0000 0.0000 387.0000 181.0000 438.0000 210.0000 1.4577 1.5882 3.7904 -10.5110 1.8435 38.7319 1.5708 0.9971
Car 0.0000 0.0000 0.0000 784.0000 171.0000 994.0000 280.0000 1.6250 1.6508 3.9635 4.9524 1.5839 12.5769 -0.6824 0.9948
Car 0.0000 0.0000 0.0000 -134.0000 179.0000 -65.0000 220.0000 1.5000 1.6250 3.6571 -27.8764 1.7225 28.3363 0.8784 0.9947
Car 0.0000 0.0000 0.0000 1050.0000 169.0000 1565.0000 601.0000 1.6369 1.6580 3.8718 4.1459 1.6283 4.7507 -0.8884 0.9931
Car 0.0000 0.0000 0.0000 697.0000 163.0000 839.0000 236.0000 1.7353 1.6873 3.9056 4.2615 1.4711 19.0602 -0.7275 0.9927
Car 0.0000 0.0000 0.0000 674.0000 171.0000 768.0000 215.0000 1.4872 1.5779 3.6768 4.1253 1.4055 26.2754 -0.8021 0.9926
Car 0.0000 0.0000 0.0000 857.0000 175.0000 1112.0000 345.0000 1.5558 1.6245 3.8183 4.5885 1.5876 8.5965 -0.7872 0.9915
Car 0.0000 0.0000 0.0000 657.0000 166.0000 703.0000 194.0000 1.6674 1.6987 3.8789 4.4485 1.2006 44.5076 -1.1594 0.9848
