Car 0.0000 0.0000 0.0000 471.0000 179.0000 534.0000 228.0000 1.6701 1.7013 4.0341 -3.8855 1.8750 26.7463 1.5708 0.9999
Car 0.0000 0.0000 0.0000 768.0000 187.0000 965.0000 304.0000 1.4813 1.6371 4.1732 3.8017 1.7148 11.5209 1.5708 0.9998
Car 0.0000 0.0000 0.0000 424.0000 186.0000 506.0000 244.0000 1.5398 1.6719 3.8288 -4.2085 1.9108 21.5235 1.5708 0.9998
Car 0.0000 0.0000 0.0000 696.0000 177.0000 732.0000 208.0000 1.6123 1.7428 3.9958 5.7691 1.7760 39.8466 -1.4690 0.9994
Car 0.0000 0.0000 0.0000 877.0000 191.0000 1493.0000 492.0000 1.4478 1.5948 4.0172 3.6519 1.6279 5.6856 1.5569 0.9993
Car 0.0000 0.0000 0.0000 523.0000 181.0000 565.0000 215.0000 1.5753 1.7219 4.0167 -3.2156 1.9657 36.2594 1.5708 0.9992
Car 0.0000 0.0000 0.0000 1206.0000 166.0000 1649.0000 294.0000 1.5434 1.6492 4.1141 11.5771 1.4775 10.7151 0.7181 0.9986
Car 0.0000 0.0000 0.0000 1860.0000 130.0000 4285.0000 580.0000 1.5607 1.6478 3.8894 11.9392 1.4314 4.4645 0.7998 0.9932
Car 0.0000 0.0000 0.0000 595.0000 182.0000 613.0000 199.0000 1.4371 1.5847 3.8929 -0.4193 2.1176 63.0247 1.5545 0.9878
Car 0.0000 0.0000 0.0000 136.0000 189.0000 259.0000 234.0000 1.5181 1.6570 4.1011 -14.9932 2.0986 26.2000 0.3620 0.9842
Car 0.0000 0.0000 0.0000 501.0000 181.0000 550.0000 218.0000 1.4908 1.6658 4.2290 -3.6482 1.8369 32.0213 1.5708 0.9833
Car 0.0000 0.0000 0.0000 1451.0000 177.0000 2155.0000 359.0000 1.4916 1.5638 3.4844 11.7208 1.5396 7.5797 0.6523 0.9784
