Car 0.0000 0.0000 0.0000 414.0000 174.0000 533.0000 218.0000 1.6426 1.7014 4.3496 -5.2957 1.6875 28.4307 0.0508 0.9997
Car 0.0000 0.0000 0.0000 -12.0000 163.0000 334.0000 300.0000 1.7553 1.6574 3.9309 -6.2171 1.6390 10.1832 0.0595 0.9994
Car 0.0000 0.0000 0.0000 132.0000 179.0000 389.0000 275.0000 1.5408 1.5829 3.7149 -5.9937 1.6447 12.5445 0.0630 0.9992
Car 0.0000 0.0000 0.0000 683.0000 177.0000 806.0000 226.0000 1.5610 1.6701 3.8493 4.4396 1.6849 24.1163 0.0818 0.9992
Car 0.0000 0.0000 0.0000 1122.0000 171.0000 1385.0000 255.0000 1.5639 1.6590 4.2758 13.6097 1.5261 15.6459 1.4902 0.9990
Car 0.0000 0.0000 0.0000 -306.0000 179.0000 204.0000 363.0000 1.5923 1.5741 3.6657 -6.3077 1.6624 7.1003 0.0349 0.9977
Car 0.0000 0.0000 0.0000 675.0000 173.0000 781.0000 219.0000 1.6691 1.6532 3.8540 4.4382 1.6642 27.3107 0.0905 0.9963
Car 0.0000 0.0000 0.0000 -1117.0000 146.0000 -16.0000 539.0000 1.7405 1.6452 3.7709 -6.1688 1.6431 4.0850 0.0428 0.9884
Car 0.0000 0.0000 0.0000 1073.0000 171.0000 1134.0000 217.0000 1.5404 1.6168 3.7447 17.8254 1.4447 25.8943 -0.9259 0.9852
Car 0.0000 0.0000 0.0000 723.0000 160.0000 781.0000 179.0000 1.6218 1.7141 4.6381 12.4648 0.4336 62.7050 0.0195 0.9831
Car 0.0000 0.0000 0.0000 526.0000 163.0000 550.0000 183.0000 1.7089 1.7260 3.8368 -6.1815 0.8101 63.5303 1.5708 0.9778
Car 0.0000 0.0000 0.0000 1346.0000 99.0000 2286.0000 396.0000 2.1391 1.9111 4.7159 11.2461 1.6129 7.6120 1.5037 0.9722
