Car 0.0000 0.0000 0.0000 667.0000 181.0000 736.0000 233.0000 1.4443 1.5653 3.4190 2.7274 1.6649 22.0999 1.5412 0.9998
Car 0.0000 0.0000 0.0000 445.0000 185.0000 514.0000 236.0000 1.3913 1.5438 3.7005 -3.9323 1.7641 22.2707 1.5467 0.9998
Car 0.0000 0.0000 0.0000 721.0000 186.0000 968.0000 334.0000 1.4324 1.6145 4.1781 2.6787 1.6137 9.3521 1.5130 0.9997
Car 0.0000 0.0000 0.0000 464.0000 164.0000 529.0000 223.0000 2.0424 1.8924 4.5759 -4.2217 1.7226 27.6242 1.5396 0.9996
Car 0.0000 0.0000 0.0000 -465.0000 205.0000 322.0000 658.0000 1.4986 1.5820 3.5803 -3.2555 1.7627 4.4371 1.5229 0.9995
Car 0.0000 0.0000 0.0000 597.0000 167.0000 620.0000 188.0000 1.5867 1.6979 3.9002 -0.0409 1.0924 57.8993 1.5245 0.9994
Car 0.0000 0.0000 0.0000 644.0000 176.0000 710.0000 222.0000 1.5769 1.6688 4.2171 2.4117 1.6619 26.7465 1.4774 0.9992
Car 0.0000 0.0000 0.0000 183.0000 203.0000 434.0000 361.0000 1.4274 1.6096 3.7343 -3.4814 1.8628 9.0212 1.5643 0.9992
Car 0.0000 0.0000 0.0000 721.0000 152.0000 790.0000 178.0000 1.8199 1.8254 4.6868 10.6756 0.2833 52.4817 0.0150 0.9984
Car 0.0000 0.0000 0.0000 341.0000 155.0000 437.0000 194.0000 1.8059 1.7301 4.2089 -10.8673 0.9336 35.7495 0.1069 0.9971
Car 0.0000 0.0000 0.0000 -2150.0000 -1095.0000 1630.0000 604.0000 1.4508 1.5364 3.6174 2.8778 1.5855 0.8789 1.5708 0.9902
Car 0.0000 0.0000 0.0000 555.0000 172.0000 579.0000 189.0000 1.4664 1.6359 3.9134 -3.7910 1.3140 64.6437 1.3757 0.9838
