Car 0.0000 0.0000 0.0000 303.0000 198.0000 443.0000 295.0000 1.4992 1.5938 3.6359 -4.3970 2.0232 13.8659 1.5390 0.9999
Car 0.0000 0.0000 0.0000 763.0000 185.0000 1074.0000 374.0000 1.5105 1.6175 3.6141 2.9224 1.6501 7.7708 1.5127 0.9999
Car 0.0000 0.0000 0.0000 400.0000 190.0000 495.0000 260.0000 1.5920 1.6708 4.2186 -4.2469 2.0723 19.4209 1.5537 0.9999
Car 0.0000 0.0000 0.0000 689.0000 187.0000 801.0000 264.0000 1.4864 1.6336 4.1130 2.9382 1.8111 16.5529 1.5328 0.9999
Car 0.0000 0.0000 0.0000 672.0000 186.0000 751.0000 241.0000 1.5057 1.6454 4.0863 3.0774 1.9081 22.4577 1.5171 0.9996
Car 0.0000 0.0000 0.0000 47.0000 205.0000 359.0000 382.0000 1.4649 1.6285 3.9023 -4.4509 1.9152 8.5737 1.5330 0.9995
Car 0.0000 0.0000 0.0000 522.0000 191.0000 547.0000 212.0000 1.4755 1.7026 3.8728 -5.6589 2.7598 54.4618 1.4221 0.9993
Car 0.0000 0.0000 0.0000 646.0000 164.0000 713.0000 226.0000 2.3708 2.0277 5.4933 2.8470 2.0178 30.4242 1.5247 0.9969
Car 0.0000 0.0000 0.0000 -4583.0000 -1941.0000 1308.0000 491.0000 1.5525 1.6567 4.2166 2.7732 1.5750 1.5481 1.5358 0.9964
Car 0.0000 0.0000 0.0000 618.0000 188.0000 643.0000 210.0000 1.4680 1.5530 3.6003 1.5440 2.5291 51.9771 1.5444 0.9872
Car 0.0000 0.0000 0.0000 588.0000 187.0000 606.0000 203.0000 1.4790 1.6368 3.7836 -1.1838 2.7975 70.9047 1.5206 0.9849
Car 0.0000 0.0000 0.0000 608.0000 183.0000 635.0000 202.0000 1.4817 1.5696 3.5217 0.9834 2.1890 58.7411 1.4046 0.9834
