Car 0.0000 0.0000 0.0000 408.0000 171.0000 471.0000 217.0000 1.4050 1.5906 3.5466 -5.5892 1.3246 24.0473 1.4704 0.9999
Car 0.0000 0.0000 0.0000 819.0000 164.0000 935.0000 229.0000 1.5794 1.6814 3.6495 7.0526 1.3461 19.4153 1.5498 0.9998
Car 0.0000 0.0000 0.0000 626.0000 156.0000 662.0000 185.0000 1.7438 1.7626 4.3144 2.1785 0.6913 45.9002 1.5018 0.9997
Car 0.0000 0.0000 0.0000 574.0000 161.0000 613.0000 194.0000 1.5337 1.6873 3.8470 -0.8325 0.9597 35.5045 1.4917 0.9996
Car 0.0000 0.0000 0.0000 160.0000 186.0000 317.0000 259.0000 1.4694 1.7114 4.4460 -8.7054 1.7898 17.3309 1.5063 0.9996
Car 0.0000 0.0000 0.0000 722.0000 172.0000 855.0000 237.0000 1.4945 1.6536 4.3113 4.5817 1.4848 19.1399 1.3527 0.9995
Car 0.0000 0.0000 0.0000 495.0000 157.0000 580.0000 244.0000 1.8921 1.8264 3.8718 -1.7099 1.5456 17.7241 1.5124 0.9994
Car 0.0000 0.0000 0.0000 1.0000 170.0000 187.0000 261.0000 1.8997 1.7358 3.8951 -12.0279 1.8296 17.1296 1.5337 0.9993
Car 0.0000 0.0000 0.0000 908.0000 174.0000 1053.0000 236.0000 1.4794 1.5777 3.6285 9.6431 1.4953 19.0483 1.4268 0.9982
Car 0.0000 0.0000 0.0000 -285.0000 193.0000 -20.0000 271.0000 1.4831 1.7725 4.3442 -17.6646 1.9959 17.0304 1.5337 0.9975
Car 0.0000 0.0000 0.0000 1251.0000 128.0000 1424.0000 184.0000 1.8695 1.7477 4.3950 25.7706 0.3286 25.5685 -0.0189 0.9946
Car 0.0000 0.0000 0.0000 1983.0000 168.0000 6430.0000 1658.0000 1.4918 1.6034 3.9436 6.9498 1.4879 2.4907 -0.5983 0.9922
Car 0.0000 0.0000 0.0000 984.0000 113.0000 1386.0000 270.0000 2.2603 1.8383 5.3858 9.9386 1.4098 12.9235 0.8192 0.9864
Car 0.0000 0.0000 0.0000 -465.0000 202.0000 -222.0000 279.0000 1.4808 1.6430 3.4343 -22.2751 2.2164 17.0250 1.3472 0.9861
