Car 0.0000 0.0000 0.0000 221.0000 190.0000 438.0000 318.0000 1.5382 1.7322 4.3565 -4.1280 1.8413 11.3711 1.5698 0.9998
Car 0.0000 0.0000 0.0000 385.0000 187.0000 490.0000 261.0000 1.5149 1.6094 3.8159 -3.9934 1.8472 17.2024 1.5625 0.9998
Car 0.0000 0.0000 0.0000 1072.0000 115.0000 1429.0000 216.0000 1.6613 1.7529 4.7011 11.3096 0.7068 13.0146 0.0779 0.9998
Car 0.0000 0.0000 0.0000 454.0000 183.0000 526.0000 236.0000 1.5434 1.6450 3.9299 -3.8038 1.8541 23.4998 1.5708 0.9997
Car 0.0000 0.0000 0.0000 730.0000 174.0000 818.0000 231.0000 1.5982 1.6691 4.3245 5.0398 1.6267 22.5951 1.5494 0.9997
Car 0.0000 0.0000 0.0000 -568.0000 199.0000 254.0000 590.0000 1.5332 1.6650 4.0769 -4.3265 1.7713 5.1272 1.5164 0.9996
Car 0.0000 0.0000 0.0000 1449.0000 126.0000 1655.0000 192.0000 1.7669 1.6669 3.5429 27.7711 0.4820 21.4053 -1.4536 0.9996
Car 0.0000 0.0000 0.0000 646.0000 181.0000 687.0000 214.0000 1.4562 1.6185 3.5322 2.7673 1.7956 34.0659 -1.4112 0.9995
Car 0.0000 0.0000 0.0000 497.0000 183.0000 548.0000 225.0000 1.5697 1.6463 3.7178 -3.5291 1.9772 29.7284 1.5708 0.9993
Car 0.0000 0.0000 0.0000 1296.0000 135.0000 1484.0000 192.0000 1.5895 1.6945 3.8897 23.7632 0.5193 22.1463 1.5708 0.9970
Car 0.0000 0.0000 0.0000 721.0000 172.0000 846.0000 216.0000 1.5524 1.6577 4.2969 6.3787 1.5202 26.7308 0.1130 0.9967
Car 0.0000 0.0000 0.0000 521.0000 183.0000 561.0000 218.0000 1.5606 1.6496 4.1821 -3.2242 2.0229 34.7471 1.5435 0.9940
Car 0.0000 0.0000 0.0000 460.0000 170.0000 493.0000 196.0000 1.5116 1.5795 3.6815 -7.9574 1.2901 43.4426 1.4833 0.9932
Car 0.0000 0.0000 0.0000 659.0000 181.0000 706.0000 210.0000 1.4556 1.5245 3.3913 3.9919 1.8254 38.5154 -1.1657 0.9896
Car 0.0000 0.0000 0.0000 689.0000 176.0000 718.0000 205.0000 1.6372 1.6113 3.5125 5.6076 1.7660 42.7715 -1.4446 0.9672
