Car 0.0000 0.0000 0.0000 391.0000 185.0000 466.0000 243.0000 1.5234 1.6689 4.1761 -5.3642 1.8845 21.7486 1.4562 0.9999
Car 0.0000 0.0000 0.0000 489.0000 180.0000 552.0000 233.0000 1.6665 1.7659 4.3108 -2.9656 1.8742 24.7760 1.5315 0.9998
Car 0.0000 0.0000 0.0000 1126.0000 131.0000 1279.0000 176.0000 1.5414 1.6730 4.1615 21.7643 0.0524 26.5051 0.0370 0.9997
Car 0.0000 0.0000 0.0000 647.0000 178.0000 684.0000 207.0000 1.5080 1.6951 4.1471 3.0586 1.7319 39.7191 1.5708 0.9996
Car 0.0000 0.0000 0.0000 776.0000 160.0000 904.0000 202.0000 1.6940 1.7361 4.8900 9.7470 1.1525 30.6315 0.0263 0.9996
Car 0.0000 0.0000 0.0000 590.0000 179.0000 619.0000 203.0000 1.5918 1.7462 3.4943 -0.2398 1.9695 51.1476 1.5708 0.9993
Car 0.0000 0.0000 0.0000 934.0000 149.0000 1027.0000 178.0000 1.4697 1.6533 4.1917 20.2231 0.1774 39.3181 0.8951 0.9988
Car 0.0000 0.0000 0.0000 793.0000 160.0000 1098.0000 269.0000 1.6119 1.6749 4.3607 5.3270 1.4329 12.0477 0.2633 0.9983
Car 0.0000 0.0000 0.0000 1458.0000 122.0000 1765.0000 195.0000 1.5422 1.7247 4.4195 22.7608 0.4400 16.5006 0.0417 0.9979
Car 0.0000 0.0000 0.0000 458.0000 174.0000 481.0000 193.0000 1.4887 1.6166 3.6277 -11.4839 1.4987 59.7212 1.4501 0.9917
Car 0.0000 0.0000 0.0000 430.0000 188.0000 503.0000 232.0000 1.5196 1.6159 4.1210 -5.4255 2.0951 27.8136 -1.4698 0.9894
Car 0.0000 0.0000 0.0000 846.0000 155.0000 926.0000 182.0000 1.5982 1.6891 4.3708 16.9152 0.4785 44.0825 0.2582 0.9876
Car 0.0000 0.0000 0.0000 754.0000 156.0000 830.0000 188.0000 1.8427 1.7809 4.2880 11.2090 0.7966 44.2497 0.0514 0.9811
Car 0.0000 0.0000 0.0000 1073.0000 153.0000 1125.0000 191.0000 1.5684 1.5932 3.8143 21.3521 0.7020 31.3115 -0.9130 0.9795
Car 0.0000 0.0000 0.0000 1754.0000 113.0000 2170.0000 210.0000 1.4980 1.6162 3.8319 22.7752 0.5573 12.2632 0.0326 0.9759
Car 0.0000 0.0000 0.0000 1092.0000 150.0000 1240.0000 193.0000 1.5770 1.7412 4.4459 22.0552 0.6973 28.6387 0.0323 0.9626
