Car 0.0000 0.0000 0.0000 694.0000 174.0000 853.0000 286.0000 1.5959 1.6480 3.5802 2.5642 1.6229 12.2164 1.5006 0.9999
Car 0.0000 0.0000 0.0000 365.0000 191.0000 503.0000 293.0000 1.3805 1.4962 3.2533 -2.7724 1.7004 11.8982 1.5670 0.9999
Car 0.0000 0.0000 0.0000 674.0000 183.0000 767.0000 253.0000 1.4353 1.5489 3.5289 2.4918 1.6746 16.9418 1.5502 0.9998
Car 0.0000 0.0000 0.0000 654.0000 174.0000 733.0000 238.0000 1.7733 1.7808 4.4524 2.4638 1.7886 22.1878 1.5399 0.9998
Car 0.0000 0.0000 0.0000 527.0000 176.0000 567.0000 208.0000 1.4923 1.6642 4.0082 -3.0887 1.6329 36.5002 1.5708 0.9997
Car 0.0000 0.0000 0.0000 640.0000 169.0000 685.0000 207.0000 1.8164 1.7673 4.4664 2.6567 1.5858 36.5649 1.5299 0.9995
Car 0.0000 0.0000 0.0000 516.0000 176.0000 541.0000 196.0000 1.4503 1.6025 3.7763 -5.9404 1.5892 53.3818 1.5223 0.9844
Car 0.0000 0.0000 0.0000 519.0000 159.0000 545.0000 179.0000 1.6437 1.6739 3.7498 -6.6299 0.4288 61.8609 1.3116 0.9805
Car 0.0000 0.0000 0.0000 633.0000 182.0000 665.0000 208.0000 1.5132 1.5721 3.6598 2.4331 1.9907 43.8804 1.5259 0.9657
Car 0.0000 0.0000 0.0000 707.0000 143.0000 782.0000 198.0000 2.1655 1.8797 4.9624 5.7210 0.9606 31.0649 1.4739 0.9632
