Car 0.0000 0.0000 0.0000 656.0000 173.0000 727.0000 222.0000 1.4928 1.6161 3.9535 2.6386 1.4751 23.9102 1.4985 0.9999
Car 0.0000 0.0000 0.0000 738.0000 175.0000 1016.0000 357.0000 1.5433 1.6023 3.6556 2.6115 1.5772 8.0390 1.5302 0.9999
Car 0.0000 0.0000 0.0000 848.0000 153.0000 3355.0000 1602.0000 1.6200 1.6549 3.7379 2.3732 1.6179 2.7066 1.5344 0.9998
Car 0.0000 0.0000 0.0000 310.0000 181.0000 513.0000 311.0000 1.4882 1.7057 4.3551 -2.6186 1.5974 10.5103 1.5708 0.9996
Car 0.0000 0.0000 0.0000 532.0000 174.0000 576.0000 203.0000 1.4421 1.6281 3.5117 -2.9013 1.4583 37.3517 1.3037 0.9996
Car 0.0000 0.0000 0.0000 641.0000 176.0000 686.0000 208.0000 1.5598 1.6512 4.0717 2.7174 1.6572 36.5683 1.4966 0.9992
Car 0.0000 0.0000 0.0000 -138.0000 191.0000 430.0000 552.0000 1.5009 1.6527 4.1703 -2.6161 1.6715 5.2855 1.5228 0.9991
Car 0.0000 0.0000 0.0000 398.0000 173.0000 509.0000 251.0000 1.4508 1.5936 3.5029 -3.2030 1.4518 15.3031 1.5656 0.9972
Car 0.0000 0.0000 0.0000 630.0000 166.0000 659.0000 192.0000 1.8226 1.7685 4.0974 2.6379 1.2765 53.3151 1.5334 0.9948
Car 0.0000 0.0000 0.0000 515.0000 162.0000 559.0000 180.0000 1.6487 1.6689 4.0588 -6.8207 0.5641 68.8169 0.0329 0.9927
