Car 0.0000 0.0000 0.0000 289.0000 190.0000 435.0000 267.0000 1.4995 1.6374 4.1495 -5.5651 1.8982 16.6973 -1.4816 0.9999
Car 0.0000 0.0000 0.0000 750.0000 184.0000 949.0000 300.0000 1.4626 1.5811 3.7841 3.4874 1.6394 11.2978 1.4889 0.9999
Car 0.0000 0.0000 0.0000 667.0000 176.0000 731.0000 225.0000 1.5909 1.6206 3.5553 3.1001 1.6807 25.5404 1.5097 0.9999
Car 0.0000 0.0000 0.0000 702.0000 180.0000 818.0000 253.0000 1.4871 1.6293 3.9881 3.3688 1.6475 16.9405 1.5059 0.9998
Car 0.0000 0.0000 0.0000 -183.0000 202.0000 234.0000 402.0000 1.4971 1.5823 3.5747 -5.7214 1.8559 7.6323 1.5498 0.9998
Car 0.0000 0.0000 0.0000 454.0000 181.0000 504.0000 218.0000 1.5266 1.6117 3.5890 -5.6778 1.8440 31.7560 1.5411 0.9998
Car 0.0000 0.0000 0.0000 660.0000 178.0000 712.0000 217.0000 1.5367 1.5512 3.4548 3.2466 1.7341 30.9517 1.4730 0.9981
Car 0.0000 0.0000 0.0000 -5343.0000 -2046.0000 1471.0000 525.0000 1.5507 1.6348 3.8973 3.2299 1.6051 1.4112 1.5446 0.9981
Car 0.0000 0.0000 0.0000 455.0000 173.0000 482.0000 191.0000 1.4679 1.6412 3.8170 -12.1285 1.4416 62.5439 1.5568 0.9917
Car 0.0000 0.0000 0.0000 480.0000 184.0000 522.0000 214.0000 1.4442 1.5880 3.5945 -5.4969 1.9585 37.0094 1.5708 0.9913
Car 0.0000 0.0000 0.0000 -31.0000 191.0000 129.0000 252.0000 1.4803 1.5817 3.7524 -15.6861 1.9985 20.3696 1.5708 0.9682
