Car 0.0000 0.0000 0.0000 126.0000 186.0000 229.0000 224.0000 1.4804 1.6571 4.0344 -18.5721 2.0324 31.1829 -1.4243 0.9992
Car 0.0000 0.0000 0.0000 802.0000 171.0000 837.0000 189.0000 1.5160 1.6517 3.8478 19.3825 1.3110 66.1958 1.4552 0.9979
Car 0.0000 0.0000 0.0000 887.0000 163.0000 952.0000 187.0000 1.4648 1.5906 3.6043 20.3152 0.8094 47.1456 0.1446 0.9977
Car 0.0000 0.0000 0.0000 507.0000 176.0000 533.0000 196.0000 1.4819 1.6628 3.8569 -6.5962 1.6127 53.8388 1.5121 0.9948
Car 0.0000 0.0000 0.0000 275.0000 181.0000 349.0000 208.0000 1.6219 1.6675 4.1621 -19.3064 2.1145 46.9689 -0.8661 0.9934
Car 0.0000 0.0000 0.0000 826.0000 170.0000 864.0000 187.0000 1.5289 1.6443 3.8440 22.0804 1.2279 67.2142 1.3659 0.9915
Car 0.0000 0.0000 0.0000 322.0000 183.0000 398.0000 211.0000 1.5087 1.5944 3.9308 -14.2548 2.0417 41.2664 -0.5054 0.9772
Car 0.0000 0.0000 0.0000 878.0000 169.0000 898.0000 186.0000 1.4656 1.6057 3.7695 25.6202 1.0489 66.0057 -1.2281 0.9760
Car 0.0000 0.0000 0.0000 482.0000 168.0000 507.0000 187.0000 1.5397 1.6136 3.6999 -9.4555 1.0642 59.7847 1.5357 0.9722
Car 0.0000 0.0000 0.0000 573.0000 165.0000 607.0000 190.0000 2.0443 1.8318 4.6481 -1.5118 1.3422 61.5993 -1.3567 0.9618
