Car 0.0000 0.0000 0.0000 706.0000 176.0000 846.0000 271.0000 1.5900 1.6486 3.8127 3.0773 1.6481 14.1620 1.5140 1.0000
Car 0.0000 0.0000 0.0000 395.0000 176.0000 473.0000 233.0000 1.7552 1.7571 4.1010 -5.9041 1.8526 24.6277 1.5448 0.9998
Car 0.0000 0.0000 0.0000 64.0000 204.0000 309.0000 334.0000 1.4819 1.6259 3.5215 -6.0548 2.0078 10.7537 1.5565 0.9996
Car 0.0000 0.0000 0.0000 271.0000 196.0000 406.0000 273.0000 1.4397 1.6113 3.9760 -5.9787 1.9836 16.3243 1.5563 0.9995
Car 0.0000 0.0000 0.0000 524.0000 179.0000 547.0000 198.0000 1.4749 1.7262 3.9096 -5.8361 1.8750 57.0714 1.4364 0.9978
Car 0.0000 0.0000 0.0000 1415.0000 131.0000 1618.0000 192.0000 1.8707 1.7476 4.1554 29.5323 0.5634 23.5473 0.0822 0.9975
Car 0.0000 0.0000 0.0000 558.0000 178.0000 582.0000 198.0000 1.4705 1.6820 3.9994 -3.0085 1.7999 56.6829 1.5708 0.9973
Car 0.0000 0.0000 0.0000 635.0000 175.0000 656.0000 193.0000 1.4586 1.6362 3.8615 3.2198 1.5924 63.6338 1.5708 0.9954
Car 0.0000 0.0000 0.0000 1258.0000 125.0000 1485.0000 200.0000 2.1998 1.9483 5.1275 24.9162 0.7838 23.8984 1.5280 0.9942
Car 0.0000 0.0000 0.0000 375.0000 167.0000 407.0000 193.0000 1.8849 1.8645 4.5621 -16.5264 1.3782 54.8452 1.3828 0.9899
Car 0.0000 0.0000 0.0000 672.0000 175.0000 697.0000 194.0000 1.5064 1.6193 3.9176 6.1199 1.5668 58.3708 1.5588 0.9860
Car 0.0000 0.0000 0.0000 876.0000 157.0000 939.0000 178.0000 1.6844 1.7092 4.4024 24.2906 0.3376 58.5496 0.0565 0.9785
Car 0.0000 0.0000 0.0000 827.0000 165.0000 926.0000 204.0000 1.6841 1.6551 3.9495 12.0445 1.3137 32.6566 0.1536 0.9776
Car 0.0000 0.0000 0.0000 689.0000 160.0000 746.0000 182.0000 1.7412 1.7658 4.5252 8.9554 0.6075 59.6658 0.0730 0.9765
Car 0.0000 0.0000 0.0000 442.0000 184.0000 500.0000 222.0000 1.4905 1.5839 3.8107 -5.9665 1.9552 31.3760 1.5708 0.9759
Car 0.0000 0.0000 0.0000 -257.0000 203.0000 -32.0000 277.0000 1.4822 1.5731 3.6516 -17.9648 2.2402 17.3690 1.5708 0.9652
Car 0.0000 0.0000 0.0000 1594.0000 151.0000 1720.0000 198.0000 1.6249 1.6557 3.8637 38.8532 0.8409 26.8046 -0.8705 0.9630
Car 0.0000 0.0000 0.0000 535.0000 180.0000 556.0000 198.0000 1.5147 1.6745 4.1396 -5.6483 2.0999 64.8791 1.5479 0.9602
