Car 0.0000 0.0000 0.0000 324.0000 195.0000 424.0000 261.0000 1.5059 1.6239 3.4045 -6.1550 2.1125 19.1470 1.5462 0.9998
Car 0.0000 0.0000 0.0000 669.0000 179.0000 739.0000 233.0000 1.5258 1.6096 3.7824 2.9007 1.7059 22.7826 1.5402 0.9998
Car 0.0000 0.0000 0.0000 447.0000 182.0000 500.0000 219.0000 1.5494 1.7100 4.2014 -6.1838 1.9328 33.2803 1.5556 0.9995
Car 0.0000 0.0000 0.0000 389.0000 193.0000 467.0000 242.0000 1.4789 1.6604 3.9947 -6.1747 2.1700 24.8875 1.5708 0.9993
Car 0.0000 0.0000 0.0000 -88.0000 204.0000 32.0000 251.0000 1.4686 1.6700 3.8937 -23.7105 2.6535 26.9375 1.3627 0.9991
Car 0.0000 0.0000 0.0000 1097.0000 137.0000 1226.0000 184.0000 1.9375 1.8307 4.6531 24.6192 0.4164 32.3260 1.4407 0.9987
Car 0.0000 0.0000 0.0000 1201.0000 140.0000 1322.0000 177.0000 1.5676 1.6516 3.7707 29.0210 0.1123 32.1156 0.0774 0.9983
Car 0.0000 0.0000 0.0000 -37.0000 201.0000 90.0000 249.0000 1.4555 1.6584 3.7848 -20.8800 2.4953 25.9471 1.5257 0.9981
Car 0.0000 0.0000 0.0000 474.0000 182.0000 513.0000 212.0000 1.5069 1.6475 3.6563 -6.3383 1.9904 39.8511 1.5452 0.9969
Car 0.0000 0.0000 0.0000 -157.0000 208.0000 -29.0000 256.0000 1.5041 1.7134 3.8185 -26.1924 2.8508 26.9840 1.3463 0.9960
Car 0.0000 0.0000 0.0000 501.0000 178.0000 531.0000 200.0000 1.4678 1.6480 3.8239 -6.4091 1.7373 49.3553 1.3501 0.9881
Car 0.0000 0.0000 0.0000 455.0000 162.0000 490.0000 180.0000 1.4976 1.6185 4.0814 -11.6517 0.5138 61.9697 -1.3863 0.9866
Car 0.0000 0.0000 0.0000 -287.0000 213.0000 -136.0000 261.0000 1.4725 1.6157 3.5918 -30.6941 3.0405 27.0303 1.5553 0.9810
Car 0.0000 0.0000 0.0000 530.0000 183.0000 549.0000 200.0000 1.4532 1.6408 3.9100 -6.2891 2.2706 65.5271 1.4710 0.9771
