Car 0.0000 0.0000 0.0000 488.0000 179.0000 559.0000 234.0000 1.4121 1.6140 3.7652 -2.3554 1.5582 20.4517 1.5578 0.9997
Car 0.0000 0.0000 0.0000 589.0000 176.0000 647.0000 230.0000 1.5377 1.6616 3.5458 0.2154 1.6110 22.4406 1.5580 0.9997
Car 0.0000 0.0000 0.0000 687.0000 176.0000 798.0000 257.0000 1.5694 1.6044 3.6839 2.8047 1.6331 16.0034 1.5239 0.9996
Car 0.0000 0.0000 0.0000 -123.0000 193.0000 146.0000 300.0000 1.3916 1.5460 3.4771 -9.3371 1.7304 11.5828 1.5314 0.9994
Car 0.0000 0.0000 0.0000 728.0000 80.0000 1133.0000 383.0000 2.3282 2.0345 5.3257 2.9171 1.6191 8.2503 1.5232 0.9993
Car 0.0000 0.0000 0.0000 634.0000 174.0000 668.0000 199.0000 1.4640 1.6262 3.7601 2.6011 1.5063 44.9917 1.4971 0.9992
Car 0.0000 0.0000 0.0000 171.0000 179.0000 378.0000 290.0000 1.5347 1.6361 3.9111 -5.6624 1.6345 11.8890 0.7140 0.9987
Car 0.0000 0.0000 0.0000 667.0000 173.0000 724.0000 220.0000 1.6106 1.5852 3.4132 3.1126 1.5949 26.5889 1.5346 0.9986
Car 0.0000 0.0000 0.0000 119.0000 148.0000 291.0000 236.0000 1.7431 1.7621 4.2474 -9.0782 1.2542 16.5747 1.5196 0.9985
Car 0.0000 0.0000 0.0000 673.0000 180.0000 748.0000 235.0000 1.4429 1.5855 3.9249 2.8313 1.6117 20.9570 1.5670 0.9983
Car 0.0000 0.0000 0.0000 368.0000 174.0000 469.0000 228.0000 1.5677 1.7068 3.9385 -6.1819 1.5910 23.0216 0.9150 0.9982
Car 0.0000 0.0000 0.0000 513.0000 169.0000 566.0000 217.0000 1.6021 1.6977 4.1028 -2.4561 1.4438 25.9208 1.5224 0.9981
Car 0.0000 0.0000 0.0000 447.0000 178.0000 516.0000 215.0000 1.5401 1.6644 3.7863 -5.8483 1.7598 32.6905 0.9709 0.9949
Car 0.0000 0.0000 0.0000 -44.0000 179.0000 118.0000 242.0000 1.4784 1.5831 3.7896 -14.8085 1.6108 18.8680 1.4564 0.9910
Car 0.0000 0.0000 0.0000 523.0000 173.0000 567.0000 210.0000 1.4609 1.5887 3.8405 -2.6277 1.4280 30.2002 1.5428 0.9876
Car 0.0000 0.0000 0.0000 271.0000 179.0000 436.0000 265.0000 1.5588 1.5818 3.4889 -5.3380 1.6865 14.8013 0.6751 0.9821
Car 0.0000 0.0000 0.0000 563.0000 169.0000 587.0000 189.0000 1.4755 1.6191 3.8555 -2.4918 1.1177 53.7422 1.5684 0.9807
Car 0.0000 0.0000 0.0000 617.0000 173.0000 638.0000 189.0000 1.4478 1.6054 3.7746 1.7913 1.4056 68.8177 1.5090 0.9762
