Car 0.0000 0.0000 0.0000 403.0000 177.0000 504.0000 248.0000 1.5047 1.6533 3.7931 -3.6469 1.5955 17.3558 1.5588 0.9998
Car 0.0000 0.0000 0.0000 496.0000 160.0000 548.0000 199.0000 1.4725 1.6118 3.7338 -3.5369 0.9628 29.6440 1.5708 0.9997
Car 0.0000 0.0000 0.0000 249.0000 172.0000 374.0000 240.0000 1.6403 1.7641 4.0593 -7.9521 1.6088 19.6070 1.5640 0.9995
Car 0.0000 0.0000 0.0000 -1165.0000 180.0000 343.0000 948.0000 1.5912 1.7144 4.1718 -2.9761 1.6324 3.6134 1.5479 0.9994
Car 0.0000 0.0000 0.0000 578.0000 174.0000 621.0000 214.0000 1.6177 1.7225 3.6554 -0.4526 1.6409 31.2158 1.5362 0.9992
Car 0.0000 0.0000 0.0000 464.0000 175.0000 495.0000 200.0000 1.4467 1.6403 3.6943 -7.9371 1.5465 44.3271 1.4549 0.9978
Car 0.0000 0.0000 0.0000 21.0000 187.0000 247.0000 280.0000 1.4096 1.6291 3.8380 -8.5037 1.6881 13.2917 1.5708 0.9972
Car 0.0000 0.0000 0.0000 359.0000 179.0000 434.0000 222.0000 1.4698 1.6188 3.5452 -7.6815 1.6486 26.2657 1.5708 0.9966
Car 0.0000 0.0000 0.0000 538.0000 164.0000 566.0000 195.0000 2.5423 2.0422 5.4931 -4.8454 1.7100 62.4596 1.5654 0.9963
Car 0.0000 0.0000 0.0000 125.0000 185.0000 260.0000 241.0000 1.4577 1.6780 4.0847 -12.2672 1.8067 21.4862 1.5689 0.9962
Car 0.0000 0.0000 0.0000 -140.0000 178.0000 96.0000 264.0000 1.4455 1.5489 3.5761 -12.0612 1.5317 14.0408 1.5475 0.9952
Car 0.0000 0.0000 0.0000 317.0000 173.0000 372.0000 206.0000 1.4951 1.6067 3.7709 -12.7444 1.4852 34.8449 1.4642 0.9886
Car 0.0000 0.0000 0.0000 451.0000 177.0000 475.0000 195.0000 1.4620 1.5991 3.8251 -12.1307 1.7210 60.1168 1.4466 0.9717
Car 0.0000 0.0000 0.0000 496.0000 180.0000 517.0000 198.0000 1.4897 1.6223 3.7311 -9.1425 2.0652 64.6686 1.4826 0.9649
