Car 0.0000 0.0000 0.0000 452.0000 184.0000 511.0000 227.0000 1.5295 1.6736 4.0524 -4.9052 1.9403 28.0791 1.5352 0.9998
Car 0.0000 0.0000 0.0000 1045.0000 135.0000 1162.0000 171.0000 1.5128 1.6688 4.0896 22.2638 -0.1811 32.4977 0.0365 0.9998
Car 0.0000 0.0000 0.0000 654.0000 175.0000 682.0000 201.0000 1.5822 1.6954 3.8120 3.7591 1.6623 45.9675 1.5708 0.9998
Car 0.0000 0.0000 0.0000 745.0000 164.0000 941.0000 230.0000 1.5850 1.7089 4.5034 5.9098 1.3718 18.6218 0.0148 0.9997
Car 0.0000 0.0000 0.0000 692.0000 156.0000 756.0000 179.0000 1.5053 1.6907 4.2190 8.0329 0.2928 50.3668 0.0334 0.9993
Car 0.0000 0.0000 0.0000 605.0000 176.0000 628.0000 197.0000 1.5669 1.7172 4.1590 0.5851 1.7747 57.9335 1.5454 0.9992
Car 0.0000 0.0000 0.0000 1248.0000 129.0000 1428.0000 179.0000 1.4633 1.6551 3.8834 22.7910 0.1299 22.6298 0.0304 0.9979
Car 0.0000 0.0000 0.0000 479.0000 185.0000 525.0000 219.0000 1.4992 1.6934 4.0669 -5.0978 2.0445 34.6526 1.5523 0.9978
Car 0.0000 0.0000 0.0000 764.0000 167.0000 798.0000 197.0000 1.5105 1.6087 3.7288 9.0756 1.1756 38.0030 -1.3385 0.9965
Car 0.0000 0.0000 0.0000 886.0000 154.0000 938.0000 181.0000 1.6608 1.6139 3.4815 19.5206 0.4468 46.4638 1.4754 0.9964
Car 0.0000 0.0000 0.0000 540.0000 181.0000 572.0000 210.0000 1.4880 1.6644 3.7688 -2.8299 1.8526 38.8790 1.5162 0.9964
Car 0.0000 0.0000 0.0000 1507.0000 132.0000 1878.0000 214.0000 1.6331 1.6770 4.4046 23.4723 0.8336 15.8660 0.3238 0.9913
Car 0.0000 0.0000 0.0000 498.0000 186.0000 537.0000 215.0000 1.5307 1.6370 3.8864 -5.0970 2.2216 40.5716 1.5708 0.9879
Car 0.0000 0.0000 0.0000 1016.0000 147.0000 1119.0000 183.0000 1.6096 1.7091 4.1002 22.2203 0.4010 35.0445 0.5448 0.9875
Car 0.0000 0.0000 0.0000 705.0000 170.0000 765.0000 195.0000 1.6060 1.6314 3.8253 8.5370 1.3691 48.8551 0.0165 0.9870
Car 0.0000 0.0000 0.0000 858.0000 163.0000 894.0000 185.0000 1.4935 1.6131 3.6903 18.8837 0.7424 50.9309 -1.4247 0.9859
Car 0.0000 0.0000 0.0000 1393.0000 127.0000 1647.0000 194.0000 1.5825 1.7134 4.1721 23.2061 0.4763 18.4690 0.0420 0.9809
Car 0.0000 0.0000 0.0000 915.0000 154.0000 980.0000 180.0000 1.5924 1.7121 3.9767 22.0346 0.3556 47.0065 1.3455 0.9628
