Car 0.0000 0.0000 0.0000 802.0000 185.0000 1218.0000 433.0000 1.4712 1.5391 3.2874 2.8715 1.5850 6.0558 1.5263 0.9999
Car 0.0000 0.0000 0.0000 587.0000 175.0000 651.0000 224.0000 1.5645 1.6130 3.6014 0.2606 1.6303 25.1808 1.4036 0.9999
Car 0.0000 0.0000 0.0000 661.0000 167.0000 812.0000 275.0000 1.6705 1.6704 3.7817 2.1187 1.5774 13.2101 1.4500 0.9998
Car 0.0000 0.0000 0.0000 562.0000 174.0000 604.0000 206.0000 1.5054 1.6075 3.4167 -1.3353 1.5156 35.4411 1.3955 0.9997
Car 0.0000 0.0000 0.0000 407.0000 182.0000 451.0000 219.0000 1.4499 1.6006 3.7107 -7.5824 1.7876 30.4814 1.3744 0.9996
Car 0.0000 0.0000 0.0000 235.0000 185.0000 383.0000 277.0000 1.5269 1.6510 4.1938 -5.8714 1.7777 14.5439 1.4602 0.9995
Car 0.0000 0.0000 0.0000 66.0000 190.0000 321.0000 335.0000 1.4407 1.5394 3.5488 -5.0784 1.6730 9.2919 1.4664 0.9991
Car 0.0000 0.0000 0.0000 425.0000 174.0000 462.0000 203.0000 1.5156 1.6406 3.9906 -8.9736 1.5158 39.2878 1.4323 0.9976
Car 0.0000 0.0000 0.0000 546.0000 174.0000 572.0000 197.0000 1.5067 1.6076 3.7072 -3.4830 1.5437 50.9956 1.5547 0.9972
Car 0.0000 0.0000 0.0000 724.0000 133.0000 787.0000 168.0000 1.4357 1.5384 3.5719 6.5368 -0.3118 32.5030 1.3864 0.9915
Car 0.0000 0.0000 0.0000 689.0000 163.0000 819.0000 210.0000 1.5381 1.6508 4.1376 5.0274 1.1883 25.1327 -0.2461 0.9844
Car 0.0000 0.0000 0.0000 442.0000 174.0000 473.0000 196.0000 1.5425 1.6657 4.0348 -11.2451 1.5759 53.7721 1.5271 0.9642
