Car 0.0000 0.0000 0.0000 416.0000 174.0000 460.0000 205.0000 1.9651 1.8677 4.4571 -11.2857 1.9631 47.8858 1.5662 0.9997
Car 0.0000 0.0000 0.0000 -17.0000 197.0000 265.0000 331.0000 1.4128 1.5454 3.6368 -6.4232 1.7860 9.9919 1.5417 0.9997
Car 0.0000 0.0000 0.0000 585.0000 175.0000 637.0000 219.0000 1.5700 1.6347 3.5441 0.0079 1.6313 27.7765 1.4690 0.9996
Car 0.0000 0.0000 0.0000 462.0000 182.0000 496.0000 209.0000 1.4700 1.6603 3.9897 -7.4434 1.9135 41.3940 1.4586 0.9994
Car 0.0000 0.0000 0.0000 810.0000 176.0000 1063.0000 313.0000 1.5039 1.5773 3.8024 4.5436 1.5532 9.8470 -0.6736 0.9979
Car 0.0000 0.0000 0.0000 395.0000 174.0000 425.0000 194.0000 1.4578 1.6119 3.7543 -15.3917 1.4975 55.9331 1.4715 0.9972
Car 0.0000 0.0000 0.0000 695.0000 174.0000 829.0000 233.0000 1.5464 1.6329 4.0243 4.4266 1.5486 20.6203 -0.7068 0.9958
Car 0.0000 0.0000 0.0000 990.0000 178.0000 1275.0000 431.0000 1.5753 1.5642 3.3927 4.6880 1.6264 6.3083 -0.8093 0.9937
Car 0.0000 0.0000 0.0000 670.0000 141.0000 774.0000 182.0000 1.6679 1.7061 4.1879 4.7022 0.3283 30.5058 0.0766 0.9879
Car 0.0000 0.0000 0.0000 641.0000 160.0000 708.0000 191.0000 1.6875 1.6529 3.7850 3.8525 0.9340 41.7466 -0.6835 0.9828
Car 0.0000 0.0000 0.0000 659.0000 174.0000 762.0000 217.0000 1.5087 1.5943 3.7365 3.8603 1.5124 27.2194 -0.6124 0.9796
Car 0.0000 0.0000 0.0000 1503.0000 -240.0000 29832.0000 12407.0000 1.5564 1.6254 3.7894 4.2152 1.5064 2.0262 -0.8221 0.9704
