Car 0.0000 0.0000 0.0000 589.0000 184.0000 642.0000 233.0000 1.5361 1.6821 3.7645 0.2097 1.8901 25.0362 1.5708 0.9996
Car 0.0000 0.0000 0.0000 642.0000 175.0000 676.0000 206.0000 2.1778 1.8863 4.7534 3.6133 2.2528 52.8618 1.5144 0.9991
Car 0.0000 0.0000 0.0000 -220.0000 179.0000 44.0000 266.0000 1.5534 1.6775 4.0994 -14.2801 1.6667 15.0940 1.5342 0.9990
Car 0.0000 0.0000 0.0000 34.0000 184.0000 174.0000 241.0000 1.4727 1.5722 3.4319 -14.4362 1.7752 20.7710 1.5708 0.9984
Car 0.0000 0.0000 0.0000 370.0000 159.0000 517.0000 246.0000 1.9611 1.7145 3.8925 -4.2489 1.6394 18.0498 0.7652 0.9984
Car 0.0000 0.0000 0.0000 272.0000 186.0000 362.0000 243.0000 1.4986 1.5943 3.7927 -8.5338 1.8602 21.2558 1.4287 0.9976
Car 0.0000 0.0000 0.0000 -211.0000 187.0000 190.0000 528.0000 1.5052 1.6108 3.7117 -4.4643 1.6151 5.1326 0.7998 0.9962
Car 0.0000 0.0000 0.0000 144.0000 180.0000 296.0000 260.0000 1.4950 1.5797 3.7050 -8.2362 1.6385 15.5510 1.4685 0.9936
Car 0.0000 0.0000 0.0000 441.0000 179.0000 543.0000 226.0000 1.7259 1.6136 3.5757 -4.5411 1.9587 28.0043 0.3109 0.9885
Car 0.0000 0.0000 0.0000 -1326.0000 202.0000 -439.0000 414.0000 1.5000 1.5885 3.7570 -14.4635 1.8661 7.5263 1.4684 0.9881
Car 0.0000 0.0000 0.0000 71.0000 185.0000 334.0000 359.0000 1.5221 1.5934 3.3367 -4.7025 1.6611 8.0741 0.7335 0.9811
Car 0.0000 0.0000 0.0000 344.0000 153.0000 397.0000 191.0000 2.1805 1.9350 4.9730 -14.2280 0.9879 43.2968 1.4794 0.9807
Car 0.0000 0.0000 0.0000 1593.0000 184.0000 2672.0000 493.0000 1.4834 1.5423 3.9018 8.9629 1.5705 4.4745 -0.0696 0.9802
Car 0.0000 0.0000 0.0000 537.0000 192.0000 626.0000 228.0000 1.5800 1.6724 4.2229 -1.3283 2.5526 36.1108 -0.6194 0.9660
Car 0.0000 0.0000 0.0000 538.0000 177.0000 569.0000 201.0000 1.6324 1.6803 3.9858 -3.9235 1.8631 50.6539 1.3619 0.9617
