Car 0.0000 0.0000 0.0000 574.0000 175.0000 630.0000 227.0000 1.5456 1.6594 3.5569 -0.3046 1.5992 23.6022 1.5188 0.9998
Car 0.0000 0.0000 0.0000 687.0000 181.0000 757.0000 232.0000 1.4689 1.5952 3.8466 3.5268 1.7107 23.1855 1.5565 0.9997
Car 0.0000 0.0000 0.0000 868.0000 185.0000 1518.0000 491.0000 1.4903 1.6378 4.3234 3.6998 1.6014 5.7978 1.5489 0.9995
Car 0.0000 0.0000 0.0000 260.0000 177.0000 421.0000 270.0000 1.5538 1.6098 3.7819 -5.3481 1.6257 13.9735 0.8244 0.9994
Car 0.0000 0.0000 0.0000 370.0000 176.0000 495.0000 237.0000 1.5310 1.5612 3.5154 -4.9416 1.6129 19.8399 0.7041 0.9992
Car 0.0000 0.0000 0.0000 231.0000 177.0000 338.0000 236.0000 1.4774 1.5670 3.6867 -8.9478 1.5867 20.0968 1.4874 0.9988
Car 0.0000 0.0000 0.0000 118.0000 177.0000 231.0000 227.0000 1.5715 1.6411 3.7506 -14.8460 1.6866 24.8057 1.5703 0.9980
Car 0.0000 0.0000 0.0000 642.0000 167.0000 685.0000 204.0000 2.1112 1.8823 5.0976 3.2617 1.7117 44.0128 1.5000 0.9961
Car 0.0000 0.0000 0.0000 595.0000 172.0000 634.0000 210.0000 1.6223 1.6827 3.8835 0.1977 1.5628 33.5403 1.5487 0.9960
Car 0.0000 0.0000 0.0000 -135.0000 179.0000 217.0000 440.0000 1.5422 1.5940 3.6529 -4.9787 1.6084 6.0681 0.6878 0.9956
Car 0.0000 0.0000 0.0000 -243.0000 180.0000 -2.0000 262.0000 1.4551 1.5515 3.6863 -14.8383 1.5853 14.8623 1.4425 0.9944
Car 0.0000 0.0000 0.0000 468.0000 173.0000 549.0000 207.0000 1.6225 1.5966 3.7107 -5.0046 1.6195 35.8824 0.3621 0.9933
Car 0.0000 0.0000 0.0000 -319.0000 197.0000 53.0000 350.0000 1.4140 1.5229 3.4060 -8.7978 1.7559 8.9369 1.3942 0.9897
Car 0.0000 0.0000 0.0000 399.0000 173.0000 430.0000 196.0000 1.6886 1.7823 4.0808 -14.6073 1.6231 54.4126 1.4278 0.9859
Car 0.0000 0.0000 0.0000 95.0000 170.0000 165.0000 200.0000 1.5554 1.6652 3.6511 -25.9866 1.3452 39.1745 1.4627 0.9786
Car 0.0000 0.0000 0.0000 -4286.0000 36.0000 -376.0000 1027.0000 1.9367 1.8400 4.3049 -8.8024 1.6744 3.5958 1.5242 0.9757
