Car 0.0000 0.0000 0.0000 678.0000 164.0000 807.0000 272.0000 1.8552 1.7257 3.9692 2.4690 1.7024 14.4282 1.5463 0.9999
Car 0.0000 0.0000 0.0000 414.0000 184.0000 522.0000 271.0000 1.4438 1.6382 4.2420 -2.6807 1.6594 14.3815 1.4916 0.9999
Car 0.0000 0.0000 0.0000 505.0000 185.0000 554.0000 227.0000 1.4808 1.6325 3.8099 -3.0323 1.9137 27.9644 1.5337 0.9998
Car 0.0000 0.0000 0.0000 644.0000 184.0000 715.0000 231.0000 1.4545 1.5797 3.7711 2.3112 1.8081 24.6639 1.4443 0.9996
Car 0.0000 0.0000 0.0000 670.0000 181.0000 754.0000 243.0000 1.4826 1.5724 3.6768 2.6737 1.6971 19.5648 1.5289 0.9966
Car 0.0000 0.0000 0.0000 544.0000 185.0000 580.0000 208.0000 1.4723 1.6689 3.9229 -3.1547 2.2691 49.5383 -1.4310 0.9936
Car 0.0000 0.0000 0.0000 699.0000 151.0000 745.0000 185.0000 1.5783 1.6311 3.7387 5.4514 0.5218 35.0682 1.5708 0.9917
Car 0.0000 0.0000 0.0000 563.0000 179.0000 581.0000 195.0000 1.4633 1.6265 3.9246 -3.3765 1.9628 67.8153 1.5328 0.9907
Car 0.0000 0.0000 0.0000 482.0000 162.0000 517.0000 195.0000 1.8782 1.7988 4.5108 -6.6129 1.2365 43.8536 1.4893 0.9762
Car 0.0000 0.0000 0.0000 618.0000 179.0000 643.0000 200.0000 1.5433 1.5986 3.7270 1.6557 1.9484 54.8542 1.5266 0.9647
