Car 0.0000 0.0000 0.0000 695.0000 182.0000 807.0000 257.0000 1.4100 1.5695 3.7041 2.9457 1.5989 15.7701 1.5353 0.9999
Car 0.0000 0.0000 0.0000 408.0000 166.0000 505.0000 236.0000 1.5423 1.6816 4.1677 -3.7619 1.3934 18.3242 1.5475 0.9996
Car 0.0000 0.0000 0.0000 -30.0000 180.0000 230.0000 290.0000 1.4424 1.6109 3.6370 -7.7877 1.5438 11.4116 1.5559 0.9996
Car 0.0000 0.0000 0.0000 265.0000 178.0000 454.0000 300.0000 1.4956 1.5775 3.3800 -3.4831 1.5642 10.5707 1.5708 0.9996
Car 0.0000 0.0000 0.0000 640.0000 174.0000 682.0000 207.0000 1.6009 1.7151 4.0914 2.7153 1.6329 38.1019 1.5262 0.9993
Car 0.0000 0.0000 0.0000 477.0000 172.0000 528.0000 211.0000 1.5053 1.6417 3.5262 -4.3320 1.4539 29.6373 1.5435 0.9991
Car 0.0000 0.0000 0.0000 588.0000 174.0000 615.0000 199.0000 1.5291 1.6576 3.5497 -0.4839 1.5680 47.5879 1.5332 0.9974
Car 0.0000 0.0000 0.0000 513.0000 174.0000 544.0000 200.0000 1.4793 1.6273 3.7832 -4.7287 1.4789 42.0765 1.4171 0.9952
Car 0.0000 0.0000 0.0000 678.0000 154.0000 719.0000 188.0000 1.9463 1.8095 4.4100 5.4002 0.8107 43.8410 1.5489 0.9920
Car 0.0000 0.0000 0.0000 389.0000 158.0000 427.0000 185.0000 1.5475 1.6449 3.6362 -12.0494 0.6528 43.3894 1.4621 0.9880
Car 0.0000 0.0000 0.0000 428.0000 166.0000 469.0000 197.0000 1.5753 1.6719 3.8116 -8.6823 1.1931 39.2468 1.4960 0.9805
Car 0.0000 0.0000 0.0000 278.0000 175.0000 381.0000 231.0000 1.5100 1.6085 3.6745 -8.2064 1.5608 21.4132 1.5708 0.9720
Car 0.0000 0.0000 0.0000 375.0000 176.0000 430.0000 215.0000 1.5101 1.5761 3.5285 -8.5110 1.6185 29.8310 1.4677 0.9717
