Car 0.0000 0.0000 0.0000 258.0000 189.0000 384.0000 263.0000 1.4629 1.6066 3.6364 -6.4974 1.8313 16.5551 1.5180 0.9999
Car 0.0000 0.0000 0.0000 588.0000 174.0000 636.0000 219.0000 1.6272 1.6747 3.5929 0.0346 1.6418 28.1586 1.5224 0.9997
Car 0.0000 0.0000 0.0000 427.0000 172.0000 468.0000 202.0000 2.0184 1.8700 4.6808 -11.3305 1.8930 50.9494 1.5683 0.9997
Car 0.0000 0.0000 0.0000 407.0000 179.0000 432.0000 198.0000 1.4870 1.6602 3.7270 -15.4743 1.9069 58.9206 1.4017 0.9990
Car 0.0000 0.0000 0.0000 685.0000 177.0000 795.0000 226.0000 1.4695 1.5451 3.5776 4.3028 1.5896 23.5497 -0.6650 0.9969
Car 0.0000 0.0000 0.0000 958.0000 177.0000 1378.0000 480.0000 1.5448 1.5667 3.5743 4.2945 1.5876 5.4212 -0.6347 0.9965
Car 0.0000 0.0000 0.0000 829.0000 180.0000 1105.0000 327.0000 1.5135 1.6001 3.7214 4.6727 1.6178 9.3097 -0.6121 0.9953
Car 0.0000 0.0000 0.0000 757.0000 176.0000 950.0000 276.0000 1.5214 1.6037 3.8257 4.4713 1.5787 12.9933 -0.7219 0.9945
Car 0.0000 0.0000 0.0000 481.0000 177.0000 513.0000 200.0000 1.4684 1.6207 3.7888 -7.4960 1.6870 48.5389 1.5403 0.9925
Car 0.0000 0.0000 0.0000 1129.0000 151.0000 1246.0000 186.0000 1.6565 1.6983 4.4638 29.2065 0.5731 36.4036 0.0252 0.9921
Car 0.0000 0.0000 0.0000 658.0000 175.0000 757.0000 212.0000 1.4506 1.5906 4.0196 4.1361 1.5019 30.0207 -0.5914 0.9898
Car 0.0000 0.0000 0.0000 638.0000 162.0000 704.0000 193.0000 1.8447 1.7343 4.1597 3.9040 1.1312 44.9309 -0.7479 0.9896
Car 0.0000 0.0000 0.0000 1575.0000 209.0000 10537.0000 5052.0000 1.4273 1.5400 3.6602 4.1173 1.6090 1.9982 -0.6964 0.9791
Car 0.0000 0.0000 0.0000 451.0000 171.0000 482.0000 195.0000 1.7780 1.7638 4.5904 -11.3598 1.6080 57.6320 1.5194 0.9736
