Car 0.0000 0.0000 0.0000 466.0000 182.0000 501.0000 208.0000 1.5557 1.7209 3.5776 -7.9742 2.0663 45.5897 1.2551 0.9998
Car 0.0000 0.0000 0.0000 -325.0000 170.0000 179.0000 345.0000 1.6949 1.6618 4.0646 -7.2861 1.6863 7.9148 0.0359 0.9990
Car 0.0000 0.0000 0.0000 16.0000 180.0000 278.0000 276.0000 1.5531 1.5309 3.6474 -8.1118 1.6811 12.8002 -0.0157 0.9984
Car 0.0000 0.0000 0.0000 200.0000 169.0000 352.0000 234.0000 1.8063 1.6178 3.8565 -9.8964 1.6915 21.6009 -0.1956 0.9979
Car 0.0000 0.0000 0.0000 -134.0000 177.0000 216.0000 317.0000 1.6162 1.5708 3.6380 -7.9286 1.6702 10.3270 -1.0028 0.9977
Car 0.0000 0.0000 0.0000 817.0000 187.0000 1214.0000 358.0000 1.5428 1.6064 3.8208 4.5682 1.7174 8.6569 0.9183 0.9972
Car 0.0000 0.0000 0.0000 122.0000 181.0000 315.0000 264.0000 1.5435 1.5712 3.7492 -8.1908 1.7033 15.4337 -1.3603 0.9964
Car 0.0000 0.0000 0.0000 911.0000 172.0000 1492.0000 374.0000 1.5001 1.5847 3.6623 4.7496 1.5146 6.2376 0.0354 0.9961
Car 0.0000 0.0000 0.0000 1079.0000 182.0000 1155.0000 208.0000 1.4124 1.5003 3.3220 28.6895 1.8639 40.7392 1.3255 0.9953
Car 0.0000 0.0000 0.0000 362.0000 174.0000 398.0000 205.0000 1.5698 1.6241 3.9374 -12.3916 1.5916 38.8020 1.2157 0.9948
Car 0.0000 0.0000 0.0000 253.0000 162.0000 286.0000 184.0000 1.5912 1.6842 3.7452 -24.9622 0.7338 53.0886 1.2596 0.9829
Car 0.0000 0.0000 0.0000 -6.0000 146.0000 79.0000 186.0000 1.6688 1.7006 3.9442 -25.1005 0.5192 31.6798 1.2496 0.9780
Car 0.0000 0.0000 0.0000 1210.0000 187.0000 1278.0000 236.0000 1.5271 1.6569 3.6246 22.0557 1.9983 25.0225 -0.8445 0.9708
