Car 0.0000 0.0000 0.0000 700.0000 189.0000 838.0000 284.0000 1.4157 1.5718 3.6373 2.7080 1.7250 13.1027 1.5351 0.9999
Car 0.0000 0.0000 0.0000 680.0000 179.0000 777.0000 246.0000 1.4971 1.6202 3.9287 2.8573 1.6283 18.1525 1.5337 0.9998
Car 0.0000 0.0000 0.0000 662.0000 180.0000 715.0000 221.0000 1.4830 1.5935 3.7410 3.0635 1.7481 28.4237 1.5461 0.9996
Car 0.0000 0.0000 0.0000 -5717.0000 -2475.0000 1340.0000 518.0000 1.6888 1.6902 4.0009 2.7897 1.6438 1.5240 1.5323 0.9987
Car 0.0000 0.0000 0.0000 564.0000 181.0000 584.0000 199.0000 1.5379 1.7185 3.9850 -3.0748 2.1505 63.2118 1.5060 0.9982
Car 0.0000 0.0000 0.0000 645.0000 179.0000 691.0000 215.0000 1.5165 1.5827 3.6936 2.6289 1.7711 32.9844 1.5116 0.9961
Car 0.0000 0.0000 0.0000 594.0000 179.0000 617.0000 200.0000 1.4903 1.6137 3.8539 -0.2073 1.8662 52.5598 1.5671 0.9930
Car 0.0000 0.0000 0.0000 450.0000 185.0000 499.0000 203.0000 1.4884 1.5996 4.0903 -12.3542 2.5692 66.4742 -0.5012 0.9752
Car 0.0000 0.0000 0.0000 389.0000 185.0000 436.0000 201.0000 1.4785 1.6084 3.8803 -18.0332 2.4769 66.3644 0.0606 0.9636
Car 0.0000 0.0000 0.0000 633.0000 179.0000 661.0000 203.0000 1.4618 1.5859 3.8170 2.4095 1.8130 46.4795 1.5708 0.9633
