Car 0.0000 0.0000 0.0000 841.0000 155.0000 933.0000 206.0000 1.9084 1.8594 4.5962 11.1549 1.2135 29.2625 1.5605 0.9997
Car 0.0000 0.0000 0.0000 370.0000 172.0000 494.0000 226.0000 1.8377 1.6785 3.9851 -6.3071 1.8052 25.8555 0.0485 0.9992
Car 0.0000 0.0000 0.0000 215.0000 178.0000 420.0000 259.0000 1.6522 1.6139 3.8202 -6.3196 1.7589 15.7543 0.0623 0.9988
Car 0.0000 0.0000 0.0000 318.0000 179.0000 466.0000 236.0000 1.5566 1.5952 3.8010 -6.2542 1.7114 20.8129 0.1841 0.9982
Car 0.0000 0.0000 0.0000 906.0000 167.0000 982.0000 205.0000 1.4873 1.6075 3.7139 13.9462 1.2414 30.1631 1.5708 0.9979
Car 0.0000 0.0000 0.0000 74.0000 163.0000 350.0000 295.0000 1.8281 1.6327 3.3908 -6.0117 1.7024 11.0385 0.1294 0.9977
Car 0.0000 0.0000 0.0000 645.0000 172.0000 673.0000 197.0000 1.5234 1.6502 3.8185 3.2759 1.4260 47.2173 1.5708 0.9971
Car 0.0000 0.0000 0.0000 428.0000 178.0000 517.0000 215.0000 1.5472 1.5742 3.5757 -5.9933 1.7631 31.8160 0.0802 0.9970
Car 0.0000 0.0000 0.0000 792.0000 164.0000 820.0000 181.0000 1.4667 1.6023 3.5435 17.7695 0.6027 64.7859 1.5708 0.9958
Car 0.0000 0.0000 0.0000 438.0000 177.0000 528.0000 211.0000 1.5786 1.6168 3.9218 -5.9621 1.7382 34.3509 0.1284 0.9949
Car 0.0000 0.0000 0.0000 349.0000 178.0000 469.0000 229.0000 1.5948 1.5703 3.4231 -6.5116 1.7445 23.4869 0.1470 0.9942
Car 0.0000 0.0000 0.0000 504.0000 174.0000 567.0000 198.0000 1.5877 1.6548 4.1514 -5.0988 1.6192 50.1886 0.0561 0.9925
