Car 0.0000 0.0000 0.0000 767.0000 189.0000 946.0000 299.0000 1.5346 1.6360 4.2230 4.0576 1.8357 12.6382 1.5611 0.9998
Car 0.0000 0.0000 0.0000 903.0000 193.0000 1404.0000 487.0000 1.5723 1.5582 3.1371 3.6421 1.7630 5.5994 1.5708 0.9997
Car 0.0000 0.0000 0.0000 721.0000 186.0000 818.0000 251.0000 1.4519 1.6054 4.2367 4.0036 1.7805 18.7110 1.5708 0.9997
Car 0.0000 0.0000 0.0000 555.0000 179.0000 598.0000 209.0000 1.4467 1.5898 3.7916 -1.5730 1.7002 36.4737 -1.4597 0.9996
Car 0.0000 0.0000 0.0000 432.0000 163.0000 548.0000 269.0000 1.8766 1.7976 4.3346 -2.3479 1.6995 15.0523 1.5435 0.9996
Car 0.0000 0.0000 0.0000 695.0000 182.0000 748.0000 221.0000 1.4985 1.5840 3.5698 4.7139 1.8621 30.5230 1.5427 0.9995
Car 0.0000 0.0000 0.0000 -855.0000 218.0000 321.0000 873.0000 1.4521 1.6089 3.5635 -2.9962 1.7785 3.6165 1.5548 0.9991
Car 0.0000 0.0000 0.0000 713.0000 182.0000 782.0000 232.0000 1.4978 1.5214 3.3387 4.4750 1.7739 23.7541 1.5474 0.9991
Car 0.0000 0.0000 0.0000 680.0000 182.0000 723.0000 214.0000 1.4664 1.5588 3.5315 4.4690 1.8700 35.1462 1.5454 0.9981
Car 0.0000 0.0000 0.0000 487.0000 183.0000 564.0000 242.0000 1.4831 1.6555 3.9384 -2.2864 1.7640 20.4614 1.5708 0.9959
Car 0.0000 0.0000 0.0000 677.0000 178.0000 709.0000 206.0000 1.5330 1.6104 3.7727 4.7311 1.7531 40.8839 1.5708 0.9944
