Car 0.0000 0.0000 0.0000 583.0000 173.0000 640.0000 227.0000 1.5857 1.6782 3.4038 -0.0098 1.5692 23.0492 1.5390 0.9997
Car 0.0000 0.0000 0.0000 142.0000 187.0000 383.0000 316.0000 1.4195 1.6140 3.8049 -4.6016 1.6306 10.1364 1.5538 0.9997
Car 0.0000 0.0000 0.0000 496.0000 172.0000 539.0000 207.0000 1.4465 1.5855 3.6873 -4.0133 1.3893 32.0209 1.5309 0.9996
Car 0.0000 0.0000 0.0000 -293.0000 193.0000 140.0000 346.0000 1.4524 1.6917 4.1048 -8.2762 1.7381 9.2856 1.5706 0.9983
Car 0.0000 0.0000 0.0000 284.0000 179.0000 387.0000 232.0000 1.4898 1.7244 4.3005 -8.4468 1.6455 22.5614 1.5306 0.9980
Car 0.0000 0.0000 0.0000 387.0000 129.0000 500.0000 233.0000 2.5531 2.1137 5.7026 -4.5404 1.4726 20.6236 1.5355 0.9970
Car 0.0000 0.0000 0.0000 518.0000 172.0000 545.0000 198.0000 1.4936 1.6043 3.5850 -4.7673 1.4175 44.7739 1.4917 0.9945
Car 0.0000 0.0000 0.0000 -350.0000 188.0000 -26.0000 298.0000 1.4617 1.5826 3.5438 -12.6719 1.7150 11.7580 1.4673 0.9935
Car 0.0000 0.0000 0.0000 574.0000 177.0000 615.0000 212.0000 1.4773 1.6141 3.7514 -0.7232 1.6414 32.6394 1.4928 0.9902
Car 0.0000 0.0000 0.0000 363.0000 167.0000 417.0000 207.0000 1.5200 1.6213 3.9852 -9.0255 1.2794 29.9110 1.4070 0.9784
Car 0.0000 0.0000 0.0000 267.0000 174.0000 342.0000 211.0000 1.4568 1.6441 3.9273 -13.1167 1.4983 31.2399 1.5472 0.9732
