Car 0.0000 0.0000 0.0000 877.0000 207.0000 1936.0000 807.0000 1.4740 1.5401 3.4557 2.8111 1.7225 3.7026 1.5346 0.9996
Car 0.0000 0.0000 0.0000 727.0000 192.0000 839.0000 249.0000 1.5056 1.5971 3.8917 5.4074 2.0996 22.1609 -0.8160 0.9995
Car 0.0000 0.0000 0.0000 260.0000 178.0000 427.0000 247.0000 1.6371 1.5911 3.6304 -6.6588 1.7482 18.1996 0.0203 0.9995
Car 0.0000 0.0000 0.0000 809.0000 193.0000 1041.0000 280.0000 1.5751 1.6350 3.8786 6.0951 1.9878 14.2940 0.0843 0.9995
Car 0.0000 0.0000 0.0000 44.0000 192.0000 347.0000 297.0000 1.4593 1.5987 3.7916 -6.3100 1.7708 11.1845 0.0150 0.9994
Car 0.0000 0.0000 0.0000 630.0000 193.0000 676.0000 225.0000 1.5128 1.6792 3.8000 2.2399 2.5363 37.6157 1.4309 0.9993
Car 0.0000 0.0000 0.0000 275.0000 167.0000 447.0000 244.0000 2.0765 1.7644 4.3348 -7.0731 1.9221 20.7348 0.0393 0.9990
Car 0.0000 0.0000 0.0000 895.0000 197.0000 1065.0000 315.0000 1.4881 1.5449 3.6132 6.0316 1.9129 11.5798 -0.8359 0.9988
Car 0.0000 0.0000 0.0000 -147.0000 185.0000 237.0000 324.0000 1.5205 1.5849 3.5299 -6.7867 1.6818 8.8431 0.0336 0.9988
Car 0.0000 0.0000 0.0000 720.0000 180.0000 842.0000 228.0000 1.5564 1.6214 3.7960 5.7807 1.7803 24.5369 0.0523 0.9988
Car 0.0000 0.0000 0.0000 166.0000 186.0000 382.0000 276.0000 1.5739 1.5600 3.3759 -6.2982 1.8261 13.6714 0.0525 0.9986
Car 0.0000 0.0000 0.0000 413.0000 183.0000 508.0000 218.0000 1.4430 1.5999 3.8626 -6.5720 1.8804 32.0082 0.0592 0.9978
Car 0.0000 0.0000 0.0000 433.0000 187.0000 520.0000 221.0000 1.5491 1.6129 3.7651 -6.3372 2.2040 34.5966 0.1119 0.9968
Car 0.0000 0.0000 0.0000 -463.0000 160.0000 186.0000 399.0000 1.7435 1.6796 4.1989 -6.2799 1.6699 6.2676 0.0932 0.9967
Car 0.0000 0.0000 0.0000 745.0000 196.0000 893.0000 259.0000 1.5026 1.5552 3.5884 5.6122 2.1336 19.3715 -0.3605 0.9960
Car 0.0000 0.0000 0.0000 918.0000 170.0000 1322.0000 307.0000 1.5173 1.6072 3.7973 6.0398 1.5032 8.9127 0.0446 0.9946
Car 0.0000 0.0000 0.0000 831.0000 190.0000 937.0000 267.0000 1.5215 1.5960 3.7809 6.2324 1.9228 16.7775 -1.3953 0.9900
Car 0.0000 0.0000 0.0000 617.0000 189.0000 642.0000 211.0000 1.4498 1.5376 3.3057 1.4994 2.5905 52.6513 1.5105 0.9862
Car 0.0000 0.0000 0.0000 682.0000 181.0000 733.0000 202.0000 1.6719 1.6685 4.0886 8.1767 2.2859 59.9080 0.0633 0.9738
Car 0.0000 0.0000 0.0000 -1019.0000 187.0000 -35.0000 573.0000 1.5705 1.5949 3.6740 -6.0630 1.6727 4.0267 0.1470 0.9634
