Car 0.0000 0.0000 0.0000 283.0000 191.0000 417.0000 272.0000 1.5326 1.6710 3.9466 -5.7226 1.9560 16.3182 1.5551 0.9998
Car 0.0000 0.0000 0.0000 423.0000 186.0000 486.0000 229.0000 1.4471 1.5848 3.6784 -5.6363 1.9036 26.5692 1.5592 0.9998
Car 0.0000 0.0000 0.0000 375.0000 185.0000 463.0000 242.0000 1.5124 1.6217 3.8226 -5.6648 1.8808 21.8293 1.5708 0.9997
Car 0.0000 0.0000 0.0000 493.0000 184.0000 534.0000 213.0000 1.5222 1.6812 3.9893 -5.2728 2.0779 40.1289 1.5708 0.9994
Car 0.0000 0.0000 0.0000 794.0000 155.0000 915.0000 200.0000 1.6595 1.6529 4.2009 9.5691 0.9816 28.3391 0.0737 0.9994
Car 0.0000 0.0000 0.0000 461.0000 184.0000 511.0000 219.0000 1.4761 1.6179 3.9214 -5.5347 1.9381 32.7288 1.5570 0.9989
Car 0.0000 0.0000 0.0000 -857.0000 202.0000 109.0000 580.0000 1.5584 1.6980 3.9076 -5.8482 1.8352 5.2062 1.5519 0.9986
Car 0.0000 0.0000 0.0000 972.0000 145.0000 1056.0000 176.0000 1.7258 1.6856 3.9853 23.9359 0.0850 42.5985 0.0770 0.9967
Car 0.0000 0.0000 0.0000 1134.0000 129.0000 1293.0000 177.0000 1.7240 1.7906 4.4739 22.9447 0.0841 27.4702 0.0316 0.9966
Car 0.0000 0.0000 0.0000 1031.0000 145.0000 1147.0000 177.0000 1.5068 1.7301 4.4329 23.7398 0.1419 35.7386 0.1650 0.9955
Car 0.0000 0.0000 0.0000 745.0000 148.0000 823.0000 180.0000 1.7261 1.7780 4.4763 9.9426 0.3448 41.2747 1.0719 0.9952
Car 0.0000 0.0000 0.0000 1939.0000 -165.0000 6137.0000 804.0000 1.8778 1.7300 4.6249 8.3190 1.2474 2.3264 0.0332 0.9914
Car 0.0000 0.0000 0.0000 949.0000 140.0000 1049.0000 172.0000 1.6152 1.7017 4.4763 21.3104 -0.1520 39.4522 0.2078 0.9914
Car 0.0000 0.0000 0.0000 -3103.0000 -1380.0000 1615.0000 598.0000 1.5756 1.6123 3.6075 3.0889 1.6536 1.0325 1.5708 0.9904
Car 0.0000 0.0000 0.0000 1066.0000 141.0000 1166.0000 182.0000 1.6755 1.7083 4.1362 22.2022 0.3342 31.7441 1.5708 0.9862
Car 0.0000 0.0000 0.0000 750.0000 168.0000 841.0000 202.0000 1.5235 1.5686 3.8297 8.6699 1.2661 33.5068 -0.2873 0.9847
