Car 0.0000 0.0000 0.0000 713.0000 169.0000 886.0000 293.0000 1.7045 1.6837 3.9128 2.9062 1.6519 11.9646 1.5302 0.9999
Car 0.0000 0.0000 0.0000 616.0000 175.0000 651.0000 198.0000 1.5331 1.6808 3.7101 1.6891 1.6018 49.6607 1.3973 0.9997
Car 0.0000 0.0000 0.0000 406.0000 167.0000 516.0000 214.0000 2.0741 1.7923 4.6376 -6.7113 1.7711 32.8879 0.0081 0.9997
Car 0.0000 0.0000 0.0000 687.0000 176.0000 761.0000 206.0000 1.4677 1.6382 3.7690 5.9075 1.5911 37.4284 0.9655 0.9993
Car 0.0000 0.0000 0.0000 324.0000 183.0000 452.0000 249.0000 1.5307 1.6031 3.9341 -5.8480 1.7777 18.7144 0.8125 0.9990
Car 0.0000 0.0000 0.0000 228.0000 176.0000 412.0000 253.0000 1.6163 1.5865 3.5206 -6.4870 1.6918 16.2761 0.1176 0.9925
Car 0.0000 0.0000 0.0000 314.0000 181.0000 459.0000 236.0000 1.5340 1.5918 3.7460 -6.5197 1.7526 21.2051 0.0687 0.9904
Car 0.0000 0.0000 0.0000 155.0000 180.0000 392.0000 270.0000 1.5850 1.6237 3.7825 -6.3235 1.7196 13.7168 0.0970 0.9900
Car 0.0000 0.0000 0.0000 422.0000 166.0000 483.0000 205.0000 1.4612 1.6846 3.6551 -6.3337 1.1899 29.4216 1.5708 0.9861
Car 0.0000 0.0000 0.0000 608.0000 176.0000 630.0000 195.0000 1.4799 1.6201 3.8750 0.8242 1.6458 59.1887 1.5438 0.9848
Car 0.0000 0.0000 0.0000 501.0000 175.0000 530.0000 199.0000 1.4691 1.5935 3.8038 -5.9451 1.5234 46.3475 1.5058 0.9817
Car 0.0000 0.0000 0.0000 -103.0000 148.0000 320.0000 386.0000 1.5149 1.5444 3.2065 -3.9287 1.3674 6.2608 1.5299 0.9689
Car 0.0000 0.0000 0.0000 67.0000 160.0000 389.0000 286.0000 1.6984 1.6429 3.9149 -5.5228 1.5263 10.7018 -0.0058 0.9653
Car 0.0000 0.0000 0.0000 525.0000 181.0000 546.0000 198.0000 1.4565 1.5994 3.8212 -6.4291 2.0509 63.7909 1.5455 0.9605
