Car 0.0000 0.0000 0.0000 685.0000 180.0000 792.0000 257.0000 1.5199 1.6262 3.9297 2.7999 1.6785 16.4713 1.5463 0.9998
Car 0.0000 0.0000 0.0000 190.0000 191.0000 436.0000 337.0000 1.5029 1.6652 4.2800 -3.7683 1.7793 9.9494 1.5621 0.9998
Car 0.0000 0.0000 0.0000 441.0000 178.0000 523.0000 236.0000 1.5448 1.5951 3.7039 -3.6077 1.6609 20.9433 1.5708 0.9997
Car 0.0000 0.0000 0.0000 733.0000 168.0000 817.0000 203.0000 1.6841 1.6546 3.8282 8.1648 1.4085 35.6505 0.0423 0.9994
Car 0.0000 0.0000 0.0000 -560.0000 205.0000 256.0000 614.0000 1.4558 1.5859 3.5679 -3.9305 1.7299 4.6367 1.5242 0.9991
Car 0.0000 0.0000 0.0000 477.0000 165.0000 544.0000 225.0000 1.9958 1.8337 4.5477 -3.5427 1.7300 26.5976 1.5679 0.9990
Car 0.0000 0.0000 0.0000 728.0000 151.0000 823.0000 188.0000 1.8377 1.7815 4.6637 8.7684 0.6858 38.1972 0.0368 0.9981
Car 0.0000 0.0000 0.0000 676.0000 184.0000 743.0000 238.0000 1.4711 1.6082 3.6993 3.0004 1.8097 22.2307 1.5708 0.9978
Car 0.0000 0.0000 0.0000 956.0000 169.0000 1109.0000 249.0000 1.5366 1.5711 3.5574 9.1205 1.4355 15.4741 -0.6414 0.9955
Car 0.0000 0.0000 0.0000 782.0000 175.0000 877.0000 214.0000 1.5287 1.5955 3.8391 9.1793 1.5793 29.9425 -0.5323 0.9938
Car 0.0000 0.0000 0.0000 883.0000 173.0000 1038.0000 239.0000 1.5117 1.5665 3.6350 8.9368 1.5098 18.3381 -0.4323 0.9850
Car 0.0000 0.0000 0.0000 448.0000 184.0000 469.0000 202.0000 1.4851 1.6649 3.8491 -12.7521 2.3374 61.2814 1.3891 0.9842
Car 0.0000 0.0000 0.0000 764.0000 177.0000 848.0000 210.0000 1.4261 1.5281 3.4818 8.9104 1.5767 32.5787 -0.3878 0.9705
Car 0.0000 0.0000 0.0000 601.0000 164.0000 663.0000 196.0000 1.8837 1.6550 3.6138 1.4376 1.3150 44.5171 0.1605 0.9684
Car 0.0000 0.0000 0.0000 822.0000 172.0000 937.0000 222.0000 1.5216 1.5715 3.6137 9.0071 1.4889 23.9667 -0.4961 0.9604
