Car 0.0000 0.0000 0.0000 -360.0000 203.0000 247.0000 490.0000 1.4657 1.5969 3.8153 -4.7489 1.7743 5.9603 1.5371 0.9998
Car 0.0000 0.0000 0.0000 205.0000 191.0000 404.0000 307.0000 1.4875 1.6146 3.8289 -4.6934 1.7959 11.6222 1.5608 0.9997
Car 0.0000 0.0000 0.0000 857.0000 190.0000 1285.0000 414.0000 1.4376 1.5589 3.5311 3.6848 1.6153 6.6086 1.5367 0.9997
Car 0.0000 0.0000 0.0000 344.0000 184.0000 467.0000 258.0000 1.4830 1.6839 4.3205 -4.6705 1.7466 17.0510 1.5690 0.9997
Car 0.0000 0.0000 0.0000 702.0000 183.0000 778.0000 238.0000 1.5231 1.6018 3.6151 3.9521 1.8190 22.3235 1.5556 0.9996
Car 0.0000 0.0000 0.0000 510.0000 177.0000 551.0000 212.0000 1.7252 1.6783 3.6948 -4.0277 1.8788 37.4732 1.5708 0.9996
Car 0.0000 0.0000 0.0000 718.0000 182.0000 827.0000 254.0000 1.4800 1.6002 3.8246 3.6808 1.6747 16.9062 1.5504 0.9994
Car 0.0000 0.0000 0.0000 750.0000 185.0000 940.0000 298.0000 1.4889 1.6202 4.1209 3.5775 1.6911 11.8352 1.5333 0.9994
Car 0.0000 0.0000 0.0000 489.0000 182.0000 537.0000 216.0000 1.4684 1.6003 3.5311 -4.3292 1.8280 32.8608 1.5708 0.9989
Car 0.0000 0.0000 0.0000 688.0000 183.0000 747.0000 226.0000 1.5273 1.6402 4.0430 4.1230 1.8863 27.9638 1.5681 0.9969
Car 0.0000 0.0000 0.0000 -4550.0000 -1598.0000 1720.0000 593.0000 1.5266 1.5672 3.5720 3.7268 1.6397 1.0945 1.5316 0.9961
