Car 0.0000 0.0000 0.0000 345.0000 172.0000 499.0000 284.0000 1.7165 1.7639 4.3176 -3.2546 1.7052 13.2609 1.5552 0.9998
Car 0.0000 0.0000 0.0000 265.0000 180.0000 370.0000 235.0000 1.4251 1.6356 3.5246 -8.1751 1.5942 20.4448 1.5419 0.9997
Car 0.0000 0.0000 0.0000 471.0000 171.0000 527.0000 216.0000 1.5294 1.6817 3.6273 -4.0589 1.4503 26.9000 1.5286 0.9995
Car 0.0000 0.0000 0.0000 558.0000 175.0000 610.0000 218.0000 1.5456 1.7134 3.6068 -1.0490 1.6182 27.9853 1.4538 0.9994
Car 0.0000 0.0000 0.0000 -125.0000 173.0000 211.0000 316.0000 1.6282 1.7317 3.9085 -7.6462 1.6391 10.2408 1.5615 0.9993
Car 0.0000 0.0000 0.0000 515.0000 168.0000 546.0000 196.0000 1.4007 1.5874 3.6384 -4.1890 1.1178 38.7511 1.4739 0.9992
Car 0.0000 0.0000 0.0000 99.0000 180.0000 238.0000 237.0000 1.5063 1.6383 4.0276 -12.7301 1.6790 21.0786 1.5546 0.9982
Car 0.0000 0.0000 0.0000 397.0000 174.0000 454.0000 209.0000 1.4864 1.6238 3.9181 -8.3701 1.5040 33.0730 1.5635 0.9930
Car 0.0000 0.0000 0.0000 240.0000 180.0000 322.0000 222.0000 1.4833 1.6240 3.7725 -12.7203 1.7385 28.1129 1.5324 0.9919
Car 0.0000 0.0000 0.0000 345.0000 178.0000 395.0000 220.0000 1.4501 1.5649 3.6013 -8.9757 1.6187 26.8543 1.2010 0.9870
