Car 0.0000 0.0000 0.0000 317.0000 168.0000 472.0000 234.0000 1.8410 1.6941 4.0966 -6.3128 1.7103 21.4445 0.0169 0.9998
Car 0.0000 0.0000 0.0000 45.0000 165.0000 348.0000 290.0000 1.8029 1.6602 3.8779 -6.4244 1.6954 11.4245 0.0291 0.9995
Car 0.0000 0.0000 0.0000 875.0000 143.0000 997.0000 215.0000 2.2224 1.9415 4.8323 11.1564 1.2878 25.0063 1.5513 0.9994
Car 0.0000 0.0000 0.0000 241.0000 180.0000 429.0000 252.0000 1.5382 1.5794 3.6872 -6.2192 1.6997 16.4639 0.0641 0.9992
Car 0.0000 0.0000 0.0000 396.0000 170.0000 505.0000 217.0000 1.7108 1.6197 3.7519 -6.0096 1.5779 27.5037 0.0411 0.9989
Car 0.0000 0.0000 0.0000 283.0000 180.0000 435.0000 243.0000 1.5676 1.5728 3.4770 -6.6000 1.7522 19.1472 0.0732 0.9983
Car 0.0000 0.0000 0.0000 418.0000 176.0000 518.0000 216.0000 1.5776 1.6091 3.7612 -5.8102 1.6940 29.8181 0.0409 0.9982
Car 0.0000 0.0000 0.0000 959.0000 166.0000 1052.0000 211.0000 1.4818 1.5851 3.5398 14.0174 1.2377 25.6962 -1.4829 0.9980
Car 0.0000 0.0000 0.0000 -287.0000 161.0000 208.0000 375.0000 1.7256 1.6178 3.4946 -6.0160 1.6466 6.8367 0.1292 0.9977
Car 0.0000 0.0000 0.0000 807.0000 164.0000 834.0000 182.0000 1.4561 1.6023 3.6445 17.8537 0.6585 60.7302 -1.4464 0.9910
Car 0.0000 0.0000 0.0000 651.0000 166.0000 734.0000 196.0000 1.6454 1.7547 4.6100 4.8011 1.2019 41.5800 0.0931 0.9871
Car 0.0000 0.0000 0.0000 498.0000 175.0000 566.0000 200.0000 1.5236 1.6203 3.9999 -4.8259 1.5813 45.6264 0.1081 0.9852
Car 0.0000 0.0000 0.0000 642.0000 171.0000 673.0000 195.0000 1.4862 1.6097 3.8238 3.0750 1.3032 46.2327 1.5496 0.9753
Car 0.0000 0.0000 0.0000 366.0000 176.0000 487.0000 222.0000 1.5287 1.5919 3.7459 -6.3285 1.6259 24.9630 0.2268 0.9631
