Car 0.0000 0.0000 0.0000 284.0000 186.0000 380.0000 241.0000 1.5788 1.7149 4.2279 -8.8879 1.9839 23.4314 1.5141 0.9998
Car 0.0000 0.0000 0.0000 464.0000 180.0000 514.0000 215.0000 1.3978 1.5935 3.8937 -5.1083 1.6596 31.1080 1.5463 0.9998
Car 0.0000 0.0000 0.0000 176.0000 189.0000 319.0000 263.0000 1.5188 1.6597 4.2506 -8.7070 1.9284 17.7229 1.4947 0.9996
Car 0.0000 0.0000 0.0000 19.0000 198.0000 230.0000 298.0000 1.4493 1.5734 3.4740 -8.4829 1.9284 12.9239 1.5234 0.9995
Car 0.0000 0.0000 0.0000 339.0000 187.0000 422.0000 225.0000 1.4700 1.6301 3.7963 -9.5157 2.0241 30.2140 -1.3580 0.9993
Car 0.0000 0.0000 0.0000 1267.0000 111.0000 1479.0000 170.0000 1.5205 1.6455 3.8761 21.8907 -0.1475 20.8231 0.3110 0.9993
Car 0.0000 0.0000 0.0000 660.0000 171.0000 690.0000 198.0000 1.5260 1.6743 3.6334 3.9974 1.3897 43.9281 1.5708 0.9987
Car 0.0000 0.0000 0.0000 680.0000 171.0000 702.0000 189.0000 1.4248 1.6163 3.7417 6.4924 1.1840 56.9757 1.5708 0.9960
Car 0.0000 0.0000 0.0000 1198.0000 130.0000 1355.0000 175.0000 1.6678 1.8082 4.4440 26.7553 0.0077 28.9963 0.0924 0.9916
Car 0.0000 0.0000 0.0000 636.0000 170.0000 658.0000 190.0000 1.4715 1.6268 3.7343 2.9033 1.1799 54.3307 1.5708 0.9905
Car 0.0000 0.0000 0.0000 417.0000 164.0000 440.0000 183.0000 1.4763 1.5517 3.3315 -14.5425 0.7174 58.0535 1.2430 0.9884
Car 0.0000 0.0000 0.0000 57.0000 185.0000 226.0000 262.0000 1.7202 1.6920 4.4763 -11.9840 2.0213 18.8122 1.5163 0.9831
Car 0.0000 0.0000 0.0000 919.0000 149.0000 1012.0000 181.0000 1.5976 1.7330 4.3121 19.1620 0.3491 38.8536 0.3565 0.9791
Car 0.0000 0.0000 0.0000 1025.0000 134.0000 1234.0000 205.0000 1.5747 1.6006 4.1928 12.3263 0.6673 17.1507 -0.2039 0.9627
