Car 0.0000 0.0000 0.0000 365.0000 190.0000 451.0000 245.0000 1.5845 1.7666 4.0603 -6.5929 2.1674 23.9637 1.5627 0.9998
Car 0.0000 0.0000 0.0000 600.0000 183.0000 677.0000 254.0000 1.5619 1.6256 3.5679 0.6229 1.8078 18.0878 1.5266 0.9998
Car 0.0000 0.0000 0.0000 290.0000 192.0000 383.0000 240.0000 1.5671 1.7186 4.4609 -10.1008 2.2866 26.9927 1.5708 0.9997
Car 0.0000 0.0000 0.0000 142.0000 191.0000 252.0000 237.0000 1.4742 1.6033 3.5865 -14.6902 2.1162 25.8621 -1.4483 0.9995
Car 0.0000 0.0000 0.0000 748.0000 182.0000 897.0000 261.0000 1.5265 1.6461 3.9618 4.9168 1.7313 16.3506 -0.8196 0.9993
Car 0.0000 0.0000 0.0000 -297.0000 204.0000 67.0000 332.0000 1.4318 1.5738 3.9189 -10.4458 1.9513 10.8326 1.5620 0.9984
Car 0.0000 0.0000 0.0000 693.0000 181.0000 782.0000 225.0000 1.5130 1.6717 4.0143 4.9795 1.8055 27.5384 -0.9115 0.9983
Car 0.0000 0.0000 0.0000 433.0000 186.0000 476.0000 213.0000 1.5295 1.6967 4.1972 -9.3239 2.2606 43.7817 1.5708 0.9977
Car 0.0000 0.0000 0.0000 667.0000 183.0000 750.0000 217.0000 1.4653 1.5699 3.7505 4.6470 1.9240 33.5554 -0.5989 0.9976
Car 0.0000 0.0000 0.0000 364.0000 184.0000 410.0000 218.0000 1.4378 1.5903 3.7979 -10.3602 1.9333 33.7361 1.3990 0.9901
Car 0.0000 0.0000 0.0000 501.0000 190.0000 537.0000 218.0000 1.4847 1.5836 3.7763 -5.1402 2.4320 41.7454 1.5708 0.9892
Car 0.0000 0.0000 0.0000 780.0000 176.0000 805.0000 193.0000 1.4695 1.5917 3.7991 16.5301 1.6485 64.7281 -1.4792 0.9813
Car 0.0000 0.0000 0.0000 553.0000 185.0000 580.0000 204.0000 1.4731 1.6310 3.9297 -3.3711 2.3424 58.1292 -1.4735 0.9776
