Car 0.0000 0.0000 0.0000 702.0000 184.0000 821.0000 269.0000 1.4599 1.5436 3.4171 2.9116 1.6902 14.5544 1.5351 0.9998
Car 0.0000 0.0000 0.0000 -1.0000 193.0000 344.0000 313.0000 1.4776 1.6114 3.8823 -5.9828 1.7843 10.0460 0.0384 0.9997
Car 0.0000 0.0000 0.0000 400.0000 168.0000 507.0000 214.0000 1.9369 1.7275 4.3322 -6.7951 1.6907 31.6597 -0.0044 0.9996
Car 0.0000 0.0000 0.0000 128.0000 178.0000 405.0000 284.0000 1.6600 1.6358 3.9450 -5.7268 1.7462 12.2540 0.0345 0.9996
Car 0.0000 0.0000 0.0000 248.0000 171.0000 449.0000 251.0000 1.7708 1.6716 4.1569 -6.1044 1.7290 17.0662 0.0753 0.9993
Car 0.0000 0.0000 0.0000 337.0000 183.0000 478.0000 235.0000 1.5195 1.5939 3.8002 -6.0934 1.8017 21.9358 0.0844 0.9992
Car 0.0000 0.0000 0.0000 290.0000 178.0000 435.0000 240.0000 1.5870 1.5656 3.3802 -6.6507 1.7259 19.5178 0.0733 0.9988
Car 0.0000 0.0000 0.0000 395.0000 179.0000 497.0000 221.0000 1.6256 1.5887 3.7211 -6.5394 1.8402 29.0495 0.0446 0.9988
Car 0.0000 0.0000 0.0000 759.0000 181.0000 935.0000 243.0000 1.5850 1.6855 4.2652 6.3660 1.8062 19.6636 0.0796 0.9986
Car 0.0000 0.0000 0.0000 -992.0000 134.0000 -55.0000 476.0000 1.7425 1.5978 3.4532 -6.6718 1.5617 4.5163 0.0207 0.9981
Car 0.0000 0.0000 0.0000 633.0000 180.0000 667.0000 204.0000 1.4728 1.6171 3.6517 2.7395 1.9151 48.3509 1.4569 0.9981
Car 0.0000 0.0000 0.0000 186.0000 174.0000 406.0000 261.0000 1.6715 1.6111 3.8135 -6.3344 1.6930 14.7182 0.0801 0.9979
Car 0.0000 0.0000 0.0000 696.0000 178.0000 784.0000 213.0000 1.6568 1.6813 4.0156 6.3082 1.8539 35.0463 0.0508 0.9972
Car 0.0000 0.0000 0.0000 532.0000 175.0000 556.0000 195.0000 1.5351 1.6955 4.1106 -5.1686 1.6486 57.5535 1.5306 0.9970
Car 0.0000 0.0000 0.0000 487.0000 180.0000 548.0000 206.0000 1.5679 1.5906 3.6126 -5.7280 1.9794 45.3603 0.0546 0.9966
Car 0.0000 0.0000 0.0000 -353.0000 185.0000 149.0000 355.0000 1.4982 1.5640 3.6507 -6.9966 1.6363 7.2691 0.0520 0.9966
Car 0.0000 0.0000 0.0000 365.0000 179.0000 484.0000 233.0000 1.7141 1.6248 3.5528 -6.1804 1.9033 24.2799 0.0523 0.9964
Car 0.0000 0.0000 0.0000 475.0000 179.0000 542.0000 205.0000 1.4690 1.5890 3.7358 -5.9381 1.8127 42.7525 0.0444 0.9960
Car 0.0000 0.0000 0.0000 696.0000 185.0000 766.0000 221.0000 1.4930 1.5680 3.7326 5.5825 2.0200 32.7236 -0.9147 0.9904
Car 0.0000 0.0000 0.0000 -2362.0000 -1077.0000 1603.0000 648.0000 1.6218 1.6143 3.5627 2.8579 1.6477 0.7969 1.5151 0.9890
