Car 0.0000 0.0000 0.0000 726.0000 188.0000 979.0000 279.0000 1.4822 1.6026 4.0898 4.3442 1.7688 13.2430 -0.0853 0.9993
Car 0.0000 0.0000 0.0000 66.0000 173.0000 318.0000 267.0000 1.6721 1.6134 4.0052 -8.1152 1.6881 14.2817 -0.1491 0.9990
Car 0.0000 0.0000 0.0000 655.0000 181.0000 783.0000 229.0000 1.4756 1.5800 3.8879 3.6165 1.7414 23.9797 -0.1681 0.9987
Car 0.0000 0.0000 0.0000 301.0000 176.0000 427.0000 227.0000 1.6338 1.5960 3.8685 -8.4170 1.7079 24.7682 -0.5028 0.9984
Car 0.0000 0.0000 0.0000 199.0000 186.0000 356.0000 256.0000 1.4754 1.5797 3.6569 -7.8268 1.7678 16.8561 0.5542 0.9981
Car 0.0000 0.0000 0.0000 -167.0000 188.0000 53.0000 362.0000 1.5283 1.5647 3.6008 -7.4998 1.7022 8.3515 0.9098 0.9979
Car 0.0000 0.0000 0.0000 224.0000 184.0000 391.0000 248.0000 1.6159 1.6364 3.8435 -8.1419 1.9252 19.5623 0.0744 0.9976
Car 0.0000 0.0000 0.0000 460.0000 178.0000 493.0000 196.0000 1.4971 1.6170 3.5506 -11.4723 1.8566 62.3861 1.0469 0.9976
Car 0.0000 0.0000 0.0000 -553.0000 195.0000 86.0000 410.0000 1.5081 1.5863 3.7007 -6.8464 1.7211 6.0592 0.0573 0.9960
Car 0.0000 0.0000 0.0000 324.0000 179.0000 427.0000 221.0000 1.6395 1.5964 3.8314 -9.5882 1.8689 29.7659 -0.1610 0.9936
Car 0.0000 0.0000 0.0000 344.0000 166.0000 446.0000 204.0000 1.6016 1.6259 4.0549 -9.5854 1.2568 32.3536 -0.6793 0.9906
Car 0.0000 0.0000 0.0000 646.0000 184.0000 759.0000 227.0000 1.4502 1.5462 3.8426 3.4222 1.8549 26.5365 -0.3540 0.9903
Car 0.0000 0.0000 0.0000 396.0000 158.0000 430.0000 187.0000 1.5100 1.6189 3.5926 -10.8535 0.6874 39.6958 1.2498 0.9799
