Car 0.0000 0.0000 0.0000 736.0000 188.0000 876.0000 277.0000 1.5338 1.6863 4.3075 3.9096 1.8541 15.1245 1.5581 0.9999
Car 0.0000 0.0000 0.0000 459.0000 192.0000 524.0000 244.0000 1.6150 1.6533 3.6118 -4.0339 2.2698 25.1006 1.5653 0.9998
Car 0.0000 0.0000 0.0000 792.0000 199.0000 1062.0000 357.0000 1.4639 1.6137 4.0217 3.6915 1.8565 9.2801 1.5531 0.9997
Car 0.0000 0.0000 0.0000 493.0000 188.0000 547.0000 228.0000 1.5092 1.6817 3.9347 -3.6878 2.1332 30.3476 1.5708 0.9992
Car 0.0000 0.0000 0.0000 694.0000 185.0000 722.0000 212.0000 1.4881 1.6213 3.9468 6.0191 2.1912 43.4228 -1.4162 0.9984
Car 0.0000 0.0000 0.0000 1073.0000 176.0000 1361.0000 265.0000 1.5005 1.6347 4.1119 11.6541 1.5730 14.1700 0.6743 0.9967
Car 0.0000 0.0000 0.0000 1417.0000 163.0000 2142.0000 348.0000 1.5387 1.6409 3.9280 11.9292 1.4678 7.9665 0.8090 0.9958
Car 0.0000 0.0000 0.0000 194.0000 193.0000 317.0000 233.0000 1.5333 1.6702 4.3200 -14.6169 2.3655 29.8621 0.0723 0.9918
Car 0.0000 0.0000 0.0000 599.0000 187.0000 621.0000 204.0000 1.5015 1.6850 3.8570 0.1977 2.6878 66.6530 -1.4798 0.9821
Car 0.0000 0.0000 0.0000 311.0000 163.0000 365.0000 185.0000 1.9042 1.7469 4.2898 -24.9644 0.9548 66.4868 -0.0027 0.9780
Car 0.0000 0.0000 0.0000 540.0000 189.0000 576.0000 218.0000 1.4617 1.5865 3.9460 -2.7915 2.3079 39.8694 1.5708 0.9743
