Car 0.0000 0.0000 0.0000 701.0000 180.0000 798.0000 244.0000 1.5540 1.6873 4.0806 3.7384 1.7323 19.9178 1.5198 0.9999
Car 0.0000 0.0000 0.0000 -8.0000 194.0000 344.0000 364.0000 1.4394 1.6549 4.4615 -4.8948 1.7357 8.7970 1.5485 0.9999
Car 0.0000 0.0000 0.0000 740.0000 179.0000 874.0000 271.0000 1.5699 1.5857 3.5404 3.7213 1.6804 14.2204 1.5467 0.9998
Car 0.0000 0.0000 0.0000 435.0000 180.0000 501.0000 229.0000 1.5648 1.5945 3.4098 -4.7746 1.7698 24.6590 1.5616 0.9997
Car 0.0000 0.0000 0.0000 465.0000 181.0000 522.0000 221.0000 1.5096 1.6536 4.0296 -4.6045 1.7854 29.1977 1.5708 0.9997
Car 0.0000 0.0000 0.0000 788.0000 184.0000 1065.0000 343.0000 1.4810 1.6100 3.7998 3.4827 1.6213 8.8048 1.5420 0.9995
Car 0.0000 0.0000 0.0000 945.0000 195.0000 2530.0000 905.0000 1.4602 1.6082 4.0120 3.4787 1.6163 3.6234 1.5207 0.9994
Car 0.0000 0.0000 0.0000 -1886.0000 213.0000 83.0000 968.0000 1.4533 1.6357 3.8736 -4.8125 1.7497 3.5509 1.5228 0.9990
Car 0.0000 0.0000 0.0000 694.0000 178.0000 760.0000 224.0000 1.5209 1.5778 3.5904 4.0783 1.6592 25.4184 1.5307 0.9989
Car 0.0000 0.0000 0.0000 664.0000 174.0000 718.0000 192.0000 1.5269 1.7249 4.5805 7.2322 1.5453 63.2471 0.0468 0.9980
Car 0.0000 0.0000 0.0000 -63.0000 183.0000 107.0000 239.0000 1.5041 1.5809 3.6840 -16.7131 1.7739 20.5425 0.0643 0.9924
Car 0.0000 0.0000 0.0000 76.0000 139.0000 199.0000 184.0000 1.6264 1.6336 3.9403 -18.1223 0.3725 27.7171 0.1976 0.9840
Car 0.0000 0.0000 0.0000 480.0000 155.0000 509.0000 180.0000 1.5727 1.6870 3.8335 -7.4491 0.4059 46.5689 1.3782 0.9798
