Car 0.0000 0.0000 0.0000 92.0000 180.0000 264.0000 260.0000 1.7597 1.8043 4.2275 -10.6015 1.9214 18.0793 1.5644 0.9998
Car 0.0000 0.0000 0.0000 588.0000 180.0000 637.0000 220.0000 1.5578 1.6685 3.6118 0.0958 1.8120 30.1612 1.4754 0.9996
Car 0.0000 0.0000 0.0000 724.0000 180.0000 888.0000 250.0000 1.4951 1.5741 3.7182 4.7166 1.6507 17.2323 -0.4956 0.9987
Car 0.0000 0.0000 0.0000 -149.0000 198.0000 115.0000 301.0000 1.4360 1.5753 3.4807 -10.6040 1.9108 12.5052 1.5708 0.9984
Car 0.0000 0.0000 0.0000 756.0000 180.0000 937.0000 268.0000 1.4754 1.5665 3.6392 4.6360 1.6038 13.9606 -0.6636 0.9984
Car 0.0000 0.0000 0.0000 872.0000 172.0000 941.0000 208.0000 1.6940 1.7648 4.2964 14.8389 1.6255 36.1358 1.5708 0.9977
Car 0.0000 0.0000 0.0000 673.0000 178.0000 797.0000 230.0000 1.5856 1.6416 3.9574 4.2415 1.7492 24.2074 -0.5125 0.9950
Car 0.0000 0.0000 0.0000 689.0000 179.0000 819.0000 237.0000 1.4794 1.6018 3.9229 4.1968 1.6521 20.5918 -0.7294 0.9937
Car 0.0000 0.0000 0.0000 653.0000 179.0000 680.0000 201.0000 1.4836 1.6386 3.7383 4.0109 1.8033 49.9491 -1.4319 0.9934
Car 0.0000 0.0000 0.0000 672.0000 156.0000 787.0000 197.0000 1.6880 1.7648 4.7290 5.0851 0.9506 31.0275 0.0751 0.9898
Car 0.0000 0.0000 0.0000 923.0000 168.0000 974.0000 186.0000 1.5207 1.6110 3.6450 29.1326 0.9967 61.8137 0.1642 0.9889
Car 0.0000 0.0000 0.0000 755.0000 136.0000 815.0000 174.0000 1.5591 1.6322 3.6434 7.7537 -0.0082 31.9785 1.5302 0.9790
Car 0.0000 0.0000 0.0000 667.0000 179.0000 778.0000 221.0000 1.5079 1.6165 3.8993 4.3369 1.7375 27.6054 0.4268 0.9752
Car 0.0000 0.0000 0.0000 641.0000 172.0000 663.0000 193.0000 1.5536 1.6244 3.8423 3.4514 1.4522 56.7835 -1.4722 0.9735
Car 0.0000 0.0000 0.0000 860.0000 176.0000 913.0000 198.0000 1.5833 1.5995 3.8654 21.4416 1.7556 55.4594 -0.4643 0.9701
Car 0.0000 0.0000 0.0000 657.0000 175.0000 742.0000 205.0000 1.5318 1.6448 4.2119 4.8361 1.5902 38.3467 0.3918 0.9674
