Car 0.0000 0.0000 0.0000 178.0000 177.0000 373.0000 252.0000 1.6174 1.6165 4.0728 -8.0684 1.6941 17.6995 -0.9617 0.9993
Car 0.0000 0.0000 0.0000 453.0000 177.0000 491.0000 198.0000 1.5280 1.6741 3.6396 -10.5311 1.8125 55.4242 1.0214 0.9992
Car 0.0000 0.0000 0.0000 -126.0000 181.0000 228.0000 307.0000 1.5549 1.5973 3.6741 -7.5132 1.6723 9.8524 0.0405 0.9991
Car 0.0000 0.0000 0.0000 697.0000 180.0000 882.0000 253.0000 1.5084 1.5901 3.8530 4.1027 1.6669 16.7755 0.7061 0.9991
Car 0.0000 0.0000 0.0000 893.0000 179.0000 1563.0000 404.0000 1.5565 1.6570 3.9810 4.6267 1.6219 5.9281 0.0528 0.9985
Car 0.0000 0.0000 0.0000 313.0000 169.0000 390.0000 224.0000 1.7960 1.6581 3.9670 -9.1504 1.6395 25.3362 0.9927 0.9983
Car 0.0000 0.0000 0.0000 11.0000 168.0000 292.0000 280.0000 1.7838 1.6635 3.8967 -7.8485 1.7153 12.4906 0.0771 0.9980
Car 0.0000 0.0000 0.0000 -570.0000 153.0000 92.0000 379.0000 1.7110 1.6338 4.0271 -7.7545 1.5499 7.2394 -0.6011 0.9973
Car 0.0000 0.0000 0.0000 262.0000 180.0000 392.0000 230.0000 1.4984 1.5164 3.4974 -8.8438 1.6936 22.7148 -0.0465 0.9964
Car 0.0000 0.0000 0.0000 303.0000 165.0000 406.0000 206.0000 1.6898 1.6000 3.9638 -11.0541 1.3310 31.4790 -0.1107 0.9863
