Car 0.0000 0.0000 0.0000 726.0000 183.0000 884.0000 276.0000 1.4625 1.5956 3.8833 3.4446 1.6469 13.5103 1.4870 0.9999
Car 0.0000 0.0000 0.0000 329.0000 185.0000 452.0000 252.0000 1.5322 1.6687 4.1220 -5.6035 1.8424 18.9313 -1.4793 0.9999
Car 0.0000 0.0000 0.0000 26.0000 199.0000 304.0000 343.0000 1.4742 1.6059 3.5958 -5.7463 1.8796 9.8065 1.5569 0.9999
Car 0.0000 0.0000 0.0000 690.0000 179.0000 792.0000 245.0000 1.5345 1.6493 4.0019 3.3393 1.6840 19.1296 1.4855 0.9998
Car 0.0000 0.0000 0.0000 664.0000 177.0000 720.0000 220.0000 1.5398 1.6011 3.6553 3.1226 1.6769 27.7914 1.5289 0.9998
Car 0.0000 0.0000 0.0000 917.0000 181.0000 2567.0000 945.0000 1.5601 1.6526 4.0817 3.2250 1.6047 3.5463 1.5497 0.9997
Car 0.0000 0.0000 0.0000 464.0000 182.0000 512.0000 215.0000 1.4610 1.6012 4.0281 -5.6580 1.8340 34.0257 1.5683 0.9969
Car 0.0000 0.0000 0.0000 -1779.0000 224.0000 44.0000 875.0000 1.5035 1.7454 4.1469 -5.7220 1.9266 4.0399 1.5708 0.9953
Car 0.0000 0.0000 0.0000 658.0000 172.0000 708.0000 210.0000 1.6322 1.5980 3.5939 3.3285 1.5839 33.0528 1.4702 0.9922
Car 0.0000 0.0000 0.0000 38.0000 181.0000 190.0000 233.0000 1.5489 1.5982 3.7330 -15.6319 1.7806 22.8067 0.0405 0.9913
Car 0.0000 0.0000 0.0000 495.0000 172.0000 545.0000 192.0000 1.6455 1.6207 3.8253 -7.3152 1.4968 59.2241 0.5184 0.9870
