Car 0.0000 0.0000 0.0000 681.0000 180.0000 775.0000 247.0000 1.4874 1.6018 3.9821 2.8592 1.6534 18.1986 1.5423 0.9999
Car 0.0000 0.0000 0.0000 98.0000 201.0000 318.0000 317.0000 1.4199 1.5700 3.6835 -6.1719 1.9211 11.5225 1.5384 0.9999
Car 0.0000 0.0000 0.0000 820.0000 153.0000 1002.0000 216.0000 1.6365 1.7101 4.3384 8.3226 1.1053 20.1541 0.0414 0.9997
Car 0.0000 0.0000 0.0000 363.0000 186.0000 455.0000 242.0000 1.5425 1.7385 4.0092 -6.1731 1.9556 22.5927 1.5708 0.9994
Car 0.0000 0.0000 0.0000 905.0000 144.0000 1192.0000 244.0000 1.7753 1.7551 4.4564 8.3561 1.2670 14.0369 0.0460 0.9994
Car 0.0000 0.0000 0.0000 982.0000 152.0000 1359.0000 270.0000 1.6221 1.6816 4.3082 8.2726 1.3501 10.9660 0.0601 0.9981
Car 0.0000 0.0000 0.0000 1302.0000 112.0000 1527.0000 182.0000 1.7922 1.7424 4.1444 22.1468 0.1863 19.9382 0.0413 0.9977
Car 0.0000 0.0000 0.0000 455.0000 184.0000 507.0000 219.0000 1.4840 1.6845 4.0300 -5.9756 2.0006 33.9181 1.5708 0.9970
Car 0.0000 0.0000 0.0000 -398.0000 -6356.0000 16269.0000 583.0000 1.4946 1.6347 3.4794 -3.7797 1.8284 1.5272 1.5581 0.9943
Car 0.0000 0.0000 0.0000 1141.0000 143.0000 1295.0000 192.0000 1.6902 1.6786 4.1365 22.3352 0.6352 26.6292 1.3326 0.9905
Car 0.0000 0.0000 0.0000 315.0000 204.0000 419.0000 270.0000 1.4186 1.5396 3.6710 -6.2352 2.2623 18.8372 1.5528 0.9842
Car 0.0000 0.0000 0.0000 825.0000 152.0000 887.0000 174.0000 1.7607 1.7916 4.4897 20.7110 -0.0131 60.3337 0.0043 0.9748
Car 0.0000 0.0000 0.0000 835.0000 159.0000 896.0000 179.0000 1.5188 1.6760 4.5801 20.3467 0.3322 56.9515 -0.3908 0.9730
Car 0.0000 0.0000 0.0000 633.0000 174.0000 661.0000 196.0000 1.4987 1.6256 3.8910 2.7329 1.5488 52.0013 1.5200 0.9726
Car 0.0000 0.0000 0.0000 1225.0000 145.0000 1356.0000 195.0000 1.5074 1.6684 4.1198 22.4120 0.6245 23.6883 -0.4223 0.9635
