Car 0.0000 0.0000 0.0000 684.0000 182.0000 786.0000 252.0000 1.4264 1.5643 3.3913 2.7413 1.6111 16.4728 1.5199 0.9999
Car 0.0000 0.0000 0.0000 659.0000 178.0000 734.0000 237.0000 1.5991 1.6258 3.6079 2.4906 1.7213 21.4185 1.5335 0.9998
Car 0.0000 0.0000 0.0000 536.0000 173.0000 559.0000 192.0000 1.5258 1.6523 3.6067 -4.9632 1.4458 58.7638 1.5540 0.9995
Car 0.0000 0.0000 0.0000 343.0000 185.0000 453.0000 253.0000 1.4827 1.5915 3.8422 -5.2184 1.7967 18.2129 1.5708 0.9995
Car 0.0000 0.0000 0.0000 645.0000 172.0000 705.0000 222.0000 1.7064 1.6828 3.7912 2.3747 1.6666 26.8540 1.5097 0.9995
Car 0.0000 0.0000 0.0000 476.0000 173.0000 521.0000 206.0000 1.5414 1.6684 3.8956 -5.5074 1.5112 36.1779 1.5698 0.9993
Car 0.0000 0.0000 0.0000 447.0000 176.0000 504.0000 218.0000 1.5853 1.6495 3.9055 -5.3318 1.6798 29.0777 1.5426 0.9981
Car 0.0000 0.0000 0.0000 218.0000 192.0000 394.0000 290.0000 1.4789 1.5706 3.6420 -5.4219 1.8616 13.3124 1.5708 0.9945
Car 0.0000 0.0000 0.0000 -1456.0000 -189.0000 420.0000 1162.0000 2.1822 1.9840 5.2949 -2.5762 1.6003 3.8646 1.4998 0.9922
Car 0.0000 0.0000 0.0000 1304.0000 196.0000 8363.0000 2272.0000 1.5662 1.6053 3.7584 4.1090 1.6482 1.4716 0.0622 0.9898
Car 0.0000 0.0000 0.0000 675.0000 162.0000 726.0000 184.0000 1.6207 1.6671 3.7243 7.0618 0.7592 55.4845 0.0279 0.9847
