Car 0.0000 0.0000 0.0000 753.0000 177.0000 1037.0000 349.0000 1.5676 1.6773 4.0144 3.0146 1.6182 8.6571 1.5348 0.9999
Car 0.0000 0.0000 0.0000 229.0000 183.0000 433.0000 316.0000 1.7210 1.7388 4.1241 -4.2128 1.8764 11.5751 1.5581 0.9999
Car 0.0000 0.0000 0.0000 702.0000 176.0000 844.0000 270.0000 1.6174 1.6888 4.2037 3.1081 1.6723 14.6542 1.5126 0.9999
Car 0.0000 0.0000 0.0000 -267.0000 186.0000 280.0000 495.0000 1.7529 1.6390 3.6221 -4.4123 1.8809 6.0354 1.5373 0.9998
Car 0.0000 0.0000 0.0000 628.0000 179.0000 660.0000 206.0000 1.5227 1.6305 3.6458 2.1308 1.8591 44.1857 1.5369 0.9990
Car 0.0000 0.0000 0.0000 580.0000 183.0000 605.0000 200.0000 1.4540 1.6230 3.6519 -1.4414 2.2341 62.8289 1.3791 0.9979
Car 0.0000 0.0000 0.0000 505.0000 182.0000 533.0000 206.0000 1.4574 1.6615 3.6451 -5.8343 1.9874 46.4600 1.4255 0.9978
Car 0.0000 0.0000 0.0000 655.0000 139.0000 758.0000 228.0000 2.4376 2.0810 5.6382 2.8533 1.4992 22.5589 1.5032 0.9949
Car 0.0000 0.0000 0.0000 654.0000 176.0000 706.0000 217.0000 1.5679 1.6131 3.8023 2.8818 1.6780 29.8949 1.5319 0.9927
Car 0.0000 0.0000 0.0000 608.0000 177.0000 637.0000 198.0000 1.4559 1.5916 3.7364 0.9349 1.6516 51.0010 1.4786 0.9783
