Car 0.0000 0.0000 0.0000 662.0000 187.0000 768.0000 265.0000 1.4541 1.5782 3.6223 2.1593 1.7577 15.7162 1.5150 0.9999
Car 0.0000 0.0000 0.0000 544.0000 181.0000 589.0000 222.0000 1.4731 1.6353 3.2453 -1.7074 1.7694 28.1348 1.4862 0.9998
Car 0.0000 0.0000 0.0000 56.0000 195.0000 467.0000 472.0000 1.4304 1.5768 3.6935 -2.3316 1.6540 5.8268 1.5594 0.9998
Car 0.0000 0.0000 0.0000 638.0000 185.0000 696.0000 231.0000 1.4323 1.5861 3.9148 1.9164 1.8331 25.0333 1.5405 0.9993
Car 0.0000 0.0000 0.0000 110.0000 185.0000 293.0000 296.0000 1.5271 1.6306 3.9747 -6.9376 1.7213 11.9917 0.7834 0.9987
Car 0.0000 0.0000 0.0000 226.0000 187.0000 298.0000 223.0000 1.4775 1.6053 3.8187 -15.6476 2.1055 32.6589 1.5044 0.9986
Car 0.0000 0.0000 0.0000 659.0000 184.0000 733.0000 241.0000 1.4408 1.5173 3.3264 2.3395 1.7377 20.2621 1.5215 0.9982
Car 0.0000 0.0000 0.0000 326.0000 191.0000 443.0000 245.0000 1.4959 1.6534 4.0266 -7.0837 2.0345 22.4499 0.7318 0.9975
Car 0.0000 0.0000 0.0000 387.0000 178.0000 471.0000 224.0000 1.4964 1.6255 3.7841 -6.5529 1.6754 25.8456 0.9455 0.9968
Car 0.0000 0.0000 0.0000 21.0000 186.0000 163.0000 242.0000 1.4799 1.6395 3.8698 -15.4540 1.8629 21.7345 1.5202 0.9966
Car 0.0000 0.0000 0.0000 463.0000 178.0000 527.0000 208.0000 1.6797 1.6255 3.8191 -6.8163 1.9399 42.9433 0.6893 0.9959
Car 0.0000 0.0000 0.0000 276.0000 187.0000 334.0000 217.0000 1.4150 1.6527 3.6809 -15.8639 2.1406 37.7311 1.5064 0.9953
Car 0.0000 0.0000 0.0000 436.0000 182.0000 501.0000 218.0000 1.5219 1.6133 3.5645 -6.3671 1.8806 32.3515 0.9838 0.9880
Car 0.0000 0.0000 0.0000 -4444.0000 -3278.0000 13986.0000 1868.0000 1.4787 1.6323 3.7935 -6.7763 1.6639 1.6376 0.8817 0.9841
Car 0.0000 0.0000 0.0000 561.0000 179.0000 597.0000 209.0000 1.5171 1.6103 3.7710 -1.5528 1.7704 38.1827 1.5708 0.9768
Car 0.0000 0.0000 0.0000 -185.0000 -1163.0000 3024.0000 627.0000 1.4171 1.5203 3.6424 -2.3072 1.6986 0.9090 1.5690 0.9734
Car 0.0000 0.0000 0.0000 529.0000 180.0000 551.0000 197.0000 1.4777 1.6541 4.0634 -6.1043 2.0210 64.4471 1.5671 0.9729
