Car 0.0000 0.0000 0.0000 687.0000 170.0000 798.0000 210.0000 1.6238 1.7003 4.4751 5.6206 1.4926 30.7453 0.0705 0.9988
Car 0.0000 0.0000 0.0000 837.0000 161.0000 869.0000 180.0000 1.5350 1.5823 3.3792 19.8360 0.4889 58.4822 1.5708 0.9983
Car 0.0000 0.0000 0.0000 1130.0000 152.0000 1281.0000 197.0000 1.6224 1.6352 4.2822 23.2521 0.8412 28.2365 0.9259 0.9976
Car 0.0000 0.0000 0.0000 646.0000 175.0000 670.0000 194.0000 1.4874 1.6688 3.7552 3.9334 1.6099 58.3362 1.5703 0.9971
Car 0.0000 0.0000 0.0000 506.0000 184.0000 541.0000 213.0000 1.5159 1.6317 3.8128 -4.7528 2.0884 40.4423 1.5352 0.9961
Car 0.0000 0.0000 0.0000 1035.0000 146.0000 1149.0000 181.0000 1.5941 1.7061 4.1936 23.0960 0.3274 34.5242 0.0684 0.9961
Car 0.0000 0.0000 0.0000 608.0000 177.0000 627.0000 193.0000 1.4982 1.6549 3.9174 0.9359 1.7553 69.9781 1.5708 0.9955
Car 0.0000 0.0000 0.0000 -629.0000 -820.0000 2630.0000 709.0000 1.5386 1.6473 3.7936 -3.2189 1.7599 0.5696 1.4931 0.9910
Car 0.0000 0.0000 0.0000 928.0000 157.0000 1013.0000 184.0000 1.6120 1.7179 4.5103 22.3377 0.6221 44.6501 1.0452 0.9896
Car 0.0000 0.0000 0.0000 -51.0000 123.0000 137.0000 179.0000 1.5120 1.6474 3.9408 -16.0873 0.1102 20.6000 -0.1691 0.9808
Car 0.0000 0.0000 0.0000 678.0000 169.0000 729.0000 189.0000 1.6629 1.6938 4.3251 8.1928 1.2671 62.5644 0.0918 0.9789
Car 0.0000 0.0000 0.0000 997.0000 160.0000 1054.0000 179.0000 1.5711 1.6479 3.9038 35.8962 0.3871 62.0362 0.0385 0.9759
Car 0.0000 0.0000 0.0000 731.0000 153.0000 805.0000 181.0000 1.8157 1.7782 4.6829 10.8374 0.4575 49.1164 0.0815 0.9661
