Car 0.0000 0.0000 0.0000 386.0000 186.0000 470.0000 241.0000 1.3952 1.5531 3.6825 -5.1958 1.7783 20.9457 1.5579 0.9998
Car 0.0000 0.0000 0.0000 1140.0000 124.0000 1310.0000 175.0000 1.5527 1.6808 4.1135 20.2858 -0.0024 23.8366 0.0293 0.9995
Car 0.0000 0.0000 0.0000 658.0000 175.0000 688.0000 203.0000 1.5040 1.6125 3.4766 3.6445 1.5509 40.4008 -1.4610 0.9995
Car 0.0000 0.0000 0.0000 185.0000 191.0000 315.0000 260.0000 1.4870 1.6461 4.2344 -9.1244 1.9749 18.6453 1.4600 0.9995
Car 0.0000 0.0000 0.0000 -27.0000 194.0000 223.0000 304.0000 1.5473 1.6916 4.3236 -8.8950 1.9517 12.9980 1.5010 0.9994
Car 0.0000 0.0000 0.0000 279.0000 188.0000 382.0000 235.0000 1.4806 1.6592 3.8015 -9.7749 2.0267 25.5163 -1.3939 0.9991
Car 0.0000 0.0000 0.0000 -420.0000 204.0000 45.0000 382.0000 1.4456 1.5878 3.4768 -8.5317 1.8491 8.1795 1.4975 0.9987
Car 0.0000 0.0000 0.0000 628.0000 169.0000 658.0000 191.0000 1.4900 1.6267 3.4906 2.3896 1.1513 49.5257 -1.3978 0.9984
Car 0.0000 0.0000 0.0000 -141.0000 194.0000 101.0000 284.0000 1.4373 1.5869 3.8931 -12.1336 1.8767 14.2219 1.5028 0.9949
Car 0.0000 0.0000 0.0000 1483.0000 106.0000 1640.0000 177.0000 1.4350 1.5924 3.9961 21.6394 0.0380 16.3431 -0.5097 0.9945
Car 0.0000 0.0000 0.0000 675.0000 168.0000 703.0000 190.0000 1.5683 1.6574 3.7462 5.8262 1.1533 52.4991 1.5708 0.9901
Car 0.0000 0.0000 0.0000 1588.0000 95.0000 2000.0000 172.0000 1.4885 1.7144 4.6231 26.8106 -0.0734 16.6537 0.6558 0.9857
Car 0.0000 0.0000 0.0000 1149.0000 130.0000 1475.0000 228.0000 1.5746 1.5754 4.1215 12.1533 0.8813 12.6645 0.0189 0.9764
