Car 0.0000 0.0000 0.0000 451.0000 183.0000 501.0000 216.0000 1.4842 1.6109 3.5421 -6.2675 1.9144 34.2602 1.5708 0.9999
Car 0.0000 0.0000 0.0000 43.0000 190.0000 233.0000 269.0000 1.4644 1.6211 4.0723 -10.2894 1.8580 16.0828 1.5606 0.9998
Car 0.0000 0.0000 0.0000 580.0000 181.0000 767.0000 355.0000 1.6022 1.6465 3.5858 0.4982 1.6920 8.5280 1.5029 0.9998
Car 0.0000 0.0000 0.0000 232.0000 181.0000 311.0000 219.0000 1.5383 1.6397 3.7668 -14.5253 1.8318 31.2112 1.5708 0.9997
Car 0.0000 0.0000 0.0000 402.0000 180.0000 450.0000 212.0000 1.5977 1.6450 3.9433 -9.7536 1.9542 38.5911 1.5493 0.9995
Car 0.0000 0.0000 0.0000 355.0000 185.0000 426.0000 221.0000 1.4905 1.7021 4.3810 -9.7667 1.9913 32.5001 1.5708 0.9993
Car 0.0000 0.0000 0.0000 554.0000 180.0000 582.0000 198.0000 1.5003 1.7119 3.8923 -3.4135 1.9825 61.2351 -1.4397 0.9979
Car 0.0000 0.0000 0.0000 721.0000 174.0000 833.0000 231.0000 1.5632 1.6191 3.6811 5.0604 1.5620 21.5343 -0.8184 0.9975
Car 0.0000 0.0000 0.0000 26.0000 179.0000 97.0000 219.0000 1.4589 1.5660 3.3956 -21.3322 1.6576 28.1528 1.1226 0.9972
Car 0.0000 0.0000 0.0000 1174.0000 190.0000 1944.0000 773.0000 1.6363 1.6635 3.0238 4.0549 1.7490 3.7931 -0.9288 0.9969
Car 0.0000 0.0000 0.0000 -542.0000 188.0000 -15.0000 365.0000 1.6930 1.7293 4.1258 -10.6567 1.9018 9.2107 1.5388 0.9959
Car 0.0000 0.0000 0.0000 599.0000 178.0000 655.0000 227.0000 1.5590 1.6318 3.6536 0.5509 1.7129 25.1475 1.5129 0.9938
Car 0.0000 0.0000 0.0000 669.0000 176.0000 719.0000 206.0000 1.5383 1.6584 3.7268 4.7001 1.6604 39.2823 -1.1553 0.9887
Car 0.0000 0.0000 0.0000 517.0000 180.0000 543.0000 198.0000 1.4985 1.6475 3.8921 -6.6737 1.9924 61.4756 1.5708 0.9882
Car 0.0000 0.0000 0.0000 688.0000 173.0000 757.0000 209.0000 1.5478 1.6445 3.8312 5.2332 1.5068 32.7852 -0.9884 0.9882
