Car 0.0000 0.0000 0.0000 576.0000 180.0000 611.0000 208.0000 1.4840 1.7269 3.8406 -0.8938 1.8196 40.6569 1.4885 0.9994
Car 0.0000 0.0000 0.0000 475.0000 180.0000 523.0000 215.0000 1.3833 1.5720 3.6866 -4.6887 1.6712 31.0592 1.5470 0.9992
Car 0.0000 0.0000 0.0000 536.0000 170.0000 557.0000 194.0000 2.1557 1.8705 4.8827 -5.7912 1.8214 67.1556 1.4774 0.9990
Car 0.0000 0.0000 0.0000 411.0000 181.0000 498.0000 239.0000 1.4247 1.6261 4.0819 -4.2089 1.6309 20.1046 1.5528 0.9990
Car 0.0000 0.0000 0.0000 360.0000 182.0000 426.0000 220.0000 1.4081 1.5840 3.4816 -8.6316 1.7367 28.9852 1.5708 0.9981
Car 0.0000 0.0000 0.0000 401.0000 177.0000 436.0000 201.0000 1.5183 1.6644 3.7694 -12.9936 1.7600 49.4163 1.4968 0.9965
Car 0.0000 0.0000 0.0000 427.0000 179.0000 467.0000 209.0000 1.5315 1.6735 3.7189 -8.9507 1.8424 40.0053 1.4952 0.9960
Car 0.0000 0.0000 0.0000 -227.0000 14.0000 372.0000 414.0000 2.4463 2.0178 5.5192 -4.2563 1.4790 7.1976 1.5384 0.9934
Car 0.0000 0.0000 0.0000 457.0000 181.0000 489.0000 204.0000 1.4765 1.6304 3.8597 -9.0962 1.9215 48.3997 1.5009 0.9913
Car 0.0000 0.0000 0.0000 505.0000 180.0000 538.0000 207.0000 1.4884 1.6354 3.9239 -4.9743 1.8190 41.3521 1.5176 0.9906
Car 0.0000 0.0000 0.0000 519.0000 179.0000 546.0000 201.0000 1.4826 1.6279 3.8926 -5.3259 1.8482 50.5236 1.5286 0.9895
Car 0.0000 0.0000 0.0000 495.0000 180.0000 515.0000 196.0000 1.5073 1.6644 3.9470 -10.0752 2.0507 70.1529 1.5093 0.9695
Car 0.0000 0.0000 0.0000 676.0000 169.0000 715.0000 198.0000 1.5444 1.6082 3.6712 4.8346 1.2729 40.6414 1.5317 0.9686
