Car 0.0000 0.0000 0.0000 579.0000 176.0000 616.0000 211.0000 1.6060 1.6830 3.6418 -0.6079 1.7274 35.3322 1.5343 0.9995
Car 0.0000 0.0000 0.0000 256.0000 179.0000 373.0000 239.0000 1.4249 1.6177 3.9170 -7.8223 1.5791 19.4187 1.5503 0.9994
Car 0.0000 0.0000 0.0000 542.0000 166.0000 568.0000 197.0000 2.1433 1.8268 4.5114 -3.9347 1.6074 52.6565 1.4835 0.9954
Car 0.0000 0.0000 0.0000 -40.0000 95.0000 299.0000 300.0000 2.5906 2.0164 5.8107 -7.3864 1.6055 12.0576 1.5256 0.9951
Car 0.0000 0.0000 0.0000 495.0000 149.0000 544.0000 195.0000 1.9334 1.8454 4.8408 -4.0032 0.9123 32.9865 1.5269 0.9910
Car 0.0000 0.0000 0.0000 481.0000 160.0000 512.0000 184.0000 1.5315 1.6365 3.6958 -7.7662 0.6449 50.1167 1.5497 0.9849
Car 0.0000 0.0000 0.0000 -538.0000 181.0000 -84.0000 314.0000 1.4677 1.6321 3.6510 -12.2105 1.5842 9.9552 1.5564 0.9813
Car 0.0000 0.0000 0.0000 615.0000 175.0000 639.0000 194.0000 1.4767 1.6276 3.8411 1.4545 1.5924 58.2922 1.5335 0.9785
Car 0.0000 0.0000 0.0000 393.0000 126.0000 511.0000 238.0000 2.3534 1.9446 5.1471 -3.6808 1.3612 17.7320 1.5371 0.9713
Car 0.0000 0.0000 0.0000 344.0000 180.0000 417.0000 225.0000 1.4908 1.6056 3.8282 -8.2540 1.7147 26.2855 1.5210 0.9681
