Car 0.0000 0.0000 0.0000 435.0000 183.0000 488.0000 218.0000 1.4343 1.6465 3.9510 -6.5830 1.8669 32.4213 1.5476 0.9999
Car 0.0000 0.0000 0.0000 585.0000 177.0000 638.0000 220.0000 1.6249 1.6855 3.6582 0.0266 1.7503 28.9069 1.4507 0.9998
Car 0.0000 0.0000 0.0000 430.0000 177.0000 455.0000 194.0000 1.4808 1.6809 3.8616 -15.2713 1.7612 66.2771 1.4887 0.9988
Car 0.0000 0.0000 0.0000 796.0000 178.0000 1058.0000 327.0000 1.5337 1.6076 3.7472 4.2117 1.6084 9.3727 -0.6925 0.9975
Car 0.0000 0.0000 0.0000 746.0000 174.0000 944.0000 278.0000 1.5873 1.6178 3.6334 4.2458 1.5983 12.8451 -0.6789 0.9970
Car 0.0000 0.0000 0.0000 930.0000 172.0000 1253.0000 474.0000 1.6239 1.6231 3.8167 4.0603 1.6218 5.8246 -0.8353 0.9967
Car 0.0000 0.0000 0.0000 704.0000 178.0000 838.0000 238.0000 1.5170 1.6012 3.7955 4.5670 1.6467 20.2073 -0.6518 0.9967
Car 0.0000 0.0000 0.0000 651.0000 175.0000 698.0000 206.0000 1.5306 1.6029 3.6325 3.5297 1.6019 38.0465 -1.2294 0.9925
Car 0.0000 0.0000 0.0000 676.0000 175.0000 717.0000 211.0000 1.4835 1.5478 3.3587 3.7852 1.5242 30.8980 -1.3962 0.9925
Car 0.0000 0.0000 0.0000 634.0000 167.0000 698.0000 194.0000 1.8961 1.7749 4.6164 4.1843 1.4097 52.1759 -0.6773 0.9884
Car 0.0000 0.0000 0.0000 782.0000 184.0000 864.0000 259.0000 1.4776 1.5805 3.8546 4.7672 1.7174 16.3711 -1.3132 0.9828
Car 0.0000 0.0000 0.0000 1048.0000 158.0000 1144.0000 188.0000 1.6845 1.7159 4.6260 29.4640 0.7900 43.6207 0.0303 0.9807
Car 0.0000 0.0000 0.0000 1580.0000 199.0000 8138.0000 4003.0000 1.4463 1.5848 3.9092 4.1438 1.5825 2.0961 -0.6395 0.9752
Car 0.0000 0.0000 0.0000 456.0000 178.0000 488.0000 198.0000 1.5980 1.7134 3.8588 -11.0332 1.9226 58.3621 1.5708 0.9739
