Car 0.0000 0.0000 0.0000 110.0000 193.0000 317.0000 298.0000 1.4252 1.5650 3.5714 -6.4240 1.7783 12.0955 1.5500 0.9997
Car 0.0000 0.0000 0.0000 422.0000 172.0000 463.0000 202.0000 1.9382 1.7696 4.4028 -11.2493 1.8444 48.9170 1.5596 0.9997
Car 0.0000 0.0000 0.0000 586.0000 173.0000 636.0000 219.0000 1.6369 1.6678 3.6978 0.0194 1.6397 27.9496 1.5059 0.9997
Car 0.0000 0.0000 0.0000 467.0000 178.0000 502.0000 203.0000 1.4379 1.6489 3.8504 -7.4950 1.6663 43.6045 1.5061 0.9981
Car 0.0000 0.0000 0.0000 400.0000 178.0000 431.0000 197.0000 1.4484 1.6002 3.7316 -15.2877 1.7509 57.0170 1.5187 0.9966
Car 0.0000 0.0000 0.0000 692.0000 176.0000 817.0000 231.0000 1.5031 1.5880 3.8751 4.3961 1.5745 21.5788 -0.6849 0.9952
Car 0.0000 0.0000 0.0000 788.0000 171.0000 1022.0000 296.0000 1.5534 1.6155 3.9012 4.5253 1.5185 10.8243 -0.6989 0.9949
Car 0.0000 0.0000 0.0000 899.0000 178.0000 1207.0000 375.0000 1.5233 1.5717 3.5245 4.6162 1.5817 7.3715 -0.6755 0.9939
Car 0.0000 0.0000 0.0000 663.0000 176.0000 757.0000 219.0000 1.5358 1.6249 3.8086 3.9731 1.6248 28.0668 -0.7811 0.9919
Car 0.0000 0.0000 0.0000 641.0000 163.0000 707.0000 193.0000 1.7216 1.6782 3.8625 3.9092 1.0930 42.7619 -0.7358 0.9902
Car 0.0000 0.0000 0.0000 1156.0000 158.0000 1286.0000 199.0000 1.8361 1.7420 4.5994 29.1642 1.1406 34.3955 0.0472 0.9851
Car 0.0000 0.0000 0.0000 1129.0000 157.0000 1940.0000 841.0000 1.5525 1.6139 3.7413 4.1894 1.5124 3.2544 -0.5162 0.9847
