Car 0.0000 0.0000 0.0000 237.0000 187.0000 483.0000 351.0000 1.4611 1.6172 3.7327 -2.6556 1.6379 8.4850 1.5684 0.9998
Car 0.0000 0.0000 0.0000 523.0000 176.0000 576.0000 220.0000 1.5674 1.6807 3.7409 -2.2737 1.6681 28.1487 1.5708 0.9998
Car 0.0000 0.0000 0.0000 682.0000 184.0000 751.0000 244.0000 1.5342 1.5973 3.4672 2.9856 1.8501 20.6317 1.5708 0.9998
Car 0.0000 0.0000 0.0000 647.0000 182.0000 677.0000 203.0000 1.5204 1.6721 3.7558 3.8933 2.0867 52.9021 1.4990 0.9998
Car 0.0000 0.0000 0.0000 695.0000 188.0000 792.0000 264.0000 1.4540 1.5356 2.9565 2.8281 1.7985 15.8380 1.5552 0.9996
Car 0.0000 0.0000 0.0000 333.0000 176.0000 474.0000 229.0000 1.5465 1.5981 3.7942 -6.2426 1.6203 21.9862 0.0816 0.9991
Car 0.0000 0.0000 0.0000 553.0000 173.0000 591.0000 206.0000 1.5618 1.6514 3.8597 -1.7903 1.5428 36.1319 1.5708 0.9990
Car 0.0000 0.0000 0.0000 -208.0000 -4805.0000 10153.0000 549.0000 1.5741 1.6262 3.6362 -2.9856 1.7184 1.5462 1.5423 0.9984
Car 0.0000 0.0000 0.0000 -3921.0000 -2298.0000 1387.0000 559.0000 1.4333 1.5252 3.4560 2.3270 1.5763 1.2451 1.5708 0.9949
Car 0.0000 0.0000 0.0000 461.0000 173.0000 542.0000 204.0000 1.6166 1.6398 4.0695 -5.8116 1.5664 39.2738 0.0873 0.9609
