Car 0.0000 0.0000 0.0000 663.0000 193.0000 750.0000 250.0000 1.4701 1.5975 3.4081 2.8086 2.0816 21.5849 1.3920 0.9999
Car 0.0000 0.0000 0.0000 639.0000 185.0000 692.0000 222.0000 1.4547 1.6157 3.9557 2.3669 1.9578 31.1275 1.4849 0.9998
Car 0.0000 0.0000 0.0000 250.0000 189.0000 436.0000 256.0000 1.4842 1.6105 3.8999 -6.3623 1.8707 17.3858 0.0379 0.9996
Car 0.0000 0.0000 0.0000 983.0000 189.0000 1363.0000 338.0000 1.4476 1.5668 3.3990 6.7734 1.6540 9.0338 1.0181 0.9994
Car 0.0000 0.0000 0.0000 -725.0000 143.0000 153.0000 437.0000 1.7866 1.7429 4.4288 -6.1683 1.6293 5.3105 0.0279 0.9993
Car 0.0000 0.0000 0.0000 -30.0000 191.0000 291.0000 309.0000 1.5040 1.5697 3.5659 -6.6740 1.7702 10.2022 0.0443 0.9989
Car 0.0000 0.0000 0.0000 325.0000 184.0000 461.0000 236.0000 1.5074 1.5839 3.6803 -6.6127 1.8535 22.1224 0.1297 0.9980
Car 0.0000 0.0000 0.0000 353.0000 187.0000 472.0000 236.0000 1.5770 1.5907 3.5399 -6.6072 2.0255 24.2904 0.0906 0.9972
Car 0.0000 0.0000 0.0000 83.0000 189.0000 341.0000 286.0000 1.5229 1.5983 3.7030 -6.8609 1.8148 12.5535 0.1250 0.9967
Car 0.0000 0.0000 0.0000 625.0000 183.0000 647.0000 202.0000 1.4903 1.6735 4.0795 2.3071 2.3024 61.6620 1.5485 0.9952
Car 0.0000 0.0000 0.0000 440.0000 192.0000 525.0000 225.0000 1.4996 1.6356 4.0607 -6.1549 2.3767 34.8799 0.5839 0.9943
Car 0.0000 0.0000 0.0000 306.0000 191.0000 430.0000 252.0000 1.4641 1.5752 3.7567 -6.4894 1.9571 19.7698 -1.3787 0.9939
Car 0.0000 0.0000 0.0000 444.0000 177.0000 518.0000 209.0000 1.6809 1.6532 3.8110 -7.0465 1.8844 39.8708 0.0187 0.9934
Car 0.0000 0.0000 0.0000 442.0000 193.0000 494.0000 233.0000 1.5036 1.6339 3.6932 -5.8616 2.3295 30.2618 1.5132 0.9777
Car 0.0000 0.0000 0.0000 504.0000 184.0000 534.0000 208.0000 1.4414 1.6031 3.8483 -5.6880 2.0942 46.0929 1.5295 0.9761
