Car 0.0000 0.0000 0.0000 656.0000 177.0000 720.0000 224.0000 1.5970 1.6967 3.6923 2.8689 1.7356 27.0183 1.4825 0.9998
Car 0.0000 0.0000 0.0000 379.0000 195.0000 458.0000 247.0000 1.4546 1.6124 3.5655 -6.1441 2.2021 23.5161 1.5708 0.9998
Car 0.0000 0.0000 0.0000 423.0000 191.0000 485.0000 233.0000 1.4931 1.6479 3.8409 -6.1730 2.2343 28.9506 1.5675 0.9995
Car 0.0000 0.0000 0.0000 1037.0000 139.0000 1145.0000 182.0000 2.0429 1.8900 4.7448 24.4725 0.3757 36.7767 1.4530 0.9993
Car 0.0000 0.0000 0.0000 61.0000 205.0000 155.0000 245.0000 1.4391 1.5977 3.4089 -20.8313 2.7865 30.0760 1.5634 0.9991
Car 0.0000 0.0000 0.0000 13.0000 207.0000 105.0000 249.0000 1.5043 1.6954 4.0025 -23.6677 3.0196 31.1276 1.3270 0.9990
Car 0.0000 0.0000 0.0000 893.0000 154.0000 951.0000 174.0000 1.6507 1.7369 4.3780 27.6495 -0.0441 63.5966 0.0595 0.9989
Car 0.0000 0.0000 0.0000 1129.0000 144.0000 1240.0000 178.0000 1.6328 1.6762 4.0529 29.2062 0.1715 36.6364 0.3155 0.9987
Car 0.0000 0.0000 0.0000 465.0000 186.0000 511.0000 219.0000 1.5330 1.6915 4.1723 -6.2211 2.2001 37.4688 1.5617 0.9982
Car 0.0000 0.0000 0.0000 -909.0000 226.0000 -499.0000 317.0000 1.5123 1.6101 4.1081 -27.7342 2.7416 15.4043 -0.3974 0.9974
Car 0.0000 0.0000 0.0000 -47.0000 210.0000 64.0000 253.0000 1.5315 1.7470 4.0984 -26.0148 3.1999 31.3433 1.4668 0.9923
Car 0.0000 0.0000 0.0000 534.0000 182.0000 555.0000 198.0000 1.4786 1.6956 4.0543 -6.1845 2.2799 69.9023 1.5477 0.9878
Car 0.0000 0.0000 0.0000 1659.0000 117.0000 1908.0000 172.0000 1.5806 1.6284 3.9033 37.8123 -0.1098 23.3779 1.5453 0.9832
Car 0.0000 0.0000 0.0000 908.0000 163.0000 969.0000 184.0000 1.6938 1.7093 4.3533 28.0487 0.8362 61.2095 0.0233 0.9677
