Car 0.0000 0.0000 0.0000 709.0000 178.0000 869.0000 286.0000 1.4652 1.5707 3.3504 2.7068 1.5486 11.6584 1.5149 0.9999
Car 0.0000 0.0000 0.0000 670.0000 171.0000 776.0000 252.0000 1.6516 1.7033 3.7803 2.4792 1.6069 16.6870 1.5267 0.9998
Car 0.0000 0.0000 0.0000 405.0000 175.0000 482.0000 230.0000 1.6671 1.7042 3.7982 -5.4625 1.7313 24.0599 1.5673 0.9998
Car 0.0000 0.0000 0.0000 456.0000 177.0000 505.0000 215.0000 1.5173 1.5794 3.4237 -5.5226 1.6686 31.2343 1.5557 0.9997
Car 0.0000 0.0000 0.0000 651.0000 159.0000 731.0000 224.0000 1.8017 1.7494 4.2089 2.3821 1.4007 22.1119 1.5233 0.9997
Car 0.0000 0.0000 0.0000 -80.0000 196.0000 306.0000 373.0000 1.4564 1.6432 4.2003 -5.3530 1.7787 8.5066 1.5708 0.9994
Car 0.0000 0.0000 0.0000 528.0000 171.0000 555.0000 193.0000 1.5176 1.6578 3.7882 -4.9862 1.3465 53.8923 1.5708 0.9991
Car 0.0000 0.0000 0.0000 237.0000 191.0000 407.0000 284.0000 1.4296 1.5821 3.9895 -5.2110 1.7831 13.5659 1.5708 0.9987
Car 0.0000 0.0000 0.0000 348.0000 186.0000 447.0000 253.0000 1.5014 1.6200 3.8692 -5.3724 1.8297 18.6790 1.5144 0.9954
Car 0.0000 0.0000 0.0000 684.0000 157.0000 739.0000 181.0000 1.6421 1.6523 3.7084 7.2659 0.4705 50.7283 0.2455 0.9948
