Car 0.0000 0.0000 0.0000 488.0000 189.0000 532.0000 220.0000 1.4898 1.6537 3.8037 -5.2481 2.3471 38.4966 1.5708 0.9998
Car 0.0000 0.0000 0.0000 317.0000 191.0000 426.0000 256.0000 1.6011 1.7696 4.1215 -6.7026 2.1379 20.7376 1.5708 0.9997
Car 0.0000 0.0000 0.0000 602.0000 183.0000 672.0000 251.0000 1.5600 1.6337 3.5331 0.6247 1.8148 18.5848 1.5680 0.9997
Car 0.0000 0.0000 0.0000 423.0000 190.0000 475.0000 219.0000 1.5150 1.6991 4.1157 -9.4145 2.5310 42.7244 -1.4368 0.9995
Car 0.0000 0.0000 0.0000 757.0000 181.0000 912.0000 265.0000 1.5438 1.6407 3.9366 4.9173 1.7142 15.4746 -0.8240 0.9989
Car 0.0000 0.0000 0.0000 280.0000 197.0000 359.0000 244.0000 1.4347 1.5721 3.5575 -10.2721 2.3213 25.7094 1.5075 0.9989
Car 0.0000 0.0000 0.0000 121.0000 191.0000 229.0000 238.0000 1.4468 1.5793 3.3607 -14.8147 2.0695 24.7276 1.5708 0.9983
Car 0.0000 0.0000 0.0000 666.0000 185.0000 754.0000 220.0000 1.4680 1.6108 4.0452 4.6429 1.9714 32.7365 -0.6678 0.9961
Car 0.0000 0.0000 0.0000 -402.0000 209.0000 21.0000 351.0000 1.3969 1.5834 3.8370 -10.4252 1.9580 9.8448 1.5529 0.9952
Car 0.0000 0.0000 0.0000 692.0000 183.0000 782.0000 228.0000 1.5086 1.5955 3.4648 4.7193 1.8497 26.3263 -0.8280 0.9906
Car 0.0000 0.0000 0.0000 545.0000 186.0000 573.0000 207.0000 1.4780 1.6834 3.9031 -3.7538 2.4434 54.9614 1.5708 0.9840
