Car 0.0000 0.0000 0.0000 666.0000 183.0000 724.0000 227.0000 1.4436 1.5767 3.6561 3.0355 1.7951 26.1770 1.5502 0.9995
Car 0.0000 0.0000 0.0000 513.0000 180.0000 580.0000 232.0000 1.5079 1.6446 3.9176 -1.9034 1.7010 22.8160 1.5708 0.9994
Car 0.0000 0.0000 0.0000 737.0000 191.0000 978.0000 351.0000 1.4130 1.5575 3.5331 2.5904 1.6515 8.4562 1.5586 0.9994
Car 0.0000 0.0000 0.0000 694.0000 183.0000 756.0000 240.0000 1.4893 1.6106 3.8976 3.3061 1.7695 21.0475 -1.4438 0.9991
Car 0.0000 0.0000 0.0000 717.0000 185.0000 813.0000 266.0000 1.4257 1.5239 3.2949 3.0109 1.6636 14.5388 -1.4645 0.9988
Car 0.0000 0.0000 0.0000 -2790.0000 206.0000 -1190.0000 475.0000 1.5029 1.6687 4.2505 -21.5978 1.8773 6.6380 0.9351 0.9981
Car 0.0000 0.0000 0.0000 -1276.0000 189.0000 -745.0000 314.0000 1.5608 1.6533 3.7805 -24.7399 1.8210 11.2973 0.9695 0.9970
Car 0.0000 0.0000 0.0000 649.0000 183.0000 689.0000 214.0000 1.4861 1.5807 3.5016 3.0863 1.9792 37.5570 1.4986 0.9962
Car 0.0000 0.0000 0.0000 582.0000 177.0000 606.0000 201.0000 1.7004 1.6983 4.1029 -1.0432 1.9376 53.9087 1.5708 0.9953
Car 0.0000 0.0000 0.0000 -557307.0000 -1290.0000 16093.0000 57925.0000 1.5081 1.6584 3.8292 -18.5660 1.7656 1.2021 1.0117 0.9945
Car 0.0000 0.0000 0.0000 549.0000 181.0000 587.0000 216.0000 1.4846 1.6787 3.8380 -1.8699 1.8271 33.3699 1.5342 0.9938
Car 0.0000 0.0000 0.0000 674.0000 163.0000 740.0000 189.0000 1.7945 1.7578 4.5534 6.9324 1.0445 51.1895 0.0863 0.9922
Car 0.0000 0.0000 0.0000 -296.0000 194.0000 -193.0000 235.0000 1.5137 1.7032 4.0210 -35.6495 2.4090 30.1449 0.9917 0.9895
