Car 0.0000 0.0000 0.0000 693.0000 185.0000 811.0000 263.0000 1.5101 1.6703 4.2094 3.1202 1.7976 16.6458 1.5191 0.9999
Car 0.0000 0.0000 0.0000 2.0000 194.0000 345.0000 397.0000 1.6565 1.6807 3.6851 -4.4699 1.9197 8.0439 1.5436 0.9999
Car 0.0000 0.0000 0.0000 297.0000 189.0000 455.0000 297.0000 1.6556 1.7206 3.9648 -4.1782 1.9684 13.4628 1.5547 0.9999
Car 0.0000 0.0000 0.0000 729.0000 190.0000 932.0000 317.0000 1.4564 1.6164 3.8567 2.9600 1.7207 10.5920 1.5224 0.9998
Car 0.0000 0.0000 0.0000 -45654.0000 -24452.0000 226114.0000 91942.0000 1.5836 1.6452 3.7001 3.0024 1.6319 1.8283 1.5340 0.9995
Car 0.0000 0.0000 0.0000 627.0000 184.0000 659.0000 208.0000 1.4800 1.5804 3.6369 2.1346 2.1124 46.0764 1.4955 0.9978
Car 0.0000 0.0000 0.0000 539.0000 186.0000 559.0000 204.0000 1.5115 1.6686 4.0834 -5.2969 2.5755 63.4004 1.4740 0.9975
Car 0.0000 0.0000 0.0000 580.0000 190.0000 605.0000 208.0000 1.5083 1.5877 3.4362 -1.4435 2.9540 64.6371 1.3400 0.9966
Car 0.0000 0.0000 0.0000 -4170.0000 228.0000 48.0000 1883.0000 1.4664 1.6530 3.9151 -4.4548 1.8171 2.7777 1.4879 0.9963
Car 0.0000 0.0000 0.0000 509.0000 188.0000 536.0000 212.0000 1.4766 1.6652 4.1010 -5.7599 2.4510 48.5692 1.4847 0.9945
Car 0.0000 0.0000 0.0000 653.0000 183.0000 700.0000 222.0000 1.5715 1.6066 3.8823 2.9026 1.9818 31.7381 1.5530 0.9928
Car 0.0000 0.0000 0.0000 649.0000 145.0000 743.0000 228.0000 2.4959 2.0805 5.6778 2.8029 1.6461 24.6979 1.4939 0.9912
Car 0.0000 0.0000 0.0000 604.0000 183.0000 633.0000 204.0000 1.4897 1.5321 3.4077 0.7061 2.1378 52.6550 1.4035 0.9624
