Car 0.0000 0.0000 0.0000 570.0000 179.0000 637.0000 231.0000 1.5467 1.6931 3.4066 -0.2636 1.7169 23.5015 1.4189 0.9999
Car 0.0000 0.0000 0.0000 657.0000 176.0000 701.0000 207.0000 1.4709 1.6365 3.7082 3.4597 1.6069 36.3145 1.5126 0.9997
Car 0.0000 0.0000 0.0000 -225.0000 173.0000 61.0000 263.0000 1.6212 1.7514 4.4928 -14.3503 1.6364 15.3577 1.5708 0.9994
Car 0.0000 0.0000 0.0000 710.0000 108.0000 975.0000 321.0000 2.6963 2.0958 5.7119 3.3874 1.8764 12.0748 1.4740 0.9988
Car 0.0000 0.0000 0.0000 548.0000 176.0000 590.0000 199.0000 1.4730 1.6042 3.7380 -2.7386 1.6508 48.4923 1.1626 0.9986
Car 0.0000 0.0000 0.0000 334.0000 179.0000 476.0000 259.0000 1.5148 1.5950 3.6315 -4.5502 1.6412 15.6207 0.8660 0.9986
Car 0.0000 0.0000 0.0000 119.0000 148.0000 292.0000 237.0000 1.7457 1.7407 4.1016 -8.9095 1.2563 16.2803 1.5335 0.9979
Car 0.0000 0.0000 0.0000 132.0000 164.0000 372.0000 334.0000 1.6842 1.6095 3.5978 -4.5946 1.6029 8.9410 0.7919 0.9971
Car 0.0000 0.0000 0.0000 706.0000 186.0000 793.0000 249.0000 1.4965 1.5712 3.6489 3.6454 1.8428 19.4101 1.5589 0.9966
Car 0.0000 0.0000 0.0000 434.0000 169.0000 516.0000 215.0000 1.5962 1.6899 3.7785 -5.1213 1.4328 27.0964 0.9858 0.9965
Car 0.0000 0.0000 0.0000 55.0000 170.0000 170.0000 223.0000 1.4637 1.6253 3.8298 -15.0217 1.3748 21.9803 1.3394 0.9964
Car 0.0000 0.0000 0.0000 486.0000 170.0000 535.0000 208.0000 1.6275 1.6650 3.5146 -4.5885 1.4871 33.1393 1.2825 0.9961
Car 0.0000 0.0000 0.0000 636.0000 167.0000 666.0000 195.0000 2.1246 1.8883 4.7197 3.3004 1.6208 56.8297 1.5367 0.9959
Car 0.0000 0.0000 0.0000 365.0000 174.0000 453.0000 246.0000 1.6755 1.6093 3.6709 -5.1206 1.6932 18.7525 1.4736 0.9952
Car 0.0000 0.0000 0.0000 -133.0000 183.0000 190.0000 450.0000 1.5494 1.5899 3.6027 -5.0481 1.6402 6.0151 0.7440 0.9944
Car 0.0000 0.0000 0.0000 -828.0000 183.0000 -210.0000 336.0000 1.5733 1.6831 4.2221 -14.2766 1.7054 9.6501 1.5644 0.9904
Car 0.0000 0.0000 0.0000 440.0000 173.0000 460.0000 190.0000 1.5425 1.6225 3.7765 -14.8368 1.4869 67.3154 1.3168 0.9893
Car 0.0000 0.0000 0.0000 -1384.0000 196.0000 -184.0000 547.0000 1.5424 1.6513 3.6534 -8.6346 1.7553 5.2215 1.5474 0.9810
Car 0.0000 0.0000 0.0000 546.0000 167.0000 573.0000 186.0000 1.4459 1.5701 3.8186 -3.8653 0.9035 57.3063 -1.4711 0.9698
Car 0.0000 0.0000 0.0000 581.0000 175.0000 600.0000 190.0000 1.4969 1.6749 3.9767 -1.7380 1.5760 70.8063 1.5708 0.9644
