Car 0.0000 0.0000 0.0000 260.0000 180.0000 345.0000 227.0000 1.6174 1.6730 3.7744 -11.4529 1.8480 27.1277 1.5501 0.9999
Car 0.0000 0.0000 0.0000 667.0000 161.0000 737.0000 224.0000 2.0691 1.8743 4.5311 3.2603 1.6666 26.2529 1.5554 0.9999
Car 0.0000 0.0000 0.0000 598.0000 179.0000 679.0000 250.0000 1.4991 1.6440 3.5847 0.5649 1.6218 17.0709 1.5400 0.9998
Car 0.0000 0.0000 0.0000 372.0000 170.0000 426.0000 207.0000 1.9007 1.7713 4.3597 -11.5027 1.7404 39.7514 1.5619 0.9996
Car 0.0000 0.0000 0.0000 582.0000 181.0000 627.0000 224.0000 1.6137 1.7262 3.8539 -0.1747 1.8958 29.4080 1.5708 0.9980
Car 0.0000 0.0000 0.0000 361.0000 176.0000 392.0000 199.0000 1.4384 1.6082 3.5764 -15.0920 1.5794 46.9083 1.3386 0.9944
Car 0.0000 0.0000 0.0000 438.0000 178.0000 528.0000 221.0000 1.5683 1.5999 3.5488 -5.0170 1.7576 28.4011 0.7237 0.9930
Car 0.0000 0.0000 0.0000 549.0000 174.0000 575.0000 194.0000 1.4758 1.6390 3.9100 -3.5821 1.5157 56.0456 1.5708 0.9913
Car 0.0000 0.0000 0.0000 476.0000 176.0000 545.0000 211.0000 1.5658 1.6074 3.7078 -4.7310 1.6635 34.1670 0.9098 0.9885
Car 0.0000 0.0000 0.0000 658.0000 177.0000 699.0000 208.0000 1.5216 1.6267 3.7262 3.5391 1.6772 37.1993 1.5312 0.9874
Car 0.0000 0.0000 0.0000 515.0000 172.0000 559.0000 203.0000 1.7443 1.7275 3.9386 -4.2860 1.6621 42.4658 1.2574 0.9673
