Car 0.0000 0.0000 0.0000 669.0000 187.0000 793.0000 275.0000 1.4615 1.5917 3.6895 2.2122 1.7336 14.1447 1.5133 0.9999
Car 0.0000 0.0000 0.0000 208.0000 186.0000 286.0000 224.0000 1.4891 1.6151 3.7884 -15.6211 2.0525 31.2429 1.5276 0.9997
Car 0.0000 0.0000 0.0000 533.0000 178.0000 590.0000 220.0000 1.5383 1.6553 3.3760 -1.9311 1.7119 28.2545 1.3373 0.9997
Car 0.0000 0.0000 0.0000 -299.0000 195.0000 436.0000 667.0000 1.4873 1.6077 3.7772 -2.3250 1.6603 4.3123 1.5584 0.9995
Car 0.0000 0.0000 0.0000 -30.0000 190.0000 113.0000 252.0000 1.4771 1.6239 3.7290 -15.5487 1.9645 19.9115 1.3633 0.9995
Car 0.0000 0.0000 0.0000 638.0000 184.0000 709.0000 235.0000 1.4745 1.6385 4.2621 1.9799 1.8212 23.5654 1.4999 0.9994
Car 0.0000 0.0000 0.0000 307.0000 186.0000 430.0000 244.0000 1.4917 1.6487 4.0223 -7.0486 1.8664 20.8350 0.7453 0.9981
Car 0.0000 0.0000 0.0000 458.0000 176.0000 525.0000 209.0000 1.8081 1.6934 4.0260 -6.8063 1.9670 41.4997 0.7497 0.9979
Car 0.0000 0.0000 0.0000 46.0000 185.0000 268.0000 321.0000 1.5461 1.6668 4.0846 -6.6482 1.7229 10.3216 0.7423 0.9970
Car 0.0000 0.0000 0.0000 664.0000 184.0000 746.0000 249.0000 1.4824 1.5300 3.3403 2.3570 1.7542 18.5345 1.5336 0.9966
Car 0.0000 0.0000 0.0000 563.0000 176.0000 596.0000 207.0000 1.5324 1.6354 3.7581 -1.5045 1.6756 38.1588 1.5544 0.9965
Car 0.0000 0.0000 0.0000 431.0000 183.0000 499.0000 220.0000 1.4801 1.5976 3.5111 -6.2111 1.8570 30.7227 0.9832 0.9947
Car 0.0000 0.0000 0.0000 376.0000 178.0000 458.0000 228.0000 1.5245 1.6180 3.7770 -6.5649 1.6786 24.2704 1.0096 0.9926
Car 0.0000 0.0000 0.0000 -3982.0000 -1450.0000 1235.0000 1191.0000 2.3760 2.0091 5.2746 2.9890 1.5079 1.9682 1.5590 0.9919
Car 0.0000 0.0000 0.0000 521.0000 180.0000 546.0000 198.0000 1.5117 1.6310 4.0046 -6.5157 2.0297 62.2789 1.3420 0.9898
Car 0.0000 0.0000 0.0000 261.0000 189.0000 322.0000 220.0000 1.4282 1.6170 3.6564 -15.8633 2.2042 36.0933 1.5108 0.9877
Car 0.0000 0.0000 0.0000 410.0000 175.0000 438.0000 193.0000 1.4858 1.6229 3.8286 -16.0567 1.5755 62.7010 1.5232 0.9789
Car 0.0000 0.0000 0.0000 542.0000 179.0000 562.0000 196.0000 1.4680 1.5873 3.7715 -5.1325 1.9684 65.7549 1.5323 0.9614
