Car 0.0000 0.0000 0.0000 621.0000 174.0000 666.0000 204.0000 1.4690 1.5981 3.5311 1.7558 1.4710 37.3338 1.4116 0.9999
Car 0.0000 0.0000 0.0000 290.0000 153.0000 469.0000 226.0000 1.9534 1.7645 4.5759 -6.5178 1.4143 20.7111 0.0062 0.9997
Car 0.0000 0.0000 0.0000 732.0000 178.0000 839.0000 222.0000 1.4353 1.5575 3.3966 6.0433 1.5776 24.9895 0.9245 0.9996
Car 0.0000 0.0000 0.0000 204.0000 174.0000 386.0000 251.0000 1.6164 1.6021 3.3685 -6.9800 1.6358 16.1181 0.0383 0.9989
Car 0.0000 0.0000 0.0000 -102.0000 180.0000 262.0000 317.0000 1.5275 1.5534 3.4625 -6.4591 1.6268 8.9588 0.0545 0.9986
Car 0.0000 0.0000 0.0000 -359.0000 158.0000 228.0000 370.0000 1.7091 1.6500 4.0921 -6.0827 1.6048 6.7345 0.0574 0.9984
Car 0.0000 0.0000 0.0000 604.0000 174.0000 637.0000 198.0000 1.4635 1.6014 3.7474 0.7447 1.5007 46.8264 1.4478 0.9976
Car 0.0000 0.0000 0.0000 262.0000 179.0000 422.0000 242.0000 1.4997 1.5634 3.4411 -6.6896 1.6426 18.0812 0.1763 0.9944
Car 0.0000 0.0000 0.0000 398.0000 177.0000 498.0000 214.0000 1.5853 1.6487 4.1325 -7.2867 1.7420 32.7183 0.0778 0.9933
Car 0.0000 0.0000 0.0000 -1311.0000 126.0000 -77.0000 549.0000 1.8126 1.6728 3.8141 -6.5646 1.6285 3.9840 0.0021 0.9924
Car 0.0000 0.0000 0.0000 430.0000 174.0000 507.0000 205.0000 1.6284 1.6211 3.9265 -7.7453 1.6628 39.8724 0.0820 0.9874
Car 0.0000 0.0000 0.0000 662.0000 141.0000 755.0000 179.0000 1.6139 1.6555 4.0393 4.6003 0.1837 33.1462 0.2365 0.9772
Car 0.0000 0.0000 0.0000 469.0000 176.0000 531.0000 199.0000 1.5197 1.6331 4.0188 -7.5590 1.7029 50.2555 0.1085 0.9730
Car 0.0000 0.0000 0.0000 460.0000 168.0000 499.0000 195.0000 1.6072 1.6678 4.3191 -8.0197 1.2646 44.8372 1.5636 0.9684
Car 0.0000 0.0000 0.0000 474.0000 160.0000 530.0000 183.0000 1.6788 1.6634 3.9106 -8.1854 0.6269 55.2962 0.2816 0.9683
Car 0.0000 0.0000 0.0000 649.0000 160.0000 694.0000 178.0000 1.6028 1.6551 4.1915 6.0362 0.3370 69.0709 0.1094 0.9608
