Car 0.0000 0.0000 0.0000 355.0000 179.0000 426.0000 222.0000 1.5058 1.6690 4.0987 -8.3256 1.7100 27.7272 1.5251 0.9997
Car 0.0000 0.0000 0.0000 426.0000 175.0000 521.0000 247.0000 1.5768 1.7498 4.3483 -3.3050 1.6329 18.1737 1.5256 0.9997
Car 0.0000 0.0000 0.0000 559.0000 177.0000 610.0000 225.0000 1.5591 1.6563 3.5135 -0.8345 1.6889 25.6976 1.5708 0.9996
Car 0.0000 0.0000 0.0000 164.0000 176.0000 328.0000 259.0000 1.5748 1.6746 3.9261 -7.8028 1.6394 15.8505 1.5510 0.9996
Car 0.0000 0.0000 0.0000 317.0000 178.0000 375.0000 212.0000 1.5604 1.7363 3.6155 -12.8365 1.7631 35.3226 1.4966 0.9993
Car 0.0000 0.0000 0.0000 489.0000 175.0000 534.0000 210.0000 1.4489 1.6269 3.5895 -4.2116 1.4985 31.4764 1.5231 0.9991
Car 0.0000 0.0000 0.0000 -25928.0000 201.0000 200.0000 11624.0000 1.4891 1.6679 3.9332 -3.1182 1.6392 2.1097 1.5144 0.9969
Car 0.0000 0.0000 0.0000 519.0000 161.0000 548.0000 186.0000 1.4732 1.6157 3.7564 -4.6197 0.7314 44.3242 1.5115 0.9966
Car 0.0000 0.0000 0.0000 -238.0000 185.0000 40.0000 281.0000 1.4151 1.5704 3.5014 -12.2626 1.6328 12.7622 1.5428 0.9861
Car 0.0000 0.0000 0.0000 431.0000 175.0000 470.0000 205.0000 1.5729 1.6793 3.8196 -8.7966 1.6597 40.3242 1.4737 0.9844
Car 0.0000 0.0000 0.0000 -2382.0000 184.0000 -307.0000 741.0000 1.4933 1.5416 3.3767 -7.6515 1.5629 3.7217 1.4853 0.9842
Car 0.0000 0.0000 0.0000 154.0000 176.0000 245.0000 228.0000 1.4757 1.6219 3.9329 -12.8755 1.5707 22.8276 1.2918 0.9712
