Car 0.0000 0.0000 0.0000 340.0000 181.0000 499.0000 286.0000 1.5176 1.7194 4.4036 -3.1741 1.6595 12.8429 1.5610 0.9998
Car 0.0000 0.0000 0.0000 487.0000 179.0000 547.0000 225.0000 1.4950 1.7190 4.1193 -3.2054 1.6740 25.6342 1.5357 0.9996
Car 0.0000 0.0000 0.0000 567.0000 175.0000 624.0000 229.0000 1.5614 1.6677 3.6821 -0.4901 1.6201 23.0634 1.5347 0.9993
Car 0.0000 0.0000 0.0000 -359.0000 192.0000 391.0000 595.0000 1.5102 1.7066 4.3293 -3.0677 1.6797 5.0267 1.5628 0.9993
Car 0.0000 0.0000 0.0000 53.0000 172.0000 282.0000 269.0000 1.4558 1.6390 3.8972 -7.6021 1.4419 12.8363 1.5708 0.9992
Car 0.0000 0.0000 0.0000 295.0000 180.0000 346.0000 216.0000 1.4803 1.6643 3.8515 -12.6254 1.7564 31.6354 1.2922 0.9987
Car 0.0000 0.0000 0.0000 536.0000 165.0000 559.0000 186.0000 1.4614 1.6227 3.7797 -4.4681 0.8790 52.4733 1.4813 0.9951
Car 0.0000 0.0000 0.0000 334.0000 176.0000 417.0000 226.0000 1.5544 1.6474 3.7489 -7.8567 1.6430 24.5127 1.5607 0.9940
Car 0.0000 0.0000 0.0000 473.0000 177.0000 502.0000 199.0000 1.5185 1.6780 3.7097 -8.6466 1.7150 51.4675 1.5073 0.9902
Car 0.0000 0.0000 0.0000 431.0000 173.0000 477.0000 202.0000 1.4489 1.6238 3.5702 -8.0794 1.4126 37.8587 1.5708 0.9851
Car 0.0000 0.0000 0.0000 535.0000 182.0000 574.0000 212.0000 1.4847 1.5960 3.7134 -2.8546 1.9275 38.3335 1.5708 0.9746
Car 0.0000 0.0000 0.0000 131.0000 188.0000 258.0000 244.0000 1.4721 1.5624 3.6966 -12.2274 1.9211 21.4679 1.5708 0.9718
