Car 0.0000 0.0000 0.0000 101.0000 175.0000 239.0000 245.0000 1.8677 1.7561 4.2146 -12.9864 1.9252 21.5907 1.5076 0.9998
Car 0.0000 0.0000 0.0000 406.0000 171.0000 454.0000 210.0000 1.4590 1.6026 3.6067 -7.1032 1.3553 28.7219 1.3932 0.9998
Car 0.0000 0.0000 0.0000 1024.0000 100.0000 2236.0000 797.0000 1.7604 1.7067 4.2019 3.8356 1.5915 4.0704 -1.2781 0.9997
Car 0.0000 0.0000 0.0000 738.0000 166.0000 820.0000 215.0000 1.5617 1.6491 3.8637 5.8098 1.3226 25.0616 1.4882 0.9994
Car 0.0000 0.0000 0.0000 587.0000 159.0000 619.0000 186.0000 1.8612 1.8709 4.6164 -0.4646 0.8416 51.1372 1.4691 0.9993
Car 0.0000 0.0000 0.0000 491.0000 159.0000 553.0000 227.0000 1.9258 1.7550 4.0444 -2.8007 1.5092 22.6650 1.4277 0.9991
Car 0.0000 0.0000 0.0000 535.0000 163.0000 576.0000 192.0000 1.4936 1.6399 3.6704 -3.0374 0.9458 40.3014 1.3309 0.9990
Car 0.0000 0.0000 0.0000 231.0000 184.0000 334.0000 239.0000 1.4289 1.6877 4.3457 -9.7692 1.7684 21.8589 1.4306 0.9988
Car 0.0000 0.0000 0.0000 -123.0000 193.0000 47.0000 251.0000 1.4310 1.6957 4.0380 -18.6197 2.0290 20.9417 1.4435 0.9986
Car 0.0000 0.0000 0.0000 675.0000 170.0000 758.0000 218.0000 1.4722 1.6055 3.9919 3.5245 1.3615 24.4124 1.4010 0.9971
Car 0.0000 0.0000 0.0000 855.0000 135.0000 1098.0000 231.0000 2.2971 1.7955 5.5518 9.3796 1.3500 18.5505 -0.1498 0.9940
Car 0.0000 0.0000 0.0000 -289.0000 195.0000 -111.0000 256.0000 1.5094 1.6379 3.5536 -23.3145 2.1708 20.9014 1.3680 0.9797
