Car 0.0000 0.0000 0.0000 197.0000 202.0000 423.0000 344.0000 1.4288 1.5862 3.4121 -3.7484 1.8636 9.5579 1.5672 0.9999
Car 0.0000 0.0000 0.0000 657.0000 183.0000 719.0000 230.0000 1.4533 1.6043 3.9169 2.6628 1.7907 25.0925 1.5376 0.9997
Car 0.0000 0.0000 0.0000 843.0000 168.0000 1039.0000 236.0000 1.5877 1.6539 4.1190 8.1509 1.4656 17.9975 0.0381 0.9997
Car 0.0000 0.0000 0.0000 421.0000 192.0000 482.0000 232.0000 1.4779 1.6584 3.8392 -6.3571 2.2374 29.3948 1.5694 0.9992
Car 0.0000 0.0000 0.0000 -8023.0000 215.0000 207.0000 3737.0000 1.4916 1.7280 4.4032 -3.5204 1.7566 2.5851 1.5297 0.9991
Car 0.0000 0.0000 0.0000 1119.0000 146.0000 1264.0000 194.0000 1.7058 1.7025 3.9944 21.7648 0.7048 27.0035 0.0356 0.9988
Car 0.0000 0.0000 0.0000 312.0000 195.0000 412.0000 259.0000 1.4230 1.5352 3.3210 -6.2968 2.0138 18.6029 1.5284 0.9987
Car 0.0000 0.0000 0.0000 759.0000 172.0000 881.0000 218.0000 1.6458 1.6537 4.1200 7.9432 1.5896 27.3140 0.6050 0.9987
Car 0.0000 0.0000 0.0000 475.0000 190.0000 517.0000 218.0000 1.4650 1.6557 3.9772 -6.3454 2.3979 40.7242 1.5708 0.9986
Car 0.0000 0.0000 0.0000 810.0000 162.0000 986.0000 228.0000 1.7510 1.7203 4.4499 8.3667 1.4639 21.0919 0.6492 0.9984
Car 0.0000 0.0000 0.0000 1051.0000 158.0000 1100.0000 193.0000 1.5835 1.5938 3.9052 21.9852 0.8654 33.8602 -0.9111 0.9940
Car 0.0000 0.0000 0.0000 1094.0000 162.0000 1168.0000 201.0000 1.5226 1.5650 3.7306 22.0909 1.0682 30.6142 -1.2213 0.9933
Car 0.0000 0.0000 0.0000 727.0000 176.0000 761.0000 196.0000 1.4877 1.6015 3.7203 10.1529 1.6182 54.0987 1.5047 0.9889
Car 0.0000 0.0000 0.0000 395.0000 196.0000 465.0000 245.0000 1.5202 1.6453 4.1881 -6.4092 2.3625 26.0825 1.5317 0.9851
Car 0.0000 0.0000 0.0000 968.0000 160.0000 1043.0000 191.0000 1.5679 1.6695 3.9907 20.9530 0.8696 38.2441 1.5375 0.9843
Car 0.0000 0.0000 0.0000 528.0000 187.0000 552.0000 204.0000 1.4988 1.6350 3.9139 -6.1320 2.6483 64.6016 1.5708 0.9703
