Car 0.0000 0.0000 0.0000 694.0000 175.0000 831.0000 275.0000 1.6196 1.6333 3.6549 2.7328 1.6667 13.7369 1.5160 0.9999
Car 0.0000 0.0000 0.0000 654.0000 181.0000 710.0000 223.0000 1.4949 1.5933 3.5958 2.6982 1.7647 27.4449 1.5220 0.9998
Car 0.0000 0.0000 0.0000 812.0000 191.0000 1695.0000 675.0000 1.5245 1.6518 4.2050 2.7506 1.6749 4.5317 1.5240 0.9997
Car 0.0000 0.0000 0.0000 241.0000 159.0000 416.0000 232.0000 1.6681 1.5951 3.5900 -6.7196 1.3459 17.3291 0.1238 0.9996
Car 0.0000 0.0000 0.0000 370.0000 172.0000 500.0000 224.0000 1.7065 1.6636 4.1061 -6.0276 1.6819 25.0932 0.0259 0.9996
Car 0.0000 0.0000 0.0000 185.0000 176.0000 413.0000 263.0000 1.6637 1.6509 4.0133 -6.3489 1.7336 14.9351 0.0530 0.9995
Car 0.0000 0.0000 0.0000 97.0000 164.0000 392.0000 279.0000 1.8106 1.6959 4.2026 -6.1290 1.6766 12.3217 0.0461 0.9993
Car 0.0000 0.0000 0.0000 350.0000 180.0000 485.0000 233.0000 1.5881 1.6205 3.8012 -5.9934 1.7902 22.6953 0.0452 0.9989
Car 0.0000 0.0000 0.0000 454.0000 155.0000 531.0000 185.0000 1.7447 1.7536 4.3579 -7.1065 0.6462 44.2410 0.0233 0.9987
Car 0.0000 0.0000 0.0000 628.0000 176.0000 649.0000 194.0000 1.4626 1.6286 3.8910 2.5135 1.6210 61.1729 1.5708 0.9942
Car 0.0000 0.0000 0.0000 701.0000 173.0000 802.0000 214.0000 1.7400 1.7077 4.2863 6.3879 1.7437 32.5489 0.0745 0.9936
Car 0.0000 0.0000 0.0000 665.0000 167.0000 727.0000 192.0000 1.6008 1.6605 4.0022 5.7811 1.1474 48.0699 0.0568 0.9936
Car 0.0000 0.0000 0.0000 281.0000 176.0000 429.0000 234.0000 1.5418 1.5699 3.5673 -7.0192 1.6078 19.9620 0.1876 0.9934
Car 0.0000 0.0000 0.0000 407.0000 175.0000 509.0000 217.0000 1.6172 1.6283 3.7957 -6.1833 1.6943 29.6964 0.0397 0.9925
Car 0.0000 0.0000 0.0000 388.0000 173.0000 499.0000 223.0000 1.8109 1.6614 3.8161 -6.3110 1.8095 27.5829 0.0805 0.9915
Car 0.0000 0.0000 0.0000 412.0000 175.0000 502.0000 212.0000 1.5985 1.5879 3.6707 -6.7967 1.6753 32.3278 0.1120 0.9814
Car 0.0000 0.0000 0.0000 479.0000 169.0000 515.0000 202.0000 1.5160 1.6452 4.1084 -5.5438 1.3208 36.0803 1.4506 0.9651
