Car 0.0000 0.0000 0.0000 855.0000 178.0000 956.0000 246.0000 1.4951 1.5684 3.3299 7.0648 1.5993 17.5004 -1.3913 0.9999
Car 0.0000 0.0000 0.0000 1021.0000 188.0000 1516.0000 436.0000 1.4482 1.5654 3.2888 4.9476 1.5995 6.1022 -1.3917 0.9999
Car 0.0000 0.0000 0.0000 452.0000 180.0000 601.0000 281.0000 1.5769 1.6187 3.8113 -1.3867 1.6980 13.3247 -1.3632 0.9998
Car 0.0000 0.0000 0.0000 615.0000 173.0000 683.0000 221.0000 1.5284 1.6411 3.8220 1.4361 1.5101 24.9457 -1.3247 0.9997
Car 0.0000 0.0000 0.0000 644.0000 172.0000 698.0000 213.0000 1.6152 1.6107 3.6702 2.6763 1.5652 30.3697 -1.3043 0.9990
Car 0.0000 0.0000 0.0000 843.0000 176.0000 916.0000 230.0000 1.5498 1.5943 3.4771 8.3548 1.6224 22.5014 -1.3632 0.9988
Car 0.0000 0.0000 0.0000 675.0000 171.0000 714.0000 203.0000 1.5650 1.5955 3.6644 4.4902 1.4350 37.4324 -1.3281 0.9971
Car 0.0000 0.0000 0.0000 709.0000 172.0000 745.0000 198.0000 1.4858 1.5682 3.5982 7.1829 1.4018 44.0628 1.5632 0.9931
Car 0.0000 0.0000 0.0000 795.0000 172.0000 830.0000 195.0000 1.5690 1.6665 3.8735 15.0267 1.4631 52.9097 -1.0778 0.9892
Car 0.0000 0.0000 0.0000 820.0000 170.0000 880.0000 213.0000 1.6106 1.6418 3.8089 9.7756 1.4960 29.4748 -1.4390 0.9851
Car 0.0000 0.0000 0.0000 -342.0000 180.0000 -155.0000 235.0000 1.5134 1.5421 3.3217 -25.9056 1.7157 21.8456 -1.2905 0.9802
Car 0.0000 0.0000 0.0000 -2854.0000 175.0000 42.0000 1045.0000 1.6004 1.6810 4.2192 -5.3451 1.6236 3.2884 -0.6549 0.9775
