Car 0.0000 0.0000 0.0000 281.0000 190.0000 364.0000 236.0000 1.6480 1.7420 3.9721 -11.3458 2.3172 28.7504 1.5672 0.9999
Car 0.0000 0.0000 0.0000 692.0000 174.0000 791.0000 259.0000 1.9945 1.8769 4.5015 3.3529 2.0121 19.1163 1.5708 0.9997
Car 0.0000 0.0000 0.0000 588.0000 191.0000 665.0000 263.0000 1.5172 1.6577 3.5459 0.3060 1.9686 17.6507 1.5325 0.9996
Car 0.0000 0.0000 0.0000 663.0000 190.0000 699.0000 223.0000 1.5191 1.6579 4.3038 3.6968 2.3936 37.4742 1.5708 0.9994
Car 0.0000 0.0000 0.0000 671.0000 192.0000 721.0000 231.0000 1.4560 1.5761 3.7157 3.5538 2.2359 29.9862 1.5565 0.9992
Car 0.0000 0.0000 0.0000 123.0000 197.0000 262.0000 262.0000 1.5205 1.7080 3.8345 -11.4256 2.2085 20.0295 1.5541 0.9992
Car 0.0000 0.0000 0.0000 582.0000 188.0000 624.0000 228.0000 1.4805 1.6177 3.7255 -0.2914 2.1159 30.2410 1.5505 0.9986
Car 0.0000 0.0000 0.0000 384.0000 191.0000 502.0000 250.0000 1.5428 1.6420 3.7907 -4.9703 2.0641 21.1694 0.8069 0.9965
Car 0.0000 0.0000 0.0000 541.0000 187.0000 570.0000 211.0000 1.4958 1.6087 3.9314 -3.5797 2.4201 48.9190 1.5708 0.9948
Car 0.0000 0.0000 0.0000 972.0000 180.0000 999.0000 201.0000 1.4863 1.6480 3.7756 27.8624 1.9482 53.3208 -1.1144 0.9895
Car 0.0000 0.0000 0.0000 743.0000 172.0000 801.0000 195.0000 1.9859 1.7627 4.9191 15.0081 1.8411 66.2973 -0.0558 0.9884
Car 0.0000 0.0000 0.0000 506.0000 189.0000 551.0000 223.0000 1.5196 1.6351 3.6718 -3.9880 2.2789 35.2464 1.3009 0.9866
Car 0.0000 0.0000 0.0000 720.0000 146.0000 768.0000 175.0000 1.6292 1.6740 3.9411 7.9130 0.0482 42.4423 1.4668 0.9863
Car 0.0000 0.0000 0.0000 777.0000 187.0000 803.0000 209.0000 1.4627 1.5740 3.7109 13.0965 2.4140 51.9872 -1.2641 0.9802
Car 0.0000 0.0000 0.0000 336.0000 189.0000 384.0000 218.0000 1.5244 1.6364 3.9919 -14.6787 2.4723 42.6134 1.5185 0.9762
Car 0.0000 0.0000 0.0000 439.0000 189.0000 528.0000 235.0000 1.4343 1.7088 4.2327 -4.3452 1.9977 25.5008 -1.3877 0.9740
Car 0.0000 0.0000 0.0000 599.0000 179.0000 622.0000 197.0000 1.4871 1.6762 4.1347 0.1303 1.8909 61.0386 1.5024 0.9721
Car 0.0000 0.0000 0.0000 393.0000 191.0000 424.0000 213.0000 1.4899 1.6436 3.9015 -14.4444 2.7310 52.1219 1.4475 0.9694
Car 0.0000 0.0000 0.0000 444.0000 176.0000 490.0000 203.0000 1.5650 1.7115 4.4399 -8.6756 1.7160 44.3436 1.5708 0.9646
