Car 0.0000 0.0000 0.0000 728.0000 187.0000 826.0000 252.0000 1.4998 1.5908 3.4842 4.2706 1.8566 18.8841 1.5306 0.9999
Car 0.0000 0.0000 0.0000 762.0000 191.0000 927.0000 290.0000 1.4510 1.6097 4.0387 4.0548 1.8113 13.1967 1.5468 0.9998
Car 0.0000 0.0000 0.0000 829.0000 121.0000 1370.0000 445.0000 2.0875 1.8661 4.9322 3.9313 1.7667 7.1610 1.5337 0.9997
Car 0.0000 0.0000 0.0000 711.0000 187.0000 779.0000 236.0000 1.4710 1.5892 3.7958 4.4319 1.9152 24.0156 1.5708 0.9996
Car 0.0000 0.0000 0.0000 570.0000 186.0000 601.0000 207.0000 1.5003 1.7224 3.9138 -1.7636 2.4824 56.4431 -1.4233 0.9994
Car 0.0000 0.0000 0.0000 484.0000 191.0000 546.0000 232.0000 1.4994 1.6803 3.9283 -3.7613 2.2238 29.3504 1.5708 0.9993
Car 0.0000 0.0000 0.0000 704.0000 185.0000 752.0000 225.0000 1.4668 1.5778 3.6394 4.8064 1.9523 29.4954 1.5708 0.9988
Car 0.0000 0.0000 0.0000 888.0000 179.0000 919.0000 201.0000 1.4856 1.6166 3.7757 20.4467 1.8279 50.0238 -1.2890 0.9933
Car 0.0000 0.0000 0.0000 -5005.0000 228.0000 37.0000 2112.0000 1.4817 1.7116 3.9885 -4.5813 1.8290 2.7085 1.5194 0.9930
Car 0.0000 0.0000 0.0000 514.0000 189.0000 561.0000 224.0000 1.5124 1.6420 3.8322 -3.4087 2.2800 34.9534 1.5708 0.9855
Car 0.0000 0.0000 0.0000 682.0000 185.0000 727.0000 219.0000 1.4986 1.5846 3.7422 4.5727 2.0474 34.8017 1.5544 0.9761
Car 0.0000 0.0000 0.0000 435.0000 168.0000 463.0000 188.0000 1.6490 1.6596 3.8540 -13.6175 1.1534 61.5210 1.5218 0.9740
