Car 0.0000 0.0000 0.0000 686.0000 187.0000 776.0000 250.0000 1.4527 1.6148 3.9672 3.1174 1.8272 19.2774 1.5380 0.9998
Car 0.0000 0.0000 0.0000 667.0000 183.0000 734.0000 230.0000 1.4467 1.6262 4.1522 3.0722 1.7866 25.0582 1.5298 0.9998
Car 0.0000 0.0000 0.0000 478.0000 189.0000 524.0000 223.0000 1.4892 1.6478 3.8081 -5.1802 2.2587 34.9035 1.5708 0.9998
Car 0.0000 0.0000 0.0000 963.0000 219.0000 2325.0000 893.0000 1.5027 1.6082 3.8072 3.6246 1.8555 3.7802 1.5327 0.9997
Car 0.0000 0.0000 0.0000 -731.0000 233.0000 175.0000 661.0000 1.4600 1.6363 3.7002 -4.8399 2.0104 4.8441 1.5251 0.9997
Car 0.0000 0.0000 0.0000 655.0000 180.0000 681.0000 201.0000 1.4923 1.6484 4.0714 4.3803 1.9187 53.5257 1.5708 0.9981
Car 0.0000 0.0000 0.0000 -162.0000 199.0000 -40.0000 244.0000 1.4886 1.6148 3.9577 -25.7846 2.4292 26.0935 0.3568 0.9980
Car 0.0000 0.0000 0.0000 502.0000 186.0000 539.0000 216.0000 1.5271 1.6160 3.7229 -4.8485 2.2324 40.0839 1.5652 0.9980
Car 0.0000 0.0000 0.0000 976.0000 176.0000 1158.0000 243.0000 1.5234 1.5884 3.6528 11.4518 1.5987 18.1693 0.7275 0.9969
Car 0.0000 0.0000 0.0000 864.0000 176.0000 1003.0000 224.0000 1.5173 1.6444 3.9997 11.0054 1.6078 24.5525 0.7040 0.9894
Car 0.0000 0.0000 0.0000 1643.0000 173.0000 2448.0000 423.0000 1.5652 1.6860 4.0709 12.0036 1.5690 6.6239 -0.9182 0.9858
Car 0.0000 0.0000 0.0000 270.0000 189.0000 363.0000 218.0000 1.5019 1.6692 4.3827 -15.8893 2.3344 39.2148 0.0476 0.9702
Car 0.0000 0.0000 0.0000 933.0000 161.0000 1012.0000 190.0000 1.8580 1.6990 4.5834 24.1119 1.0302 47.7261 -0.2343 0.9700
Car 0.0000 0.0000 0.0000 224.0000 194.0000 261.0000 215.0000 1.5474 1.7925 4.0570 -30.0903 3.2706 59.3247 1.3444 0.9687
Car 0.0000 0.0000 0.0000 -732.0000 197.0000 -194.0000 335.0000 1.4569 1.5893 3.9206 -14.5267 1.8296 10.1486 -1.3661 0.9681
Car 0.0000 0.0000 0.0000 933.0000 166.0000 986.0000 196.0000 1.4679 1.5886 3.7297 18.4357 1.0858 37.9867 -1.3734 0.9606
