Car 0.0000 0.0000 0.0000 211.0000 202.0000 279.0000 235.0000 1.4633 1.6526 3.6749 -18.4843 2.9676 36.7541 1.5595 0.9998
Car 0.0000 0.0000 0.0000 392.0000 191.0000 440.0000 220.0000 1.6587 1.8557 4.4138 -12.0445 2.7831 45.2920 1.5654 0.9997
Car 0.0000 0.0000 0.0000 288.0000 196.0000 354.0000 229.0000 1.5489 1.8041 4.4110 -15.3173 2.7832 38.5117 1.5567 0.9997
Car 0.0000 0.0000 0.0000 571.0000 182.0000 680.0000 287.0000 1.5503 1.6246 3.4561 0.2138 1.7027 12.5636 1.5708 0.9996
Car 0.0000 0.0000 0.0000 -11262.0000 -3894.0000 9240.0000 4739.0000 1.5288 1.6282 3.8190 4.6081 1.7087 1.7712 -1.2138 0.9987
Car 0.0000 0.0000 0.0000 990.0000 187.0000 1155.0000 237.0000 1.5809 1.6958 4.3580 15.4722 2.0494 24.2247 0.0837 0.9987
Car 0.0000 0.0000 0.0000 1203.0000 182.0000 1371.0000 230.0000 1.5371 1.6283 3.8136 22.5118 1.8122 24.0380 0.1632 0.9969
Car 0.0000 0.0000 0.0000 1582.0000 184.0000 1813.0000 238.0000 1.5713 1.6238 4.0036 33.9444 1.9160 22.5744 0.1966 0.9742
Car 0.0000 0.0000 0.0000 379.0000 191.0000 410.0000 213.0000 1.4597 1.6325 4.0101 -15.6321 2.7387 52.6602 1.4163 0.9719
Car 0.0000 0.0000 0.0000 1185.0000 159.0000 1233.0000 183.0000 1.5153 1.6164 3.6359 39.7156 0.5470 47.6949 -1.1145 0.9695
Car 0.0000 0.0000 0.0000 -84.0000 227.0000 18.0000 268.0000 1.5105 1.7082 3.6585 -29.1254 4.0420 32.7686 1.4699 0.9640
Car 0.0000 0.0000 0.0000 -1080.0000 244.0000 -664.0000 353.0000 1.5248 1.7476 3.7818 -29.4400 3.1254 14.5689 1.1019 0.9606
