Car 0.0000 0.0000 0.0000 154.0000 197.0000 447.0000 393.0000 1.4375 1.6007 3.7566 -2.9038 1.7309 7.5731 1.5300 0.9998
Car 0.0000 0.0000 0.0000 681.0000 182.0000 788.0000 259.0000 1.4999 1.6231 3.8875 2.7016 1.7099 16.4724 1.5345 0.9998
Car 0.0000 0.0000 0.0000 642.0000 179.0000 691.0000 215.0000 1.4871 1.6460 4.2525 2.4835 1.7059 31.9510 1.5353 0.9996
Car 0.0000 0.0000 0.0000 664.0000 181.0000 739.0000 237.0000 1.4887 1.5976 3.7803 2.6420 1.7207 21.4451 1.5373 0.9993
Car 0.0000 0.0000 0.0000 321.0000 191.0000 410.0000 222.0000 1.4632 1.6367 4.1568 -12.3791 2.3526 36.5721 0.3713 0.9989
Car 0.0000 0.0000 0.0000 912.0000 185.0000 3926.0000 1766.0000 1.5289 1.5902 3.7260 2.7206 1.5901 2.6133 1.5202 0.9987
Car 0.0000 0.0000 0.0000 591.0000 179.0000 619.0000 201.0000 1.4523 1.6835 3.8550 -0.3029 1.7829 49.4368 1.5097 0.9977
Car 0.0000 0.0000 0.0000 766.0000 174.0000 1116.0000 395.0000 1.5525 1.5108 3.0672 2.7254 1.5700 6.7306 1.4146 0.9960
Car 0.0000 0.0000 0.0000 199.0000 188.0000 300.0000 219.0000 1.5080 1.6599 4.3100 -18.1671 2.2331 36.4274 0.0505 0.9904
Car 0.0000 0.0000 0.0000 633.0000 178.0000 657.0000 200.0000 1.4425 1.5763 3.7269 2.4995 1.7177 49.9924 1.5708 0.9868
