Car 0.0000 0.0000 0.0000 768.0000 182.0000 918.0000 302.0000 1.4897 1.5838 3.2415 3.2943 1.6289 10.7811 -1.4279 0.9999
Car 0.0000 0.0000 0.0000 72.0000 204.0000 431.0000 429.0000 1.4017 1.5492 3.6388 -2.9409 1.7498 6.7406 1.5708 0.9999
Car 0.0000 0.0000 0.0000 356.0000 188.0000 515.0000 305.0000 1.4957 1.6640 3.9606 -2.6174 1.7550 11.6284 1.5557 0.9998
Car 0.0000 0.0000 0.0000 473.0000 180.0000 544.0000 238.0000 1.5904 1.5879 3.4768 -2.9510 1.7685 21.6241 1.5708 0.9997
Car 0.0000 0.0000 0.0000 751.0000 163.0000 854.0000 203.0000 1.5946 1.6330 4.0662 8.2092 1.1834 30.5126 0.3624 0.9991
Car 0.0000 0.0000 0.0000 971.0000 163.0000 1075.0000 201.0000 1.6389 1.6228 4.2150 18.7154 1.1468 32.5765 -0.2909 0.9989
Car 0.0000 0.0000 0.0000 1055.0000 165.0000 1178.0000 214.0000 1.4812 1.5580 3.7506 16.4713 1.2022 23.3806 -0.4264 0.9982
Car 0.0000 0.0000 0.0000 1353.0000 116.0000 3119.0000 575.0000 1.5823 1.6561 4.0631 6.6694 1.4090 3.5485 0.1245 0.9969
Car 0.0000 0.0000 0.0000 511.0000 183.0000 565.0000 227.0000 1.4760 1.6372 3.8379 -2.7239 1.8154 26.7299 1.3768 0.9945
Car 0.0000 0.0000 0.0000 592.0000 167.0000 655.0000 189.0000 1.5909 1.6524 4.4538 1.0982 1.0945 54.5730 -0.3005 0.9911
Car 0.0000 0.0000 0.0000 -628.0000 -851.0000 3054.0000 698.0000 1.5246 1.5871 3.6317 -3.3836 1.7334 0.6020 1.5575 0.9821
Car 0.0000 0.0000 0.0000 821.0000 175.0000 931.0000 240.0000 1.5412 1.5699 3.4838 7.1479 1.5910 19.1493 -0.8484 0.9677
