Car 0.0000 0.0000 0.0000 407.0000 165.0000 464.0000 195.0000 1.5628 1.6928 4.0429 -9.4536 1.1046 39.0587 0.9766 0.9996
Car 0.0000 0.0000 0.0000 513.0000 164.0000 566.0000 191.0000 1.5251 1.6881 3.8001 -4.1075 0.9796 42.0735 1.0727 0.9978
Car 0.0000 0.0000 0.0000 457.0000 163.0000 508.0000 193.0000 1.6549 1.7403 4.0743 -7.3361 1.0580 41.4522 1.0955 0.9969
Car 0.0000 0.0000 0.0000 722.0000 161.0000 777.0000 185.0000 1.6373 1.6027 3.5911 9.8339 0.7758 50.3987 0.8558 0.9939
Car 0.0000 0.0000 0.0000 656.0000 161.0000 713.0000 190.0000 1.7716 1.7322 3.8929 4.8139 0.9651 46.1142 1.0912 0.9914
Car 0.0000 0.0000 0.0000 -1347.0000 183.0000 -712.0000 320.0000 1.7724 1.6303 3.8752 -25.5199 1.9447 11.5827 -0.9712 0.9894
Car 0.0000 0.0000 0.0000 614.0000 165.0000 671.0000 191.0000 1.6185 1.6630 4.3613 2.1266 1.1063 47.1023 1.0626 0.9868
Car 0.0000 0.0000 0.0000 798.0000 166.0000 860.0000 187.0000 1.5148 1.6565 4.1863 16.7731 0.9314 54.8230 -0.1238 0.9774
Car 0.0000 0.0000 0.0000 874.0000 165.0000 938.0000 184.0000 1.5371 1.6937 4.5048 24.1994 0.8129 58.5793 -0.0677 0.9771
Car 0.0000 0.0000 0.0000 896.0000 166.0000 953.0000 186.0000 1.6217 1.6628 4.0440 26.7128 0.9911 60.9358 0.6939 0.9690
