Car 0.0000 0.0000 0.0000 412.0000 178.0000 458.0000 208.0000 1.6195 1.6844 3.9973 -9.7717 1.8315 40.7443 1.5485 0.9998
Car 0.0000 0.0000 0.0000 113.0000 190.0000 269.0000 257.0000 1.4458 1.6059 4.1084 -10.3877 1.8756 18.2011 1.5551 0.9997
Car 0.0000 0.0000 0.0000 370.0000 181.0000 433.0000 216.0000 1.5047 1.7014 4.2070 -9.8163 1.8637 34.3063 1.5708 0.9995
Car 0.0000 0.0000 0.0000 462.0000 177.0000 499.0000 200.0000 1.5033 1.7233 4.0761 -9.0483 1.7426 51.0778 1.5708 0.9995
Car 0.0000 0.0000 0.0000 580.0000 180.0000 728.0000 322.0000 1.5311 1.6121 3.4424 0.4029 1.6243 9.6124 1.5368 0.9994
Car 0.0000 0.0000 0.0000 255.0000 172.0000 327.0000 206.0000 1.4553 1.5948 3.7859 -14.6212 1.3954 33.2782 1.5708 0.9992
Car 0.0000 0.0000 0.0000 -2760.0000 205.0000 -1495.0000 414.0000 1.5555 1.7137 3.9750 -27.9848 1.9596 7.8057 0.7872 0.9988
Car 0.0000 0.0000 0.0000 -298.0000 187.0000 80.0000 323.0000 1.6599 1.7448 4.1919 -10.6699 1.8925 11.2001 1.5600 0.9983
Car 0.0000 0.0000 0.0000 707.0000 171.0000 815.0000 225.0000 1.5997 1.6414 3.9221 5.0274 1.5238 23.5831 -0.8153 0.9982
Car 0.0000 0.0000 0.0000 629.0000 171.0000 652.0000 188.0000 1.6179 1.6958 3.7524 3.0614 1.3349 68.5494 1.4828 0.9980
Car 0.0000 0.0000 0.0000 971.0000 173.0000 1294.0000 474.0000 1.6269 1.5883 3.7858 4.3029 1.6312 5.8334 -0.8497 0.9963
Car 0.0000 0.0000 0.0000 520.0000 178.0000 544.0000 194.0000 1.4205 1.5834 3.9387 -6.7465 1.7424 63.3516 1.5708 0.9959
Car 0.0000 0.0000 0.0000 676.0000 171.0000 747.0000 205.0000 1.5304 1.6230 3.8414 5.0066 1.4135 34.8019 -0.8897 0.9883
Car 0.0000 0.0000 0.0000 659.0000 174.0000 726.0000 203.0000 1.5377 1.6001 3.7011 4.7717 1.5505 40.8108 -0.6432 0.9647
