Car 0.0000 0.0000 0.0000 778.0000 180.0000 1156.0000 407.0000 1.5041 1.5915 3.5468 2.7998 1.5682 6.6278 1.5331 0.9999
Car 0.0000 0.0000 0.0000 92.0000 197.0000 409.0000 392.0000 1.4738 1.6037 3.9013 -3.5005 1.7777 7.8079 1.5377 0.9998
Car 0.0000 0.0000 0.0000 337.0000 190.0000 478.0000 288.0000 1.4800 1.6003 3.9467 -3.6105 1.8176 13.4639 1.5535 0.9998
Car 0.0000 0.0000 0.0000 696.0000 174.0000 855.0000 282.0000 1.5698 1.6719 4.3508 2.6689 1.5880 12.6929 1.5479 0.9996
Car 0.0000 0.0000 0.0000 679.0000 174.0000 782.0000 244.0000 1.6001 1.6869 4.3516 2.9823 1.6186 18.7567 1.5100 0.9994
Car 0.0000 0.0000 0.0000 671.0000 175.0000 734.0000 224.0000 1.5181 1.5751 3.5626 3.0598 1.5584 24.2747 1.5447 0.9993
Car 0.0000 0.0000 0.0000 456.0000 181.0000 528.0000 234.0000 1.5701 1.6783 4.0250 -3.7635 1.8099 23.6429 1.5708 0.9992
Car 0.0000 0.0000 0.0000 412.0000 188.0000 498.0000 250.0000 1.4362 1.5625 3.5490 -3.9863 1.8295 19.0113 1.5511 0.9989
Car 0.0000 0.0000 0.0000 1068.0000 199.0000 8435.0000 4116.0000 1.5600 1.5578 3.2421 3.0691 1.6789 1.9521 1.5325 0.9985
Car 0.0000 0.0000 0.0000 862.0000 143.0000 970.0000 185.0000 1.6958 1.6767 3.9932 13.2582 0.4327 31.2861 0.0843 0.9985
Car 0.0000 0.0000 0.0000 635.0000 175.0000 672.0000 200.0000 1.5280 1.6026 3.6114 2.7996 1.6165 45.7670 1.4238 0.9942
Car 0.0000 0.0000 0.0000 593.0000 174.0000 618.0000 193.0000 1.4896 1.6098 3.6763 -0.2708 1.5226 60.5026 1.4433 0.9933
