Car 0.0000 0.0000 0.0000 233.0000 208.0000 325.0000 257.0000 1.4655 1.6605 4.2345 -11.9106 2.8014 26.2779 1.5028 0.9999
Car 0.0000 0.0000 0.0000 318.0000 203.0000 404.0000 256.0000 1.4890 1.6737 3.7841 -8.1643 2.5088 23.9702 1.5257 0.9998
Car 0.0000 0.0000 0.0000 481.0000 193.0000 523.0000 224.0000 1.5281 1.7237 3.9929 -5.7708 2.6020 39.1791 1.5669 0.9994
Car 0.0000 0.0000 0.0000 463.0000 196.0000 482.0000 213.0000 1.4703 1.6628 3.7173 -12.6949 3.5705 67.4249 1.4089 0.9990
Car 0.0000 0.0000 0.0000 -23.0000 222.0000 164.0000 307.0000 1.4624 1.6140 3.4204 -11.8077 2.6492 16.0176 1.5708 0.9986
Car 0.0000 0.0000 0.0000 414.0000 182.0000 454.0000 218.0000 2.6113 1.9618 5.6598 -13.5495 3.2590 56.2204 1.5228 0.9977
Car 0.0000 0.0000 0.0000 1152.0000 157.0000 1683.0000 314.0000 1.5752 1.6828 4.2780 9.8355 1.4321 9.3364 0.8014 0.9903
Car 0.0000 0.0000 0.0000 939.0000 176.0000 968.0000 197.0000 1.5198 1.6779 3.7340 26.1791 1.7064 54.5729 -1.0344 0.9898
Car 0.0000 0.0000 0.0000 777.0000 182.0000 812.0000 211.0000 1.5175 1.6132 3.6573 10.4608 1.9831 40.7327 -1.3850 0.9716
Car 0.0000 0.0000 0.0000 520.0000 190.0000 548.0000 212.0000 1.4815 1.6413 3.9694 -5.5458 2.7182 53.6372 1.5708 0.9616
Car 0.0000 0.0000 0.0000 245.0000 196.0000 315.0000 218.0000 1.4405 1.6412 4.3937 -23.9039 3.1055 52.4840 -0.2329 0.9614
