Car 0.0000 0.0000 0.0000 600.0000 177.0000 662.0000 234.0000 1.5371 1.6769 3.6539 0.5683 1.6395 21.4026 1.5685 0.9998
Car 0.0000 0.0000 0.0000 705.0000 168.0000 777.0000 227.0000 1.8474 1.7171 3.8840 4.4533 1.6840 24.8700 1.5598 0.9997
Car 0.0000 0.0000 0.0000 850.0000 167.0000 1278.0000 393.0000 1.7292 1.7448 4.4293 4.2287 1.7026 7.7846 1.5523 0.9997
Car 0.0000 0.0000 0.0000 381.0000 178.0000 527.0000 244.0000 1.5357 1.6205 3.8846 -4.1130 1.6661 18.7125 0.6720 0.9996
Car 0.0000 0.0000 0.0000 763.0000 183.0000 905.0000 270.0000 1.4784 1.5816 3.7065 4.3151 1.6853 14.4887 1.5375 0.9996
Car 0.0000 0.0000 0.0000 724.0000 182.0000 816.0000 240.0000 1.4073 1.5614 3.7654 4.2665 1.6395 19.7428 1.5417 0.9995
Car 0.0000 0.0000 0.0000 759.0000 169.0000 844.0000 200.0000 1.5209 1.5897 3.8726 9.6625 1.2877 36.3922 0.8111 0.9983
Car 0.0000 0.0000 0.0000 -617.0000 186.0000 23.0000 390.0000 1.4354 1.6000 3.8435 -8.2586 1.5872 7.1979 1.5620 0.9981
Car 0.0000 0.0000 0.0000 -2391.0000 -879.0000 2124.0000 701.0000 1.5268 1.5713 3.4826 4.0100 1.6876 0.5799 1.5708 0.9946
Car 0.0000 0.0000 0.0000 -97.0000 169.0000 256.0000 480.0000 1.5321 1.6031 3.7473 -4.1052 1.5270 5.4875 0.8765 0.9945
Car 0.0000 0.0000 0.0000 452.0000 175.0000 553.0000 215.0000 1.5455 1.5858 3.7275 -4.3136 1.6210 29.3470 0.2098 0.9942
Car 0.0000 0.0000 0.0000 860.0000 150.0000 991.0000 203.0000 2.5477 1.9700 5.7358 15.9538 1.4154 36.4234 -0.0082 0.9935
Car 0.0000 0.0000 0.0000 -664.0000 159.0000 -155.0000 297.0000 1.6224 1.6879 4.1765 -14.3939 1.4693 10.6560 1.5358 0.9934
Car 0.0000 0.0000 0.0000 527.0000 158.0000 592.0000 190.0000 2.1278 1.7771 4.6958 -3.4631 1.0835 50.5536 0.7364 0.9921
Car 0.0000 0.0000 0.0000 516.0000 168.0000 572.0000 198.0000 1.5016 1.6543 3.9518 -3.4494 1.2082 37.7302 1.1245 0.9919
Car 0.0000 0.0000 0.0000 439.0000 174.0000 522.0000 221.0000 1.5714 1.5927 3.7534 -4.6272 1.6002 26.3171 -1.3241 0.9890
Car 0.0000 0.0000 0.0000 90.0000 178.0000 226.0000 233.0000 1.5514 1.6053 3.9565 -13.8929 1.6911 22.4243 1.5708 0.9880
Car 0.0000 0.0000 0.0000 14.0000 180.0000 242.0000 283.0000 1.5023 1.5527 3.6448 -8.1055 1.6237 12.5061 1.5606 0.9857
Car 0.0000 0.0000 0.0000 135.0000 178.0000 385.0000 331.0000 1.5587 1.5632 3.5783 -4.5629 1.6252 9.1093 0.7209 0.9819
Car 0.0000 0.0000 0.0000 425.0000 159.0000 455.0000 177.0000 1.4581 1.5966 3.6477 -13.6202 0.2610 58.3738 1.5696 0.9716
