Car 0.0000 0.0000 0.0000 674.0000 180.0000 752.0000 232.0000 1.4677 1.6300 4.2485 3.0957 1.6481 22.3641 1.5284 0.9999
Car 0.0000 0.0000 0.0000 708.0000 186.0000 851.0000 281.0000 1.4190 1.5805 4.0178 2.8846 1.6610 13.1179 1.5570 0.9998
Car 0.0000 0.0000 0.0000 554.0000 177.0000 588.0000 206.0000 1.4193 1.6032 3.6911 -2.0097 1.5707 37.2748 1.4812 0.9998
Car 0.0000 0.0000 0.0000 171.0000 157.0000 429.0000 264.0000 1.9543 1.7418 4.3779 -6.0217 1.6730 14.2681 0.0382 0.9995
Car 0.0000 0.0000 0.0000 651.0000 170.0000 688.0000 199.0000 1.5566 1.6644 3.9175 3.4057 1.3827 40.9383 1.5410 0.9994
Car 0.0000 0.0000 0.0000 327.0000 178.0000 485.0000 240.0000 1.5717 1.6020 3.8488 -5.4968 1.6923 19.4740 0.2784 0.9994
Car 0.0000 0.0000 0.0000 436.0000 176.0000 481.0000 220.0000 1.6007 1.6197 3.9052 -5.9006 1.7045 28.3995 1.3895 0.9990
Car 0.0000 0.0000 0.0000 361.0000 176.0000 497.0000 232.0000 1.6363 1.6176 3.7572 -5.4986 1.7093 22.1796 0.0460 0.9988
Car 0.0000 0.0000 0.0000 -319.0000 174.0000 237.0000 368.0000 1.5950 1.6459 4.0268 -6.0266 1.6272 6.8971 0.0785 0.9967
Car 0.0000 0.0000 0.0000 229.0000 177.0000 419.0000 253.0000 1.5221 1.5880 3.7683 -6.5295 1.6190 16.7073 -0.8507 0.9956
Car 0.0000 0.0000 0.0000 485.0000 174.0000 549.0000 200.0000 1.5668 1.6044 3.6297 -5.6153 1.5763 44.1834 0.0616 0.9908
