Car 0.0000 0.0000 0.0000 218.0000 190.0000 367.0000 268.0000 1.4471 1.6077 3.9030 -6.8392 1.8336 15.9316 1.5566 0.9997
Car 0.0000 0.0000 0.0000 590.0000 174.0000 643.0000 222.0000 1.5875 1.6952 3.6974 0.1931 1.5967 25.6047 1.5353 0.9996
Car 0.0000 0.0000 0.0000 365.0000 174.0000 427.0000 210.0000 1.7429 1.8561 4.4687 -10.9274 1.7548 37.2209 1.5708 0.9995
Car 0.0000 0.0000 0.0000 349.0000 178.0000 386.0000 203.0000 1.4945 1.6365 3.7300 -15.1282 1.7485 45.2511 1.4090 0.9964
Car 0.0000 0.0000 0.0000 406.0000 177.0000 452.0000 206.0000 1.6620 1.7379 4.3680 -10.8854 1.8588 43.8276 1.5708 0.9960
Car 0.0000 0.0000 0.0000 664.0000 159.0000 745.0000 199.0000 1.6085 1.6227 3.8789 4.1533 0.9939 30.8794 -0.8765 0.9955
Car 0.0000 0.0000 0.0000 483.0000 178.0000 507.0000 195.0000 1.4397 1.6137 3.9307 -10.4526 1.8544 66.6182 1.5671 0.9952
Car 0.0000 0.0000 0.0000 804.0000 172.0000 1076.0000 316.0000 1.5662 1.6319 4.0476 4.5608 1.5547 9.7662 -0.6527 0.9926
Car 0.0000 0.0000 0.0000 695.0000 170.0000 813.0000 223.0000 1.6141 1.6317 3.8733 4.7557 1.5203 24.1598 1.0003 0.9915
Car 0.0000 0.0000 0.0000 716.0000 175.0000 859.0000 252.0000 1.5775 1.6451 3.8243 4.2093 1.6123 16.7082 -0.8571 0.9882
Car 0.0000 0.0000 0.0000 440.0000 178.0000 478.0000 200.0000 1.4945 1.6331 3.8786 -10.4725 1.7747 50.5154 1.5708 0.9858
Car 0.0000 0.0000 0.0000 524.0000 169.0000 546.0000 190.0000 1.8398 1.8026 4.1916 -6.8874 1.4236 68.0412 1.5313 0.9851
Car 0.0000 0.0000 0.0000 695.0000 175.0000 835.0000 236.0000 1.5555 1.5917 3.7260 4.3737 1.6001 20.2119 -0.5177 0.9819
