Car 0.0000 0.0000 0.0000 725.0000 187.0000 972.0000 335.0000 1.4661 1.6478 4.3057 2.8102 1.6752 9.6362 1.5174 0.9998
Car 0.0000 0.0000 0.0000 684.0000 182.0000 772.0000 240.0000 1.4320 1.6132 4.2025 3.2439 1.6880 20.5282 1.5273 0.9998
Car 0.0000 0.0000 0.0000 245.0000 180.0000 426.0000 254.0000 1.5388 1.5694 3.4424 -6.0854 1.6905 16.1767 0.0125 0.9997
Car 0.0000 0.0000 0.0000 173.0000 189.0000 431.0000 278.0000 1.5246 1.6551 4.1839 -5.6961 1.8309 13.5377 0.0931 0.9997
Car 0.0000 0.0000 0.0000 655.0000 173.0000 694.0000 205.0000 1.6632 1.7219 3.6967 3.5747 1.6435 39.6995 1.5452 0.9994
Car 0.0000 0.0000 0.0000 278.0000 171.0000 434.0000 243.0000 1.7569 1.6174 3.4343 -6.4584 1.6957 18.5263 0.0539 0.9989
Car 0.0000 0.0000 0.0000 -282.0000 161.0000 227.0000 343.0000 1.7462 1.6871 4.1233 -6.7301 1.6482 7.8733 0.0174 0.9987
Car 0.0000 0.0000 0.0000 484.0000 162.0000 557.0000 190.0000 1.7518 1.7513 4.5023 -5.6693 0.9960 46.7086 0.0187 0.9983
Car 0.0000 0.0000 0.0000 -654.0000 183.0000 80.0000 427.0000 1.5374 1.5637 3.6310 -6.3978 1.6249 5.4010 0.0186 0.9973
Car 0.0000 0.0000 0.0000 445.0000 174.0000 528.0000 211.0000 1.6625 1.6253 3.6642 -5.8592 1.7035 34.6384 0.0430 0.9953
Car 0.0000 0.0000 0.0000 444.0000 181.0000 539.0000 218.0000 1.5336 1.6084 3.8231 -5.1577 1.8724 31.8105 0.0977 0.9934
Car 0.0000 0.0000 0.0000 645.0000 176.0000 672.0000 198.0000 1.5026 1.6294 3.8486 3.5057 1.6538 50.9696 1.5708 0.9827
Car 0.0000 0.0000 0.0000 510.0000 177.0000 543.0000 206.0000 1.4458 1.6221 3.9515 -4.3722 1.6171 38.3187 1.4704 0.9749
Car 0.0000 0.0000 0.0000 436.0000 184.0000 534.0000 223.0000 1.4827 1.5794 3.7344 -5.0570 1.9187 29.2069 0.4734 0.9732
Car 0.0000 0.0000 0.0000 528.0000 162.0000 552.0000 184.0000 1.4450 1.5813 3.4411 -4.7923 0.6457 50.0344 1.4783 0.9635
