Car 0.0000 0.0000 0.0000 310.0000 197.0000 370.0000 229.0000 1.6063 1.8322 4.5154 -15.3187 2.9796 41.2603 1.5431 0.9998
Car 0.0000 0.0000 0.0000 974.0000 185.0000 1129.0000 233.0000 1.5715 1.6795 4.2842 15.3533 1.9753 25.1734 0.0774 0.9997
Car 0.0000 0.0000 0.0000 567.0000 182.0000 682.0000 292.0000 1.5013 1.5944 3.4488 0.1969 1.6532 11.8111 1.5708 0.9996
Car 0.0000 0.0000 0.0000 241.0000 199.0000 304.0000 229.0000 1.4715 1.6770 3.9290 -18.4699 2.9101 39.7185 1.5514 0.9996
Car 0.0000 0.0000 0.0000 1258.0000 204.0000 4991.0000 1677.0000 1.4841 1.6099 3.8432 4.6048 1.6756 2.8673 -1.2566 0.9995
Car 0.0000 0.0000 0.0000 1180.0000 181.0000 1325.0000 228.0000 1.5532 1.5792 3.5385 22.3176 1.8088 25.0770 0.0509 0.9978
Car 0.0000 0.0000 0.0000 402.0000 192.0000 446.0000 217.0000 1.4738 1.6348 3.8137 -11.9774 2.7081 46.8263 1.5708 0.9951
Car 0.0000 0.0000 0.0000 385.0000 194.0000 415.0000 216.0000 1.4744 1.6932 4.1026 -15.8369 3.0722 54.7113 1.4128 0.9945
Car 0.0000 0.0000 0.0000 -959.0000 247.0000 -643.0000 349.0000 1.5526 1.8009 3.8009 -29.9627 3.3003 15.4904 0.8556 0.9927
Car 0.0000 0.0000 0.0000 481.0000 176.0000 512.0000 206.0000 1.5912 1.6303 3.8485 -6.4488 1.7206 41.1378 1.4093 0.9923
