Car 0.0000 0.0000 0.0000 41.0000 193.0000 416.0000 399.0000 1.5188 1.7296 4.6140 -3.6531 1.7775 7.9601 1.5645 0.9998
Car 0.0000 0.0000 0.0000 365.0000 194.0000 475.0000 274.0000 1.4361 1.5407 3.3439 -3.9258 1.8946 15.3250 1.5403 0.9998
Car 0.0000 0.0000 0.0000 764.0000 156.0000 886.0000 207.0000 1.7205 1.6614 3.8565 7.6647 1.1288 25.8135 0.0229 0.9997
Car 0.0000 0.0000 0.0000 646.0000 180.0000 698.0000 222.0000 1.5683 1.6970 3.8906 2.5020 1.8380 29.6103 1.5472 0.9997
Car 0.0000 0.0000 0.0000 789.0000 162.0000 947.0000 222.0000 1.7826 1.7166 4.3079 8.0209 1.4484 22.6226 0.0433 0.9994
Car 0.0000 0.0000 0.0000 -220.0000 206.0000 198.0000 385.0000 1.4371 1.6062 3.7504 -6.6245 1.8789 8.2596 1.5589 0.9988
Car 0.0000 0.0000 0.0000 738.0000 171.0000 838.0000 209.0000 1.5969 1.6662 4.0293 7.8289 1.4937 31.7930 0.0680 0.9987
Car 0.0000 0.0000 0.0000 354.0000 187.0000 436.0000 239.0000 1.4543 1.5309 3.3017 -6.6873 1.8942 22.7280 1.5708 0.9986
Car 0.0000 0.0000 0.0000 1037.0000 142.0000 1160.0000 183.0000 1.7027 1.7288 4.1798 21.5396 0.3681 31.7835 0.0566 0.9979
Car 0.0000 0.0000 0.0000 443.0000 185.0000 494.0000 219.0000 1.4521 1.6126 3.7886 -6.5573 2.0021 33.9178 1.5708 0.9961
Car 0.0000 0.0000 0.0000 483.0000 185.0000 518.0000 211.0000 1.5291 1.7035 4.0693 -6.7694 2.2381 45.3595 1.5376 0.9961
Car 0.0000 0.0000 0.0000 942.0000 149.0000 1037.0000 179.0000 1.6569 1.7905 4.4841 22.0250 0.2853 41.7396 0.0501 0.9936
Car 0.0000 0.0000 0.0000 1007.0000 149.0000 1113.0000 182.0000 1.5054 1.6851 4.3080 21.9717 0.3733 35.2585 1.2617 0.9892
Car 0.0000 0.0000 0.0000 986.0000 153.0000 1035.0000 184.0000 1.5829 1.6528 4.0401 21.7037 0.4933 38.8441 -0.9026 0.9890
Car 0.0000 0.0000 0.0000 719.0000 174.0000 740.0000 193.0000 1.4976 1.5823 3.5532 9.8558 1.5420 58.7113 -1.4364 0.9739
