Car 0.0000 0.0000 0.0000 355.0000 181.0000 427.0000 220.0000 1.6019 1.7286 4.4063 -9.7215 1.9470 32.4147 1.5708 0.9998
Car 0.0000 0.0000 0.0000 44.0000 191.0000 234.0000 269.0000 1.4451 1.6157 4.0663 -10.2712 1.8706 16.0869 1.5640 0.9997
Car 0.0000 0.0000 0.0000 481.0000 178.0000 525.0000 207.0000 1.5019 1.6928 3.9955 -5.9175 1.7643 40.6094 1.5708 0.9997
Car 0.0000 0.0000 0.0000 574.0000 175.0000 778.0000 364.0000 1.5518 1.5917 3.3020 0.4517 1.5793 7.6760 1.4873 0.9996
Car 0.0000 0.0000 0.0000 402.0000 176.0000 451.0000 211.0000 1.7637 1.6994 3.9888 -9.7399 1.8741 38.7418 1.5523 0.9994
Car 0.0000 0.0000 0.0000 231.0000 180.0000 312.0000 217.0000 1.4906 1.6234 3.7465 -14.5580 1.7499 31.2152 1.5708 0.9991
Car 0.0000 0.0000 0.0000 722.0000 166.0000 831.0000 224.0000 1.5999 1.6567 3.7408 5.0803 1.3830 21.5993 -0.8709 0.9968
Car 0.0000 0.0000 0.0000 589.0000 178.0000 669.0000 234.0000 1.5816 1.6791 3.6595 0.5066 1.7358 22.5309 1.3668 0.9935
Car 0.0000 0.0000 0.0000 681.0000 176.0000 770.0000 214.0000 1.5794 1.6341 4.0231 5.2950 1.6938 32.4395 -0.6541 0.9927
Car 0.0000 0.0000 0.0000 1171.0000 192.0000 1947.0000 773.0000 1.6132 1.6463 3.1098 4.0600 1.7391 3.8161 -0.9388 0.9910
Car 0.0000 0.0000 0.0000 668.0000 176.0000 719.0000 206.0000 1.5415 1.6742 3.7425 4.6778 1.6586 39.2992 -1.1361 0.9898
Car 0.0000 0.0000 0.0000 21.0000 175.0000 99.0000 215.0000 1.4459 1.5522 3.2407 -21.2101 1.5086 27.9039 1.1996 0.9892
Car 0.0000 0.0000 0.0000 -521.0000 189.0000 -18.0000 356.0000 1.6115 1.7017 3.9223 -10.6093 1.8377 9.2099 1.5480 0.9881
Car 0.0000 0.0000 0.0000 567.0000 177.0000 588.0000 194.0000 1.4554 1.6133 3.9968 -2.8608 1.7565 66.7064 1.5708 0.9880
Car 0.0000 0.0000 0.0000 521.0000 180.0000 545.0000 198.0000 1.4792 1.6324 3.8051 -6.4509 1.9876 61.6236 1.5640 0.9714
