Car 0.0000 0.0000 0.0000 751.0000 183.0000 913.0000 285.0000 1.5352 1.6719 4.1988 3.8647 1.7311 13.3289 1.5677 1.0000
Car 0.0000 0.0000 0.0000 443.0000 189.0000 519.0000 242.0000 1.4994 1.6824 3.7275 -4.0746 2.0283 23.2860 1.5708 0.9999
Car 0.0000 0.0000 0.0000 696.0000 178.0000 727.0000 206.0000 1.4793 1.6182 3.7907 5.8449 1.7393 41.4207 -1.4643 0.9998
Car 0.0000 0.0000 0.0000 483.0000 184.0000 540.0000 227.0000 1.5602 1.6856 4.1128 -3.7921 1.9786 28.6381 1.5708 0.9997
Car 0.0000 0.0000 0.0000 831.0000 191.0000 1198.0000 386.0000 1.4173 1.5774 3.9279 3.7030 1.6410 7.5284 1.5608 0.9996
Car 0.0000 0.0000 0.0000 529.0000 182.0000 569.0000 215.0000 1.6088 1.6767 3.9429 -3.1163 2.0388 38.0610 1.5708 0.9993
Car 0.0000 0.0000 0.0000 1584.0000 146.0000 2756.0000 410.0000 1.5702 1.6404 3.9087 11.8999 1.4274 6.2324 0.7732 0.9964
Car 0.0000 0.0000 0.0000 1157.0000 169.0000 1509.0000 275.0000 1.5424 1.6567 4.0238 11.9490 1.4903 12.3248 0.6988 0.9960
Car 0.0000 0.0000 0.0000 1319.0000 176.0000 1844.0000 319.0000 1.4923 1.5809 3.6966 11.8576 1.5417 9.2621 0.6232 0.9819
Car 0.0000 0.0000 0.0000 508.0000 185.0000 554.0000 219.0000 1.4741 1.6675 4.2278 -3.5912 1.9919 33.8458 1.5708 0.9681
