Car 0.0000 0.0000 0.0000 223.0000 148.0000 487.0000 350.0000 1.9690 1.8890 4.6488 -2.9257 1.7382 9.3980 1.5513 0.9998
Car 0.0000 0.0000 0.0000 -4810.0000 215.0000 277.0000 2811.0000 1.4916 1.6926 4.1258 -2.9341 1.7518 2.5870 1.5044 0.9997
Car 0.0000 0.0000 0.0000 499.0000 186.0000 555.0000 232.0000 1.4610 1.5946 3.7568 -2.8349 1.9148 25.4160 1.5527 0.9997
Car 0.0000 0.0000 0.0000 429.0000 189.0000 525.0000 266.0000 1.4601 1.6424 4.3886 -2.8967 1.8298 16.4976 1.5100 0.9997
Car 0.0000 0.0000 0.0000 668.0000 178.0000 822.0000 232.0000 1.4932 1.6773 4.2895 3.9338 1.6492 21.4464 0.0459 0.9996
Car 0.0000 0.0000 0.0000 630.0000 178.0000 715.0000 211.0000 1.5358 1.6648 4.0000 3.0701 1.7554 35.2096 0.0650 0.9996
Car 0.0000 0.0000 0.0000 0.0000 200.0000 286.0000 355.0000 1.4103 1.5605 3.5338 -5.4928 1.7987 8.9722 1.4644 0.9979
Car 0.0000 0.0000 0.0000 527.0000 159.0000 571.0000 212.0000 2.5628 2.0875 5.6931 -3.0643 1.8517 37.9578 1.5174 0.9976
Car 0.0000 0.0000 0.0000 558.0000 178.0000 586.0000 205.0000 1.8606 1.7076 4.2227 -2.6949 2.2014 53.4542 1.5708 0.9974
Car 0.0000 0.0000 0.0000 721.0000 151.0000 787.0000 177.0000 1.7289 1.7420 4.3602 10.1168 0.2011 50.4508 0.1090 0.9905
Car 0.0000 0.0000 0.0000 619.0000 178.0000 640.0000 196.0000 1.4439 1.5917 3.6469 1.6722 1.7494 57.8332 1.5708 0.9901
Car 0.0000 0.0000 0.0000 700.0000 153.0000 781.0000 181.0000 1.7364 1.7836 4.9161 8.6276 0.4231 47.3700 -0.0226 0.9851
Car 0.0000 0.0000 0.0000 655.0000 181.0000 768.0000 224.0000 1.5345 1.6422 4.1316 3.8372 1.8295 27.2965 0.1186 0.9715
