Car 0.0000 0.0000 0.0000 407.0000 184.0000 481.0000 234.0000 1.4097 1.5852 3.7343 -5.2027 1.7498 22.9757 1.5421 0.9999
Car 0.0000 0.0000 0.0000 208.0000 191.0000 330.0000 255.0000 1.4629 1.6677 4.1275 -9.0947 1.9750 19.5705 1.4825 0.9998
Car 0.0000 0.0000 0.0000 22.0000 194.0000 247.0000 292.0000 1.4828 1.6746 4.3535 -8.8594 1.9209 13.9046 1.5114 0.9994
Car 0.0000 0.0000 0.0000 660.0000 173.0000 692.0000 200.0000 1.4761 1.6037 3.6618 3.7961 1.4442 41.0678 1.5708 0.9993
Car 0.0000 0.0000 0.0000 294.0000 188.0000 394.0000 233.0000 1.4585 1.6061 3.8264 -9.6296 1.9998 26.4228 -1.3311 0.9985
Car 0.0000 0.0000 0.0000 -283.0000 204.0000 90.0000 356.0000 1.4101 1.5715 3.3747 -8.4856 1.8597 9.0632 1.4841 0.9980
Car 0.0000 0.0000 0.0000 1413.0000 108.0000 1630.0000 175.0000 1.4742 1.6010 3.9658 21.7113 0.0020 17.1854 -0.2051 0.9977
Car 0.0000 0.0000 0.0000 680.0000 171.0000 707.0000 192.0000 1.5395 1.6480 3.8047 6.3086 1.3107 53.2297 -1.3698 0.9969
Car 0.0000 0.0000 0.0000 630.0000 169.0000 656.0000 191.0000 1.4424 1.5966 3.4651 2.4245 1.1418 50.6306 -1.4543 0.9965
Car 0.0000 0.0000 0.0000 1117.0000 128.0000 1296.0000 179.0000 1.6301 1.7564 4.4532 20.3635 0.1535 24.7103 0.1086 0.9939
Car 0.0000 0.0000 0.0000 1077.0000 150.0000 1173.0000 193.0000 1.5502 1.6022 3.9457 19.7066 0.6886 27.4591 -0.5722 0.9724
