Car 0.0000 0.0000 0.0000 714.0000 166.0000 834.0000 210.0000 1.5887 1.6854 4.2653 6.2839 1.3276 27.8534 0.0438 0.9997
Car 0.0000 0.0000 0.0000 508.0000 180.0000 544.0000 210.0000 1.4841 1.6189 3.7090 -4.3891 1.7958 37.5372 1.3931 0.9995
Car 0.0000 0.0000 0.0000 967.0000 143.0000 1057.0000 173.0000 1.5820 1.6946 4.2177 23.1376 -0.1116 41.4201 0.0511 0.9995
Car 0.0000 0.0000 0.0000 1079.0000 135.0000 1194.0000 172.0000 1.5286 1.6401 3.7129 22.9041 -0.1059 31.3514 0.0744 0.9990
Car 0.0000 0.0000 0.0000 1158.0000 144.0000 1315.0000 189.0000 1.6409 1.7767 4.3546 23.7738 0.5491 27.3980 0.0146 0.9976
Car 0.0000 0.0000 0.0000 580.0000 177.0000 602.0000 197.0000 1.5318 1.7574 4.0599 -1.4238 1.8303 60.1951 1.5602 0.9974
Car 0.0000 0.0000 0.0000 1223.0000 141.0000 1380.0000 190.0000 1.5222 1.6485 4.3486 23.6905 0.5114 24.8817 -1.4276 0.9972
Car 0.0000 0.0000 0.0000 864.0000 154.0000 933.0000 176.0000 1.5829 1.7189 4.5693 21.9638 0.1469 54.6465 0.0814 0.9965
Car 0.0000 0.0000 0.0000 650.0000 173.0000 687.0000 193.0000 1.4824 1.6589 3.8020 4.5692 1.4458 55.3365 1.3206 0.9944
Car 0.0000 0.0000 0.0000 945.0000 151.0000 1035.0000 180.0000 1.6864 1.8162 4.4553 23.1497 0.3413 43.7829 0.1061 0.9922
Car 0.0000 0.0000 0.0000 620.0000 176.0000 638.0000 193.0000 1.5241 1.6843 3.9436 1.9477 1.7186 67.2414 1.5708 0.9918
Car 0.0000 0.0000 0.0000 837.0000 157.0000 899.0000 179.0000 1.7380 1.7829 4.4334 21.2005 0.3747 58.8643 0.0654 0.9803
Car 0.0000 0.0000 0.0000 693.0000 168.0000 746.0000 188.0000 1.6051 1.6937 4.2726 9.1256 1.1232 59.6720 0.1129 0.9790
Car 0.0000 0.0000 0.0000 1464.0000 122.0000 1719.0000 187.0000 1.6513 1.7349 4.1347 27.4971 0.3514 20.3960 0.9068 0.9724
Car 0.0000 0.0000 0.0000 739.0000 160.0000 815.0000 187.0000 1.6848 1.7865 4.5213 10.7172 0.8260 46.0897 0.0846 0.9721
