Car 0.0000 0.0000 0.0000 703.0000 185.0000 800.0000 247.0000 1.3978 1.5932 3.9675 3.5253 1.6929 18.5745 1.5444 0.9998
Car 0.0000 0.0000 0.0000 573.0000 176.0000 628.0000 226.0000 1.5064 1.6452 3.6642 -0.3071 1.5930 23.7148 1.5536 0.9998
Car 0.0000 0.0000 0.0000 643.0000 175.0000 694.0000 213.0000 1.9340 1.8756 4.8350 3.1572 2.0133 39.0790 1.4583 0.9996
Car 0.0000 0.0000 0.0000 297.0000 182.0000 459.0000 266.0000 1.5472 1.6007 3.5682 -4.9610 1.7327 15.1603 0.7056 0.9994
Car 0.0000 0.0000 0.0000 437.0000 178.0000 533.0000 214.0000 1.4960 1.5999 3.8121 -5.3812 1.6845 31.1661 0.3881 0.9992
Car 0.0000 0.0000 0.0000 -4.0000 179.0000 163.0000 239.0000 1.5102 1.6455 4.1317 -14.8062 1.6632 20.3825 1.5708 0.9988
Car 0.0000 0.0000 0.0000 97.0000 183.0000 262.0000 262.0000 1.4569 1.5572 3.6066 -9.0292 1.6571 15.4243 1.5035 0.9984
Car 0.0000 0.0000 0.0000 108.0000 175.0000 313.0000 328.0000 1.5556 1.6196 3.7913 -5.3302 1.5906 9.3100 0.8741 0.9984
Car 0.0000 0.0000 0.0000 -5888.0000 -2088.0000 1567.0000 559.0000 1.5041 1.6074 3.8649 3.7054 1.6933 1.3366 1.4994 0.9974
Car 0.0000 0.0000 0.0000 594.0000 175.0000 634.0000 211.0000 1.5361 1.6689 3.6856 0.1683 1.5928 33.1799 1.5280 0.9971
Car 0.0000 0.0000 0.0000 527.0000 174.0000 557.0000 198.0000 1.4805 1.5741 3.4801 -4.3168 1.5211 46.3512 1.3719 0.9873
Car 0.0000 0.0000 0.0000 565.0000 180.0000 589.0000 202.0000 1.4897 1.6638 3.9133 -2.2922 1.9369 51.4746 1.5038 0.9865
Car 0.0000 0.0000 0.0000 458.0000 157.0000 494.0000 185.0000 1.7718 1.7492 3.8581 -8.7120 0.7233 47.6028 1.5411 0.9855
Car 0.0000 0.0000 0.0000 -1993.0000 206.0000 -314.0000 643.0000 1.4568 1.5462 3.6230 -8.8774 1.7328 4.4640 1.5601 0.9731
