Car 0.0000 0.0000 0.0000 653.0000 183.0000 724.0000 230.0000 1.4819 1.6044 3.4596 2.6492 1.8079 24.8443 1.4342 0.9998
Car 0.0000 0.0000 0.0000 -183.0000 151.0000 299.0000 341.0000 2.0077 1.7684 4.4766 -6.3419 1.7910 8.5600 0.0454 0.9995
Car 0.0000 0.0000 0.0000 880.0000 183.0000 1137.0000 280.0000 1.4169 1.5530 3.5982 6.7006 1.5764 12.5112 1.0556 0.9995
Car 0.0000 0.0000 0.0000 632.0000 182.0000 678.0000 214.0000 1.4513 1.6304 3.7978 2.1279 1.8224 34.3427 1.4864 0.9994
Car 0.0000 0.0000 0.0000 300.0000 196.0000 461.0000 253.0000 1.5133 1.6401 4.0639 -6.4854 2.1742 20.6233 0.0604 0.9992
Car 0.0000 0.0000 0.0000 381.0000 187.0000 487.0000 234.0000 1.6999 1.6044 3.6082 -6.6475 2.2223 27.4953 0.0902 0.9963
Car 0.0000 0.0000 0.0000 -498.0000 197.0000 145.0000 412.0000 1.5211 1.6102 3.8440 -6.4082 1.7526 6.1147 0.0458 0.9961
Car 0.0000 0.0000 0.0000 138.0000 195.0000 340.0000 292.0000 1.4691 1.5755 3.7177 -6.7344 1.9201 13.5038 -1.4596 0.9957
Car 0.0000 0.0000 0.0000 682.0000 167.0000 740.0000 188.0000 1.5336 1.7142 4.4071 7.9597 1.0321 56.4710 0.1021 0.9942
Car 0.0000 0.0000 0.0000 2195.0000 21.0000 6218.0000 612.0000 1.5788 1.6612 4.0812 13.9591 1.1930 3.9156 0.7534 0.9937
Car 0.0000 0.0000 0.0000 401.0000 189.0000 500.0000 225.0000 1.5485 1.6456 4.0408 -7.1264 2.2422 32.5332 0.0643 0.9931
Car 0.0000 0.0000 0.0000 492.0000 186.0000 530.0000 216.0000 1.4630 1.6298 3.8746 -5.2911 2.1649 39.2104 1.5419 0.9916
Car 0.0000 0.0000 0.0000 356.0000 189.0000 474.0000 233.0000 1.4741 1.5707 3.7165 -6.8221 2.0179 25.4086 0.0525 0.9912
Car 0.0000 0.0000 0.0000 472.0000 181.0000 535.0000 204.0000 1.4949 1.5925 3.8696 -7.0224 1.9621 48.2061 0.0982 0.9904
Car 0.0000 0.0000 0.0000 451.0000 176.0000 518.0000 204.0000 1.5903 1.6061 3.6774 -7.4102 1.7448 43.0813 0.0282 0.9858
Car 0.0000 0.0000 0.0000 620.0000 178.0000 641.0000 195.0000 1.4925 1.6478 3.9154 1.9884 1.8610 64.8342 1.5440 0.9836
Car 0.0000 0.0000 0.0000 727.0000 166.0000 748.0000 184.0000 1.5196 1.6319 3.5422 11.3989 0.8471 63.7023 -1.4362 0.9671
Car 0.0000 0.0000 0.0000 516.0000 187.0000 549.0000 210.0000 1.5485 1.6498 4.3477 -5.4702 2.5353 52.1949 1.5708 0.9659
