Car 0.0000 0.0000 0.0000 750.0000 189.0000 970.0000 332.0000 1.4443 1.5301 3.3408 2.9549 1.6725 9.2778 1.5280 0.9999
Car 0.0000 0.0000 0.0000 770.0000 171.0000 932.0000 235.0000 1.6108 1.6402 3.7942 6.3655 1.5552 19.2953 0.0693 0.9994
Car 0.0000 0.0000 0.0000 441.0000 174.0000 479.0000 211.0000 1.5735 1.5885 3.7979 -6.6983 1.5996 32.6189 1.3902 0.9992
Car 0.0000 0.0000 0.0000 315.0000 167.0000 465.0000 228.0000 1.8567 1.7122 4.2595 -6.9812 1.6648 23.1145 0.0404 0.9992
Car 0.0000 0.0000 0.0000 728.0000 173.0000 806.0000 219.0000 1.5615 1.6514 4.3111 6.0072 1.5553 27.0730 -1.0581 0.9991
Car 0.0000 0.0000 0.0000 443.0000 165.0000 523.0000 200.0000 1.7579 1.6617 4.1567 -6.5493 1.2994 37.7784 -0.9377 0.9989
Car 0.0000 0.0000 0.0000 140.0000 176.0000 380.0000 268.0000 1.6245 1.5935 3.8372 -6.6040 1.6812 13.8471 -0.0196 0.9986
Car 0.0000 0.0000 0.0000 -33.0000 154.0000 280.0000 325.0000 1.7400 1.6610 3.9474 -6.1931 1.5668 9.0319 0.5106 0.9986
Car 0.0000 0.0000 0.0000 -322.0000 183.0000 213.0000 380.0000 1.5922 1.6102 3.6856 -6.0478 1.7033 6.7756 0.0644 0.9985
Car 0.0000 0.0000 0.0000 628.0000 155.0000 685.0000 206.0000 2.3844 2.0130 5.1190 2.2988 1.4986 36.3007 1.4771 0.9982
Car 0.0000 0.0000 0.0000 800.0000 186.0000 981.0000 255.0000 1.4778 1.5690 3.6087 6.3333 1.7754 16.5893 0.1562 0.9980
Car 0.0000 0.0000 0.0000 677.0000 161.0000 722.0000 179.0000 1.5009 1.6460 3.9118 8.0601 0.4105 64.1617 0.0826 0.9915
Car 0.0000 0.0000 0.0000 517.0000 174.0000 544.0000 193.0000 1.4873 1.6835 3.9948 -6.1063 1.4781 56.8240 1.5662 0.9875
Car 0.0000 0.0000 0.0000 693.0000 158.0000 722.0000 180.0000 1.6717 1.6628 3.9949 7.8202 0.4478 57.4136 1.5434 0.9829
Car 0.0000 0.0000 0.0000 621.0000 166.0000 644.0000 188.0000 1.5302 1.6316 3.8082 1.7752 1.0018 53.1051 1.5708 0.9799
