Car 0.0000 0.0000 0.0000 341.0000 184.0000 460.0000 258.0000 1.3849 1.5767 3.6131 -4.4407 1.6271 15.7266 1.5590 0.9998
Car 0.0000 0.0000 0.0000 410.0000 173.0000 485.0000 223.0000 1.5011 1.6823 3.9637 -5.2481 1.4996 23.7851 1.5445 0.9997
Car 0.0000 0.0000 0.0000 573.0000 173.0000 614.0000 208.0000 1.5812 1.6801 3.6111 -0.7833 1.5549 34.3446 1.4707 0.9996
Car 0.0000 0.0000 0.0000 -219.0000 192.0000 298.0000 428.0000 1.4223 1.6296 4.0407 -4.5736 1.6311 6.6344 1.5509 0.9991
Car 0.0000 0.0000 0.0000 289.0000 175.0000 382.0000 225.0000 1.5200 1.6516 3.6513 -8.9332 1.5681 23.7732 1.5708 0.9988
Car 0.0000 0.0000 0.0000 -100.0000 173.0000 111.0000 254.0000 1.4405 1.5657 3.3167 -12.0346 1.4477 14.5886 1.5438 0.9980
Car 0.0000 0.0000 0.0000 53.0000 187.0000 270.0000 279.0000 1.4571 1.6684 4.1048 -8.4074 1.7482 13.9605 1.5697 0.9971
Car 0.0000 0.0000 0.0000 499.0000 168.0000 539.0000 202.0000 1.6052 1.7142 4.2901 -4.4337 1.3416 35.9314 1.5076 0.9932
Car 0.0000 0.0000 0.0000 523.0000 171.0000 549.0000 195.0000 1.5830 1.6543 3.9715 -5.1272 1.4223 51.2482 1.5174 0.9837
Car 0.0000 0.0000 0.0000 -1367.0000 174.0000 -154.0000 531.0000 1.6140 1.6826 3.6942 -8.3004 1.6364 5.1564 1.5427 0.9832
Car 0.0000 0.0000 0.0000 398.0000 175.0000 453.0000 210.0000 1.5331 1.6206 3.6034 -8.5610 1.5898 33.8668 1.5708 0.9676
Car 0.0000 0.0000 0.0000 646.0000 175.0000 666.0000 192.0000 1.4761 1.5839 3.7383 4.2749 1.6006 64.6155 -1.4634 0.9645
