Car 0.0000 0.0000 0.0000 589.0000 183.0000 641.0000 230.0000 1.4513 1.6211 3.5740 0.1088 1.7758 24.6346 1.5388 0.9998
Car 0.0000 0.0000 0.0000 292.0000 179.0000 454.0000 274.0000 1.5156 1.6093 3.7883 -4.5809 1.6363 13.5456 0.8808 0.9994
Car 0.0000 0.0000 0.0000 980.0000 175.0000 1264.0000 271.0000 1.5553 1.6041 4.0929 9.0947 1.6001 12.9685 -0.0984 0.9987
Car 0.0000 0.0000 0.0000 -4772.0000 -1585.0000 1752.0000 579.0000 1.7886 1.7077 3.7545 4.0220 1.6812 1.1733 1.5442 0.9985
Car 0.0000 0.0000 0.0000 115.0000 173.0000 231.0000 231.0000 1.7372 1.7089 3.7529 -14.3221 1.7408 23.8556 1.5180 0.9985
Car 0.0000 0.0000 0.0000 433.0000 162.0000 544.0000 223.0000 2.0747 1.7341 4.2905 -4.5513 1.6998 26.7633 0.7172 0.9974
Car 0.0000 0.0000 0.0000 635.0000 166.0000 667.0000 195.0000 2.3504 1.9826 5.1499 3.5920 1.6884 61.6107 1.4826 0.9972
Car 0.0000 0.0000 0.0000 213.0000 184.0000 295.0000 223.0000 1.4525 1.5743 3.7059 -14.3781 1.8801 29.3480 1.5594 0.9970
Car 0.0000 0.0000 0.0000 -141.0000 184.0000 67.0000 262.0000 1.5033 1.6110 3.7214 -14.3354 1.7511 16.2315 1.4719 0.9969
Car 0.0000 0.0000 0.0000 347.0000 176.0000 481.0000 255.0000 1.6297 1.7011 3.5020 -4.6231 1.6913 16.6972 0.8843 0.9944
Car 0.0000 0.0000 0.0000 -45.0000 183.0000 213.0000 293.0000 1.5118 1.5569 3.5487 -8.3495 1.6703 11.8127 1.5708 0.9943
Car 0.0000 0.0000 0.0000 -673.0000 181.0000 -15.0000 410.0000 1.5819 1.5845 3.5546 -8.2984 1.6606 6.8400 1.5522 0.9920
Car 0.0000 0.0000 0.0000 -98.0000 178.0000 246.0000 459.0000 1.5729 1.6316 3.7105 -4.6065 1.6256 5.9047 0.7511 0.9919
Car 0.0000 0.0000 0.0000 520.0000 170.0000 560.0000 203.0000 1.5687 1.6509 4.0265 -3.5262 1.4142 37.5501 1.5708 0.9720
