Car 0.0000 0.0000 0.0000 326.0000 191.0000 390.0000 236.0000 1.6556 1.7480 4.0544 -10.2760 2.3793 29.7248 1.4333 0.9999
Car 0.0000 0.0000 0.0000 -148.0000 210.0000 116.0000 335.0000 1.4878 1.6841 3.7560 -9.7625 2.1580 11.6071 1.3347 0.9995
Car 0.0000 0.0000 0.0000 -308.0000 220.0000 -31.0000 327.0000 1.4451 1.6504 3.8892 -14.2650 2.4319 13.5030 1.3317 0.9990
Car 0.0000 0.0000 0.0000 270.0000 175.0000 327.0000 218.0000 2.7131 2.0365 5.6175 -20.6865 2.7988 48.2064 1.4367 0.9983
Car 0.0000 0.0000 0.0000 811.0000 180.0000 840.0000 206.0000 1.5277 1.6237 3.8772 13.3578 1.9209 44.3347 -1.2640 0.9976
Car 0.0000 0.0000 0.0000 39.0000 195.0000 122.0000 223.0000 1.4590 1.5911 3.8475 -30.8176 2.7579 42.0480 -0.6236 0.9922
Car 0.0000 0.0000 0.0000 391.0000 193.0000 423.0000 218.0000 1.4734 1.6151 3.7228 -12.8983 2.7180 45.9750 1.2075 0.9911
Car 0.0000 0.0000 0.0000 366.0000 194.0000 419.0000 226.0000 1.4758 1.5970 3.7253 -11.1542 2.5586 37.2956 1.5701 0.9798
Car 0.0000 0.0000 0.0000 1344.0000 151.0000 2527.0000 487.0000 1.6031 1.6780 3.9420 8.5067 1.5156 5.4909 0.8865 0.9699
Car 0.0000 0.0000 0.0000 867.0000 179.0000 900.0000 197.0000 1.5520 1.6606 4.0235 24.3802 1.9988 63.6642 -0.9310 0.9664
