Car 0.0000 0.0000 0.0000 649.0000 183.0000 712.0000 226.0000 1.4415 1.5521 3.3276 2.5376 1.7897 26.4264 1.4289 0.9999
Car 0.0000 0.0000 0.0000 846.0000 181.0000 1062.0000 269.0000 1.4781 1.5776 3.5291 6.6150 1.6320 14.1890 1.0034 0.9995
Car 0.0000 0.0000 0.0000 335.0000 192.0000 435.0000 251.0000 1.5450 1.6346 4.1227 -6.7715 2.1528 22.1312 1.5708 0.9993
Car 0.0000 0.0000 0.0000 -47.0000 150.0000 343.0000 311.0000 2.0135 1.7522 4.3387 -6.2268 1.7355 9.9846 0.0311 0.9992
Car 0.0000 0.0000 0.0000 626.0000 180.0000 670.0000 211.0000 1.4497 1.6143 4.0173 1.9061 1.7739 36.2198 1.4812 0.9990
Car 0.0000 0.0000 0.0000 488.0000 190.0000 524.0000 218.0000 1.4491 1.6020 3.7679 -5.7576 2.3569 40.6070 1.5279 0.9968
Car 0.0000 0.0000 0.0000 457.0000 177.0000 520.0000 204.0000 1.6401 1.6059 3.6104 -7.4316 1.8344 44.7161 0.0344 0.9955
Car 0.0000 0.0000 0.0000 -256.0000 206.0000 216.0000 373.0000 1.5075 1.6060 3.7902 -6.5641 1.8981 7.6932 0.0733 0.9945
Car 0.0000 0.0000 0.0000 224.0000 197.0000 352.0000 285.0000 1.5064 1.5958 3.7105 -6.8196 2.0282 15.0325 0.9142 0.9942
Car 0.0000 0.0000 0.0000 434.0000 186.0000 489.0000 224.0000 1.4734 1.6422 4.0253 -6.1417 1.9819 30.3176 1.5200 0.9907
Car 0.0000 0.0000 0.0000 612.0000 179.0000 633.0000 196.0000 1.4762 1.6225 3.9148 1.2613 1.9540 66.4010 1.5017 0.9787
Car 0.0000 0.0000 0.0000 -659.0000 201.0000 42.0000 440.0000 1.5137 1.5991 3.6539 -6.8831 1.7663 5.6144 0.0650 0.9780
Car 0.0000 0.0000 0.0000 224.0000 197.0000 401.0000 265.0000 1.5301 1.5719 3.6262 -7.1290 2.1111 17.3967 0.1115 0.9759
Car 0.0000 0.0000 0.0000 362.0000 188.0000 476.0000 231.0000 1.4894 1.5917 3.7648 -7.0083 2.0294 26.7371 0.0462 0.9692
