Car 0.0000 0.0000 0.0000 821.0000 184.0000 1070.0000 361.0000 1.4577 1.5361 3.2001 3.2798 1.5891 7.7294 -1.4312 0.9999
Car 0.0000 0.0000 0.0000 456.0000 180.0000 537.0000 246.0000 1.5331 1.6028 3.5854 -2.8543 1.6927 18.7290 1.5510 0.9999
Car 0.0000 0.0000 0.0000 243.0000 191.0000 491.0000 362.0000 1.4985 1.6865 3.9987 -2.6030 1.7397 8.6464 1.5543 0.9999
Car 0.0000 0.0000 0.0000 -732.0000 217.0000 337.0000 814.0000 1.4172 1.5508 3.6872 -2.9556 1.7528 3.8094 1.5635 0.9993
Car 0.0000 0.0000 0.0000 1006.0000 163.0000 1127.0000 202.0000 1.5230 1.6514 4.2943 18.8807 1.1015 29.7679 -0.2194 0.9992
Car 0.0000 0.0000 0.0000 1117.0000 172.0000 1259.0000 229.0000 1.4809 1.5132 3.5333 16.4302 1.4587 20.4680 -0.3461 0.9991
Car 0.0000 0.0000 0.0000 761.0000 167.0000 879.0000 209.0000 1.5332 1.6398 4.1162 8.0748 1.3001 27.5951 0.4172 0.9991
Car 0.0000 0.0000 0.0000 506.0000 185.0000 560.0000 235.0000 1.4709 1.6005 3.8023 -2.5590 1.8387 23.6627 1.4476 0.9965
Car 0.0000 0.0000 0.0000 1201.0000 162.0000 1301.0000 196.0000 1.4975 1.6018 4.0529 29.9733 0.9814 33.6116 -0.2999 0.9945
Car 0.0000 0.0000 0.0000 677.0000 163.0000 738.0000 184.0000 1.4932 1.6325 4.2089 7.3321 0.6898 53.5304 -0.2277 0.9945
Car 0.0000 0.0000 0.0000 832.0000 179.0000 947.0000 286.0000 1.5322 1.5735 3.3914 4.6921 1.6357 12.2331 -1.2092 0.9851
Car 0.0000 0.0000 0.0000 -12017.0000 -2031.0000 12629.0000 4319.0000 1.5277 1.6282 3.8918 6.3911 1.4938 0.6883 0.1914 0.9798
Car 0.0000 0.0000 0.0000 860.0000 170.0000 1006.0000 248.0000 1.5729 1.6155 3.8409 7.4215 1.5034 16.3723 -0.7372 0.9614
