Car 0.0000 0.0000 0.0000 664.0000 180.0000 760.0000 248.0000 1.5452 1.6695 4.3512 2.5502 1.7247 19.0136 1.5140 0.9999
Car 0.0000 0.0000 0.0000 744.0000 191.0000 994.0000 340.0000 1.4491 1.5892 3.6436 2.9931 1.6978 9.2344 1.4753 0.9998
Car 0.0000 0.0000 0.0000 350.0000 184.0000 488.0000 234.0000 1.4623 1.6064 3.8630 -5.9348 1.8114 22.6260 0.0778 0.9994
Car 0.0000 0.0000 0.0000 89.0000 186.0000 357.0000 285.0000 1.5310 1.5844 3.6792 -6.4062 1.7518 12.0929 0.0621 0.9993
Car 0.0000 0.0000 0.0000 377.0000 171.0000 482.0000 217.0000 1.6984 1.6069 3.6087 -6.8531 1.6055 27.7010 0.0265 0.9992
Car 0.0000 0.0000 0.0000 180.0000 181.0000 389.0000 264.0000 1.5605 1.5849 3.5159 -6.5115 1.7123 14.5852 0.0332 0.9992
Car 0.0000 0.0000 0.0000 652.0000 180.0000 707.0000 217.0000 1.4101 1.5933 4.0773 2.8349 1.6638 29.8669 1.4988 0.9992
Car 0.0000 0.0000 0.0000 215.0000 169.0000 417.0000 251.0000 1.8062 1.6937 4.1120 -6.8977 1.7321 17.1456 0.0179 0.9988
Car 0.0000 0.0000 0.0000 380.0000 178.0000 466.0000 227.0000 1.5617 1.6004 3.8257 -6.5961 1.7196 25.1870 0.9423 0.9986
Car 0.0000 0.0000 0.0000 -258.0000 189.0000 219.0000 358.0000 1.5382 1.5970 3.7415 -6.4426 1.7303 7.5751 0.0577 0.9986
Car 0.0000 0.0000 0.0000 -44.0000 187.0000 294.0000 312.0000 1.5264 1.5734 3.6470 -6.5059 1.7292 9.8223 0.0735 0.9974
Car 0.0000 0.0000 0.0000 -700.0000 199.0000 102.0000 450.0000 1.4550 1.6051 3.8177 -6.1590 1.6758 5.1686 0.0220 0.9968
Car 0.0000 0.0000 0.0000 638.0000 173.0000 665.0000 196.0000 1.5047 1.6336 3.6655 2.8776 1.4444 49.0322 1.5708 0.9961
Car 0.0000 0.0000 0.0000 496.0000 167.0000 555.0000 190.0000 1.6664 1.7008 4.3443 -6.4406 1.1726 55.8120 0.0051 0.9910
Car 0.0000 0.0000 0.0000 471.0000 173.0000 518.0000 210.0000 1.6005 1.7017 3.8394 -5.3084 1.5916 33.8461 1.5402 0.9852
