Car 0.0000 0.0000 0.0000 679.0000 176.0000 856.0000 296.0000 1.5084 1.6133 3.8406 2.1814 1.5550 11.0734 1.4996 0.9999
Car 0.0000 0.0000 0.0000 634.0000 171.0000 709.0000 224.0000 1.5773 1.6171 3.7567 1.9389 1.5144 23.5825 1.4351 0.9999
Car 0.0000 0.0000 0.0000 480.0000 169.0000 537.0000 218.0000 1.5303 1.6624 3.6204 -3.3817 1.4041 24.6101 1.4995 0.9996
Car 0.0000 0.0000 0.0000 42.0000 180.0000 267.0000 264.0000 1.5980 1.5947 3.6258 -9.2275 1.7467 14.7196 0.0467 0.9987
Car 0.0000 0.0000 0.0000 614.0000 164.0000 656.0000 198.0000 1.7767 1.7463 3.9631 1.4042 1.2577 40.3335 1.4547 0.9983
Car 0.0000 0.0000 0.0000 519.0000 172.0000 551.0000 202.0000 1.4948 1.6154 3.3753 -3.9037 1.4115 38.4696 1.4924 0.9975
Car 0.0000 0.0000 0.0000 -17809.0000 -23572.0000 74853.0000 12930.0000 1.5101 1.6531 4.1466 -3.4471 1.6772 2.0837 1.4836 0.9968
Car 0.0000 0.0000 0.0000 490.0000 163.0000 534.0000 202.0000 1.4971 1.6584 3.7259 -3.9803 1.1076 29.8972 1.4786 0.9957
Car 0.0000 0.0000 0.0000 -184.0000 185.0000 58.0000 266.0000 1.5432 1.5773 3.6730 -13.8884 1.8005 14.9501 0.0551 0.9931
Car 0.0000 0.0000 0.0000 622.0000 176.0000 672.0000 215.0000 1.5030 1.6148 3.8669 1.5000 1.6006 29.8212 1.5029 0.9908
Car 0.0000 0.0000 0.0000 -207.0000 195.0000 17.0000 367.0000 1.4981 1.5982 3.7094 -8.3093 1.7831 8.4343 0.7584 0.9809
