Car 0.0000 0.0000 0.0000 673.0000 185.0000 760.0000 246.0000 1.3683 1.5694 3.9731 2.6637 1.6794 18.7942 1.5426 0.9997
Car 0.0000 0.0000 0.0000 656.0000 179.0000 713.0000 221.0000 1.4917 1.5923 3.8531 2.8429 1.6903 27.9704 1.5222 0.9995
Car 0.0000 0.0000 0.0000 553.0000 179.0000 583.0000 203.0000 1.3888 1.5877 3.6241 -2.4073 1.6780 43.0258 1.5704 0.9995
Car 0.0000 0.0000 0.0000 292.0000 165.0000 470.0000 239.0000 1.9117 1.7278 4.3410 -6.2233 1.7088 19.8766 0.0519 0.9994
Car 0.0000 0.0000 0.0000 114.0000 180.0000 387.0000 279.0000 1.5903 1.6306 3.9455 -6.1341 1.7089 12.5001 0.0661 0.9988
Car 0.0000 0.0000 0.0000 642.0000 175.0000 672.0000 200.0000 1.5415 1.6385 3.6988 3.1533 1.6219 46.4931 -1.4358 0.9986
Car 0.0000 0.0000 0.0000 382.0000 183.0000 506.0000 228.0000 1.4843 1.5903 3.8591 -5.7018 1.8256 24.9702 0.1408 0.9978
Car 0.0000 0.0000 0.0000 438.0000 175.0000 519.0000 212.0000 1.6763 1.5985 3.4980 -6.1594 1.7655 34.1727 0.0623 0.9969
Car 0.0000 0.0000 0.0000 -440.0000 191.0000 130.0000 387.0000 1.4771 1.5672 3.5519 -6.5873 1.6623 6.4088 0.0531 0.9967
Car 0.0000 0.0000 0.0000 1154.0000 170.0000 2342.0000 507.0000 1.5083 1.6407 3.9704 5.7596 1.5181 4.1496 0.0584 0.9963
Car 0.0000 0.0000 0.0000 -1053.0000 198.0000 -20.0000 524.0000 1.4843 1.5723 3.5979 -6.1912 1.6607 4.1879 0.0198 0.9957
Car 0.0000 0.0000 0.0000 495.0000 175.0000 545.0000 198.0000 1.5520 1.6022 3.9593 -6.1931 1.6250 49.8443 0.8891 0.9956
Car 0.0000 0.0000 0.0000 407.0000 182.0000 512.0000 224.0000 1.5132 1.5749 3.6345 -5.7472 1.8591 27.8172 0.1129 0.9942
