Car 0.0000 0.0000 0.0000 691.0000 203.0000 869.0000 270.0000 1.4906 1.6021 4.0120 4.0782 2.2606 17.7294 0.0401 0.9996
Car 0.0000 0.0000 0.0000 -67.0000 187.0000 257.0000 300.0000 1.5347 1.6036 3.8199 -7.6624 1.7653 10.8877 0.0445 0.9988
Car 0.0000 0.0000 0.0000 205.0000 200.0000 386.0000 272.0000 1.5086 1.6316 4.0752 -7.9948 2.2577 18.6694 -1.0062 0.9987
Car 0.0000 0.0000 0.0000 51.0000 187.0000 314.0000 280.0000 1.6150 1.6416 4.0190 -7.9274 1.8786 13.5278 0.0641 0.9983
Car 0.0000 0.0000 0.0000 967.0000 209.0000 1246.0000 463.0000 1.5076 1.6442 4.0884 4.4872 1.9398 6.9862 -1.0564 0.9982
Car 0.0000 0.0000 0.0000 -357.0000 181.0000 154.0000 367.0000 1.5679 1.6115 3.9598 -7.8120 1.6729 8.2840 -0.9759 0.9977
Car 0.0000 0.0000 0.0000 466.0000 195.0000 492.0000 216.0000 1.4441 1.7143 3.6641 -10.1852 3.1656 56.4386 1.3004 0.9975
Car 0.0000 0.0000 0.0000 298.0000 193.0000 422.0000 246.0000 1.7145 1.6468 3.9837 -9.0822 2.4658 26.3542 -0.6849 0.9954
Car 0.0000 0.0000 0.0000 272.0000 189.0000 404.0000 239.0000 1.5034 1.5779 3.8855 -8.8792 2.0254 23.8056 -0.1977 0.9933
Car 0.0000 0.0000 0.0000 671.0000 196.0000 812.0000 256.0000 1.4488 1.5311 3.7724 3.7370 2.1140 20.2309 -0.5140 0.9930
