Car 0.0000 0.0000 0.0000 565.0000 180.0000 643.0000 229.0000 1.5002 1.5988 3.6405 -0.2720 1.7081 24.2813 1.2574 0.9999
Car 0.0000 0.0000 0.0000 626.0000 187.0000 733.0000 256.0000 1.4082 1.5005 2.9649 1.5327 1.7385 16.9033 1.2920 0.9999
Car 0.0000 0.0000 0.0000 281.0000 187.0000 376.0000 253.0000 1.4832 1.6424 3.9447 -7.2662 1.8636 18.9160 1.3827 0.9998
Car 0.0000 0.0000 0.0000 720.0000 181.0000 844.0000 278.0000 1.5010 1.5493 3.3289 3.2198 1.6527 13.1340 -1.1332 0.9997
Car 0.0000 0.0000 0.0000 453.0000 171.0000 499.0000 207.0000 1.7576 1.7489 4.1818 -7.0693 1.6369 37.9844 1.2398 0.9995
Car 0.0000 0.0000 0.0000 324.0000 178.0000 393.0000 233.0000 1.6614 1.6600 3.9259 -8.2430 1.8071 23.8828 1.3638 0.9985
Car 0.0000 0.0000 0.0000 531.0000 181.0000 597.0000 221.0000 1.4765 1.6375 3.9231 -1.9073 1.7840 29.3919 1.2233 0.9976
Car 0.0000 0.0000 0.0000 525.0000 181.0000 565.0000 214.0000 1.4698 1.6203 4.0092 -3.1458 1.8062 34.6685 1.4053 0.9964
Car 0.0000 0.0000 0.0000 519.0000 181.0000 551.0000 211.0000 1.5097 1.5934 3.7356 -3.9892 1.9087 39.3990 1.5129 0.9627
Car 0.0000 0.0000 0.0000 500.0000 178.0000 534.0000 203.0000 1.5588 1.6379 3.6877 -6.1511 1.8500 47.9183 1.2889 0.9623
