Car 0.0000 0.0000 0.0000 765.0000 183.0000 932.0000 289.0000 1.4982 1.5926 3.6660 3.7962 1.6607 12.1631 1.5708 0.9999
Car 0.0000 0.0000 0.0000 252.0000 177.0000 450.0000 309.0000 1.6770 1.7070 4.1976 -3.8159 1.7387 11.3696 1.5472 0.9999
Car 0.0000 0.0000 0.0000 456.0000 179.0000 563.0000 249.0000 1.5925 1.6296 3.8139 -2.4494 1.7285 18.4923 -1.4003 0.9998
Car 0.0000 0.0000 0.0000 746.0000 184.0000 840.0000 253.0000 1.4448 1.5939 3.8887 4.2883 1.7019 17.3857 -1.4747 0.9997
Car 0.0000 0.0000 0.0000 906.0000 159.0000 985.0000 196.0000 1.6200 1.6951 4.0575 15.5349 0.9877 33.4923 1.5565 0.9997
Car 0.0000 0.0000 0.0000 630.0000 177.0000 702.0000 219.0000 1.5793 1.6577 4.0100 2.3568 1.7041 28.9368 -1.1570 0.9996
Car 0.0000 0.0000 0.0000 900.0000 190.0000 1790.0000 608.0000 1.4888 1.6431 4.0504 3.5784 1.6372 4.7487 1.5399 0.9995
Car 0.0000 0.0000 0.0000 -768.0000 206.0000 235.0000 706.0000 1.4450 1.5647 3.3521 -3.7234 1.6934 3.9910 1.5265 0.9993
Car 0.0000 0.0000 0.0000 -147.0000 200.0000 -26.0000 238.0000 1.4267 1.6540 3.7011 -29.9209 2.6060 31.0646 1.5708 0.9974
Car 0.0000 0.0000 0.0000 370.0000 168.0000 399.0000 184.0000 1.4629 1.6393 3.6551 -20.1067 0.9141 64.7503 1.5299 0.9973
Car 0.0000 0.0000 0.0000 792.0000 172.0000 844.0000 216.0000 1.5068 1.5774 3.4926 7.7956 1.4617 26.7363 -1.2105 0.9958
Car 0.0000 0.0000 0.0000 820.0000 164.0000 851.0000 189.0000 1.5057 1.6002 3.7737 14.7291 0.9218 46.8393 -1.3402 0.9933
Car 0.0000 0.0000 0.0000 973.0000 160.0000 1048.0000 199.0000 1.6397 1.7036 4.2672 18.1273 1.0826 32.7050 -1.3856 0.9918
Car 0.0000 0.0000 0.0000 699.0000 173.0000 733.0000 201.0000 1.6025 1.6481 4.0617 6.3601 1.5569 42.9888 1.5708 0.9898
Car 0.0000 0.0000 0.0000 731.0000 173.0000 769.0000 195.0000 1.5504 1.6391 3.8088 10.4278 1.5061 52.9758 -1.0819 0.9884
Car 0.0000 0.0000 0.0000 349.0000 157.0000 390.0000 182.0000 1.8261 1.7806 4.1477 -18.2741 0.6188 55.1330 1.5591 0.9622
Car 0.0000 0.0000 0.0000 762.0000 175.0000 821.0000 228.0000 1.5560 1.5646 3.3868 5.7700 1.5861 22.6012 -1.2518 0.9606
