Car 0.0000 0.0000 0.0000 733.0000 173.0000 831.0000 248.0000 1.7469 1.7024 3.8963 4.3999 1.7499 18.9591 1.5708 0.9997
Car 0.0000 0.0000 0.0000 761.0000 185.0000 880.0000 284.0000 1.5104 1.6419 4.0980 3.7278 1.7353 13.4074 -1.3993 0.9997
Car 0.0000 0.0000 0.0000 907.0000 65.0000 2914.0000 1083.0000 1.7511 1.7235 4.1950 3.0892 1.5853 3.3459 1.5683 0.9996
Car 0.0000 0.0000 0.0000 714.0000 180.0000 767.0000 221.0000 1.4986 1.6142 3.9006 5.1667 1.7630 28.7715 1.5708 0.9995
Car 0.0000 0.0000 0.0000 -1993.0000 210.0000 310.0000 1413.0000 1.4834 1.6644 3.9440 -2.9000 1.7299 2.9917 1.5431 0.9993
Car 0.0000 0.0000 0.0000 664.0000 178.0000 690.0000 200.0000 1.4790 1.6607 3.8012 4.7280 1.7606 49.9908 1.5708 0.9990
Car 0.0000 0.0000 0.0000 540.0000 179.0000 570.0000 202.0000 1.6804 1.7462 4.7331 -4.0172 2.0536 54.5631 1.5708 0.9916
Car 0.0000 0.0000 0.0000 787.0000 135.0000 1008.0000 327.0000 1.8822 1.6490 3.3628 3.2157 1.5164 8.7795 -1.4576 0.9912
Car 0.0000 0.0000 0.0000 816.0000 118.0000 967.0000 183.0000 1.8154 1.7031 4.0758 8.7201 0.2430 22.3425 0.5739 0.9867
Car 0.0000 0.0000 0.0000 702.0000 184.0000 743.0000 212.0000 1.4806 1.5738 3.6465 6.3956 2.0378 40.2816 -1.2159 0.9852
Car 0.0000 0.0000 0.0000 680.0000 178.0000 700.0000 195.0000 1.4798 1.5947 3.7069 7.2919 1.8337 64.1613 -1.4236 0.9766
Car 0.0000 0.0000 0.0000 856.0000 103.0000 952.0000 175.0000 1.6026 1.6335 3.7147 7.3528 0.0175 18.3102 -1.3467 0.9686
Car 0.0000 0.0000 0.0000 512.0000 175.0000 552.0000 202.0000 1.6994 1.7445 4.4778 -4.9436 1.7540 47.1274 -1.4746 0.9684
