Car 0.0000 0.0000 0.0000 832.0000 184.0000 1646.0000 618.0000 1.5868 1.6731 4.1323 3.0107 1.6714 4.7975 1.5256 0.9999
Car 0.0000 0.0000 0.0000 321.0000 188.0000 509.0000 309.0000 1.4831 1.6805 4.4641 -2.8511 1.7484 11.5148 1.5708 0.9998
Car 0.0000 0.0000 0.0000 725.0000 189.0000 892.0000 303.0000 1.4786 1.5668 3.6397 2.9525 1.7422 11.5297 1.5427 0.9997
Car 0.0000 0.0000 0.0000 666.0000 183.0000 710.0000 219.0000 1.3987 1.5407 3.7552 3.2935 1.7992 30.7671 1.5708 0.9996
Car 0.0000 0.0000 0.0000 688.0000 184.0000 793.0000 260.0000 1.5237 1.6150 4.0810 2.9179 1.7925 16.9280 1.5500 0.9996
Car 0.0000 0.0000 0.0000 428.0000 175.0000 527.0000 252.0000 1.6616 1.6781 3.8341 -3.1150 1.7161 17.6411 1.5708 0.9992
Car 0.0000 0.0000 0.0000 500.0000 176.0000 552.0000 224.0000 1.6041 1.5839 3.3023 -2.9747 1.7046 26.3031 1.5490 0.9990
Car 0.0000 0.0000 0.0000 651.0000 179.0000 676.0000 203.0000 1.5821 1.6906 3.7396 3.8793 1.9583 51.1010 1.5708 0.9985
Car 0.0000 0.0000 0.0000 641.0000 163.0000 670.0000 190.0000 2.2201 1.9357 4.8551 4.0968 1.3253 63.1496 1.5198 0.9958
Car 0.0000 0.0000 0.0000 526.0000 182.0000 568.0000 216.0000 1.4771 1.6353 3.6409 -2.8448 1.8599 33.5353 1.5708 0.9767
