Car 0.0000 0.0000 0.0000 842.0000 177.0000 954.0000 250.0000 1.5480 1.5703 3.2956 6.5841 1.6204 16.8053 -1.4667 0.9998
Car 0.0000 0.0000 0.0000 940.0000 178.0000 1088.0000 253.0000 1.5204 1.5901 3.4010 9.0107 1.6183 16.3797 1.5708 0.9996
Car 0.0000 0.0000 0.0000 99.0000 167.0000 240.0000 217.0000 2.1651 1.8592 5.4070 -19.9832 1.8750 32.8368 0.0540 0.9992
Car 0.0000 0.0000 0.0000 -24.0000 180.0000 159.0000 236.0000 1.8890 1.7457 5.1082 -19.7428 2.1233 26.4632 -0.3114 0.9986
Car 0.0000 0.0000 0.0000 170.0000 169.0000 270.0000 209.0000 2.0069 1.7252 4.4002 -20.3817 1.7716 37.7948 0.1231 0.9977
Car 0.0000 0.0000 0.0000 -103.0000 191.0000 84.0000 250.0000 1.5310 1.5925 3.8859 -18.0817 2.0666 21.2050 -0.3812 0.9974
Car 0.0000 0.0000 0.0000 226.0000 179.0000 300.0000 210.0000 1.6887 1.6045 3.8181 -20.2312 2.0125 42.0793 -0.5053 0.9960
Car 0.0000 0.0000 0.0000 -165.0000 196.0000 17.0000 286.0000 1.6496 1.6871 4.1107 -14.6349 2.1459 15.3313 0.5100 0.9902
Car 0.0000 0.0000 0.0000 -373.0000 194.0000 -235.0000 251.0000 1.7789 1.7647 3.8594 -32.3608 2.5175 25.6231 1.0312 0.9874
Car 0.0000 0.0000 0.0000 832.0000 146.0000 918.0000 217.0000 1.9876 1.8070 4.6621 8.2232 1.2352 22.6894 -1.3755 0.9762
