Car 0.0000 0.0000 0.0000 422.0000 184.0000 479.0000 222.0000 1.4635 1.6364 3.7772 -6.5580 1.9049 30.1287 1.5466 0.9998
Car 0.0000 0.0000 0.0000 585.0000 175.0000 638.0000 219.0000 1.6234 1.6813 3.6363 0.0345 1.6703 28.8060 1.4581 0.9998
Car 0.0000 0.0000 0.0000 763.0000 173.0000 975.0000 286.0000 1.5735 1.5943 3.6016 4.3012 1.5669 11.7910 -0.6683 0.9982
Car 0.0000 0.0000 0.0000 828.0000 174.0000 1118.0000 344.0000 1.5466 1.5786 3.5812 4.2563 1.5586 8.2982 -0.6592 0.9974
Car 0.0000 0.0000 0.0000 712.0000 181.0000 853.0000 243.0000 1.4604 1.5790 3.7988 4.6340 1.6701 19.0883 -0.6554 0.9972
Car 0.0000 0.0000 0.0000 513.0000 181.0000 538.0000 199.0000 1.4658 1.6812 3.9069 -7.2566 2.1038 63.1581 1.5708 0.9972
Car 0.0000 0.0000 0.0000 428.0000 178.0000 450.0000 195.0000 1.4846 1.6453 3.7527 -15.3185 1.8762 65.2305 1.4087 0.9970
Car 0.0000 0.0000 0.0000 667.0000 173.0000 749.0000 212.0000 1.5421 1.6498 3.7755 4.1832 1.4998 30.0270 -0.8863 0.9964
Car 0.0000 0.0000 0.0000 454.0000 179.0000 486.0000 199.0000 1.5089 1.6964 3.8500 -10.9907 1.9389 57.1965 1.5708 0.9928
Car 0.0000 0.0000 0.0000 637.0000 167.0000 698.0000 195.0000 1.9028 1.7868 4.4875 4.2113 1.4569 50.9921 -0.7577 0.9898
Car 0.0000 0.0000 0.0000 1058.0000 162.0000 1155.0000 193.0000 1.7621 1.6740 4.4655 29.3565 1.0891 42.5460 0.0861 0.9895
Car 0.0000 0.0000 0.0000 1063.0000 165.0000 1647.0000 663.0000 1.6080 1.6263 3.8026 4.1359 1.5856 4.2110 -0.7483 0.9870
Car 0.0000 0.0000 0.0000 667.0000 176.0000 719.0000 207.0000 1.4819 1.6151 4.1451 4.2580 1.5789 36.0888 -1.2146 0.9840
Car 0.0000 0.0000 0.0000 771.0000 186.0000 941.0000 272.0000 1.5041 1.5881 3.9223 4.9847 1.7896 15.2004 1.3680 0.9756
