Car 0.0000 0.0000 0.0000 595.0000 184.0000 667.0000 236.0000 1.5121 1.5932 3.4404 0.6299 1.8670 23.4365 1.3810 0.9999
Car 0.0000 0.0000 0.0000 684.0000 176.0000 864.0000 299.0000 1.6113 1.6266 3.5342 2.3755 1.6595 11.3802 1.4418 0.9999
Car 0.0000 0.0000 0.0000 575.0000 186.0000 613.0000 218.0000 1.3948 1.5408 3.2970 -0.7598 1.9649 33.4800 1.4865 0.9998
Car 0.0000 0.0000 0.0000 867.0000 196.0000 1607.0000 616.0000 1.4844 1.5500 3.2439 2.9319 1.6644 4.3455 1.5339 0.9997
Car 0.0000 0.0000 0.0000 192.0000 195.0000 373.0000 304.0000 1.5127 1.6522 4.1138 -5.5643 1.9308 12.7707 1.4787 0.9997
Car 0.0000 0.0000 0.0000 401.0000 191.0000 450.0000 232.0000 1.4747 1.6082 3.6965 -7.2871 2.1884 28.7942 1.3905 0.9995
Car 0.0000 0.0000 0.0000 -68.0000 200.0000 263.0000 406.0000 1.5150 1.5646 3.2091 -4.9094 1.8364 7.3917 1.3883 0.9995
Car 0.0000 0.0000 0.0000 425.0000 182.0000 467.0000 216.0000 1.6362 1.7077 4.0857 -8.5159 2.0742 37.9237 1.4662 0.9980
Car 0.0000 0.0000 0.0000 738.0000 145.0000 805.0000 182.0000 1.4940 1.5624 3.5228 6.8612 0.3306 30.7442 1.4119 0.9857
Car 0.0000 0.0000 0.0000 729.0000 179.0000 815.0000 230.0000 1.4743 1.5720 3.9551 5.3298 1.6668 23.2886 -1.0451 0.9820
Car 0.0000 0.0000 0.0000 447.0000 185.0000 479.0000 207.0000 1.5126 1.6613 3.8514 -10.4702 2.3156 51.9332 1.5283 0.9813
