Car 0.0000 0.0000 0.0000 362.0000 184.0000 466.0000 257.0000 1.5110 1.6319 3.8021 -4.5091 1.7556 17.0484 1.5088 0.9999
Car 0.0000 0.0000 0.0000 783.0000 155.0000 983.0000 230.0000 1.8114 1.7652 4.5050 6.9495 1.3818 18.6904 0.0409 0.9997
Car 0.0000 0.0000 0.0000 -259.0000 104.0000 343.0000 451.0000 1.9155 1.7898 4.4572 -4.0334 1.5496 6.2447 1.5505 0.9997
Car 0.0000 0.0000 0.0000 241.0000 181.0000 433.0000 312.0000 1.6949 1.6824 4.1472 -4.1274 1.8224 11.5728 1.5254 0.9997
Car 0.0000 0.0000 0.0000 806.0000 153.0000 1016.0000 238.0000 1.7535 1.6567 3.9640 6.5859 1.3415 16.0493 0.0431 0.9996
Car 0.0000 0.0000 0.0000 954.0000 207.0000 10578.0000 5385.0000 1.4716 1.5957 3.8915 2.7855 1.6587 2.1893 1.5466 0.9986
Car 0.0000 0.0000 0.0000 1065.0000 170.0000 1324.0000 299.0000 1.5334 1.5920 3.8720 8.3704 1.4914 10.2694 -0.5303 0.9975
Car 0.0000 0.0000 0.0000 951.0000 173.0000 1151.0000 267.0000 1.5197 1.5730 3.8526 8.2170 1.5130 13.3505 -0.5515 0.9973
Car 0.0000 0.0000 0.0000 1275.0000 165.0000 1623.0000 363.0000 1.5689 1.6040 4.0210 8.6685 1.4926 7.3876 -0.5260 0.9903
Car 0.0000 0.0000 0.0000 454.0000 192.0000 477.0000 210.0000 1.5185 1.7610 4.1266 -13.2144 3.2396 66.8476 1.4508 0.9884
Car 0.0000 0.0000 0.0000 -1947945.0000 -75966.0000 4652.0000 1169.0000 1.4961 1.5790 3.7572 8.9801 1.4924 1.6443 -0.5557 0.9827
Car 0.0000 0.0000 0.0000 -640.0000 -1215.0000 3852.0000 650.0000 1.5496 1.6372 3.6184 -3.6995 1.7177 0.8746 1.5083 0.9768
Car 0.0000 0.0000 0.0000 1730.0000 147.0000 2621.0000 551.0000 1.5356 1.5973 3.8103 8.6615 1.4328 4.4955 -0.6274 0.9647
