Car 0.0000 0.0000 0.0000 579.0000 180.0000 683.0000 251.0000 1.5255 1.6444 3.9887 0.3759 1.6724 17.5652 1.3687 0.9999
Car 0.0000 0.0000 0.0000 33.0000 188.0000 282.0000 314.0000 1.4036 1.5691 3.5778 -6.1099 1.6297 10.1864 1.4694 0.9998
Car 0.0000 0.0000 0.0000 253.0000 181.0000 378.0000 251.0000 1.4138 1.6424 3.8244 -6.6380 1.5831 16.6215 1.4773 0.9997
Car 0.0000 0.0000 0.0000 290.0000 167.0000 342.0000 202.0000 1.5939 1.7172 3.7905 -13.9513 1.2870 34.4057 1.3406 0.9996
Car 0.0000 0.0000 0.0000 482.0000 178.0000 535.0000 223.0000 1.5270 1.6542 3.6575 -3.7903 1.7031 26.6900 1.3598 0.9995
Car 0.0000 0.0000 0.0000 396.0000 182.0000 434.0000 212.0000 1.4283 1.6140 3.7056 -9.8397 1.8623 36.6997 1.3671 0.9993
Car 0.0000 0.0000 0.0000 333.0000 177.0000 410.0000 223.0000 1.4620 1.7060 4.4065 -8.1957 1.5738 25.1169 1.4538 0.9992
Car 0.0000 0.0000 0.0000 -7.0000 169.0000 200.0000 254.0000 1.5761 1.7160 4.3553 -10.8831 1.5093 15.6718 1.4830 0.9989
Car 0.0000 0.0000 0.0000 -3795.0000 204.0000 -80.0000 1446.0000 1.4676 1.6145 3.6815 -5.2108 1.6590 2.8602 1.4416 0.9989
Car 0.0000 0.0000 0.0000 379.0000 179.0000 407.0000 198.0000 1.4387 1.6495 3.8173 -17.6686 1.8887 59.0124 1.4217 0.9981
Car 0.0000 0.0000 0.0000 440.0000 182.0000 467.0000 200.0000 1.4764 1.6221 3.6398 -13.0648 2.1355 60.6029 1.1931 0.9981
Car 0.0000 0.0000 0.0000 533.0000 179.0000 554.0000 198.0000 1.5215 1.6776 3.8007 -5.2477 1.9052 58.2236 1.4940 0.9975
Car 0.0000 0.0000 0.0000 228.0000 172.0000 320.0000 219.0000 1.5055 1.6275 3.8739 -11.5936 1.4501 25.1588 1.5043 0.9970
Car 0.0000 0.0000 0.0000 -1701.0000 161.0000 -280.0000 513.0000 1.5526 1.6629 4.0024 -9.7363 1.5146 5.2809 1.4420 0.9938
Car 0.0000 0.0000 0.0000 461.0000 181.0000 501.0000 214.0000 1.5022 1.6162 3.7521 -6.3135 1.8759 35.8394 1.4829 0.9790
Car 0.0000 0.0000 0.0000 485.0000 161.0000 517.0000 187.0000 1.7388 1.7661 4.2430 -7.7182 0.8946 51.2643 1.3046 0.9754
Car 0.0000 0.0000 0.0000 424.0000 179.0000 459.0000 203.0000 1.4783 1.6156 3.8311 -10.6773 1.8090 46.0575 1.4954 0.9686
