Car 0.0000 0.0000 0.0000 496.0000 173.0000 555.0000 220.0000 1.5639 1.6628 3.9749 -2.9431 1.5576 26.0502 1.5707 0.9999
Car 0.0000 0.0000 0.0000 668.0000 182.0000 748.0000 248.0000 1.4995 1.5539 3.2196 2.4179 1.7242 18.4349 1.5645 0.9998
Car 0.0000 0.0000 0.0000 687.0000 180.0000 804.0000 272.0000 1.5372 1.5302 2.8254 2.4683 1.6701 13.7359 1.5144 0.9996
Car 0.0000 0.0000 0.0000 11.0000 189.0000 422.0000 447.0000 1.4796 1.6013 3.7311 -2.8855 1.6436 6.1960 1.5389 0.9995
Car 0.0000 0.0000 0.0000 271.0000 169.0000 434.0000 231.0000 1.6024 1.6071 3.8674 -6.9762 1.4974 19.7007 0.0815 0.9993
Car 0.0000 0.0000 0.0000 528.0000 170.0000 575.0000 204.0000 1.5239 1.6342 3.8251 -2.6809 1.3614 34.0887 1.5708 0.9989
Car 0.0000 0.0000 0.0000 633.0000 175.0000 659.0000 197.0000 1.5054 1.6331 3.7128 2.5855 1.5992 50.8625 1.5671 0.9987
Car 0.0000 0.0000 0.0000 515.0000 159.0000 564.0000 177.0000 1.6335 1.7329 4.4536 -6.6086 0.2623 69.2829 0.0532 0.9961
Car 0.0000 0.0000 0.0000 436.0000 157.0000 522.0000 193.0000 1.7339 1.6804 4.0755 -6.6434 0.9203 37.0164 0.0425 0.9866
Car 0.0000 0.0000 0.0000 571.0000 169.0000 593.0000 186.0000 1.6383 1.7046 3.8752 -2.5768 1.1640 69.6338 1.4373 0.9801
Car 0.0000 0.0000 0.0000 174.0000 142.0000 360.0000 246.0000 1.6538 1.6844 4.0942 -6.2474 1.1647 13.6241 1.5355 0.9702
