Car 0.0000 0.0000 0.0000 732.0000 206.0000 982.0000 378.0000 1.4725 1.5942 3.3702 2.6077 1.9241 8.4960 1.5092 0.9999
Car 0.0000 0.0000 0.0000 668.0000 195.0000 795.0000 287.0000 1.4516 1.5681 3.5124 2.1679 1.8989 13.8340 1.4903 0.9999
Car 0.0000 0.0000 0.0000 633.0000 192.0000 695.0000 241.0000 1.5035 1.6023 3.7851 1.8464 2.1985 25.5563 1.4911 0.9999
Car 0.0000 0.0000 0.0000 329.0000 194.0000 508.0000 327.0000 1.5036 1.6341 3.7274 -2.5775 1.8368 10.4605 1.5616 0.9998
Car 0.0000 0.0000 0.0000 523.0000 189.0000 564.0000 221.0000 1.4685 1.5937 3.9065 -3.2200 2.2275 36.0327 1.5708 0.9997
Car 0.0000 0.0000 0.0000 944.0000 236.0000 4889.0000 2427.0000 1.4525 1.5655 3.6582 2.6578 1.8152 2.4360 1.5708 0.9993
Car 0.0000 0.0000 0.0000 468.0000 191.0000 539.0000 251.0000 1.5066 1.6299 3.5246 -2.9707 2.0408 20.7699 1.5365 0.9993
Car 0.0000 0.0000 0.0000 540.0000 182.0000 573.0000 211.0000 1.5876 1.6912 4.2780 -2.9872 2.0462 41.6600 1.5477 0.9992
Car 0.0000 0.0000 0.0000 431.0000 188.0000 530.0000 272.0000 1.5550 1.6153 3.5642 -2.7118 1.8883 15.6976 1.5394 0.9989
Car 0.0000 0.0000 0.0000 656.0000 192.0000 733.0000 254.0000 1.5444 1.5573 3.1661 2.3244 2.0934 20.4982 1.4851 0.9981
Car 0.0000 0.0000 0.0000 660.0000 165.0000 683.0000 185.0000 1.4557 1.6272 3.7355 4.7567 0.7847 54.5013 1.5708 0.9952
Car 0.0000 0.0000 0.0000 597.0000 188.0000 625.0000 206.0000 1.4651 1.5905 3.3597 0.2576 2.7396 62.8099 -1.3135 0.9924
