Car 0.0000 0.0000 0.0000 -139.0000 200.0000 415.0000 533.0000 1.4493 1.6354 3.8473 -2.8074 1.7048 5.3398 1.5570 0.9998
Car 0.0000 0.0000 0.0000 637.0000 177.0000 678.0000 211.0000 1.5540 1.6254 3.3421 2.3050 1.7319 34.9219 1.5190 0.9996
Car 0.0000 0.0000 0.0000 657.0000 164.0000 843.0000 237.0000 1.6586 1.6832 4.1992 3.2702 1.4516 17.4032 0.1002 0.9996
Car 0.0000 0.0000 0.0000 -38.0000 196.0000 287.0000 352.0000 1.4406 1.5661 3.7296 -5.6677 1.7656 8.9651 1.5624 0.9990
Car 0.0000 0.0000 0.0000 368.0000 107.0000 520.0000 272.0000 2.6209 2.1101 5.7892 -3.0292 1.5754 14.4222 1.4959 0.9987
Car 0.0000 0.0000 0.0000 758.0000 150.0000 1149.0000 301.0000 1.7486 1.7120 4.2448 4.1560 1.4960 9.3683 0.0993 0.9986
Car 0.0000 0.0000 0.0000 495.0000 159.0000 558.0000 221.0000 1.9631 1.7049 3.8605 -2.7583 1.5039 24.7452 1.5706 0.9980
Car 0.0000 0.0000 0.0000 927.0000 126.0000 2249.0000 554.0000 1.5739 1.6810 4.0896 3.9923 1.4245 3.6385 0.0787 0.9973
Car 0.0000 0.0000 0.0000 235.0000 195.0000 378.0000 285.0000 1.4359 1.5111 3.4117 -5.7395 1.8862 13.9762 1.5105 0.9959
Car 0.0000 0.0000 0.0000 629.0000 178.0000 660.0000 205.0000 1.4569 1.5612 3.4321 1.9279 1.6647 39.9246 1.5703 0.9864
Car 0.0000 0.0000 0.0000 785.0000 134.0000 892.0000 174.0000 1.6853 1.7541 4.2691 10.2716 -0.0379 32.4630 0.0963 0.9782
Car 0.0000 0.0000 0.0000 721.0000 126.0000 794.0000 164.0000 1.5206 1.6400 4.2615 6.7563 -0.4753 32.4483 -0.9638 0.9687
