Car 0.0000 0.0000 0.0000 889.0000 144.0000 1019.0000 209.0000 1.9273 1.8608 4.6375 11.1258 1.0494 23.6797 1.5303 0.9996
Car 0.0000 0.0000 0.0000 294.0000 163.0000 463.0000 236.0000 1.9301 1.7105 4.1809 -6.3908 1.6621 20.2145 0.0257 0.9996
Car 0.0000 0.0000 0.0000 190.0000 177.0000 408.0000 260.0000 1.6223 1.6096 3.8842 -6.4513 1.7005 15.1342 0.0565 0.9996
Car 0.0000 0.0000 0.0000 972.0000 160.0000 1078.0000 209.0000 1.4973 1.5956 3.3853 13.8821 1.0870 24.2599 1.5708 0.9992
Car 0.0000 0.0000 0.0000 -45.0000 157.0000 313.0000 303.0000 1.8653 1.6821 4.0338 -6.5748 1.6785 10.1581 0.0692 0.9991
Car 0.0000 0.0000 0.0000 387.0000 167.0000 503.0000 216.0000 1.6565 1.6166 3.8463 -5.9667 1.4474 26.0851 0.3910 0.9988
Car 0.0000 0.0000 0.0000 404.0000 166.0000 513.0000 209.0000 1.6246 1.6318 3.9410 -5.9242 1.3468 28.5576 0.0592 0.9981
Car 0.0000 0.0000 0.0000 261.0000 174.0000 420.0000 243.0000 1.6072 1.5819 3.3217 -6.5837 1.6328 17.7608 0.1159 0.9979
Car 0.0000 0.0000 0.0000 -541.0000 135.0000 103.0000 440.0000 1.8146 1.6165 3.3527 -5.9696 1.6064 5.3424 0.1600 0.9963
Car 0.0000 0.0000 0.0000 653.0000 167.0000 739.0000 200.0000 1.7302 1.7853 4.6606 4.7986 1.3827 40.2382 0.0539 0.9803
Car 0.0000 0.0000 0.0000 358.0000 173.0000 465.0000 223.0000 1.5118 1.5559 3.5537 -6.5206 1.5064 23.5405 0.6606 0.9619
