Car 0.0000 0.0000 0.0000 774.0000 184.0000 936.0000 285.0000 1.5042 1.5641 3.3966 4.0963 1.6934 12.6269 1.5340 0.9999
Car 0.0000 0.0000 0.0000 439.0000 185.0000 513.0000 239.0000 1.5354 1.6908 3.9919 -4.1696 1.9160 23.0082 1.5579 0.9999
Car 0.0000 0.0000 0.0000 733.0000 184.0000 836.0000 251.0000 1.4350 1.5785 3.7495 4.1873 1.7064 17.8503 1.5553 0.9999
Car 0.0000 0.0000 0.0000 861.0000 193.0000 1317.0000 421.0000 1.4570 1.6153 4.0035 3.9443 1.6849 6.9134 1.5464 0.9998
Car 0.0000 0.0000 0.0000 707.0000 180.0000 781.0000 230.0000 1.4863 1.5958 3.5198 4.2681 1.6872 23.3621 1.5343 0.9997
Car 0.0000 0.0000 0.0000 481.0000 183.0000 538.0000 225.0000 1.5203 1.6210 3.8029 -3.9084 1.9016 28.7520 1.5708 0.9996
Car 0.0000 0.0000 0.0000 554.0000 179.0000 581.0000 203.0000 1.5737 1.7023 4.1956 -2.8328 1.9455 50.4189 1.5620 0.9989
Car 0.0000 0.0000 0.0000 506.0000 183.0000 552.0000 217.0000 1.4480 1.5815 3.7420 -3.6842 1.8952 33.5641 1.5708 0.9983
Car 0.0000 0.0000 0.0000 -4437.0000 -1532.0000 1684.0000 564.0000 1.6420 1.6607 3.8210 3.8300 1.6567 1.2024 1.5510 0.9976
Car 0.0000 0.0000 0.0000 365.0000 180.0000 457.0000 215.0000 1.5145 1.5811 3.7269 -8.9893 1.8151 32.8551 0.0512 0.9941
Car 0.0000 0.0000 0.0000 692.0000 179.0000 752.0000 221.0000 1.5341 1.6379 4.0489 4.4076 1.7555 28.6280 1.5410 0.9937
Car 0.0000 0.0000 0.0000 685.0000 176.0000 724.0000 205.0000 1.5182 1.5809 3.5815 5.1768 1.6380 39.4295 1.5502 0.9827
