Car 0.0000 0.0000 0.0000 565.0000 173.0000 610.0000 217.0000 1.5991 1.6651 3.4789 -0.8404 1.5923 28.5137 1.5618 0.9997
Car 0.0000 0.0000 0.0000 319.0000 177.0000 491.0000 296.0000 1.6129 1.7283 4.2474 -3.1756 1.6808 11.9838 1.5545 0.9997
Car 0.0000 0.0000 0.0000 462.0000 174.0000 524.0000 218.0000 1.4549 1.6536 3.5834 -4.0768 1.4638 25.6544 1.5527 0.9996
Car 0.0000 0.0000 0.0000 511.0000 167.0000 547.0000 197.0000 1.4798 1.6060 3.6274 -4.1320 1.1324 37.6608 1.5409 0.9996
Car 0.0000 0.0000 0.0000 238.0000 179.0000 353.0000 242.0000 1.4587 1.6013 3.4011 -8.0704 1.6074 18.7670 1.5412 0.9994
Car 0.0000 0.0000 0.0000 -259.0000 170.0000 160.0000 340.0000 1.6283 1.7116 3.7829 -7.6166 1.6173 8.8625 1.5697 0.9988
Car 0.0000 0.0000 0.0000 44.0000 181.0000 210.0000 246.0000 1.5318 1.7078 4.2369 -12.7491 1.7276 19.3628 1.5464 0.9984
Car 0.0000 0.0000 0.0000 539.0000 168.0000 559.0000 191.0000 2.1325 1.8136 4.2092 -5.7723 1.6301 70.2314 1.5090 0.9856
Car 0.0000 0.0000 0.0000 218.0000 177.0000 306.0000 224.0000 1.5867 1.6819 3.8012 -12.6873 1.7080 26.5136 1.4869 0.9807
Car 0.0000 0.0000 0.0000 385.0000 173.0000 443.0000 210.0000 1.5191 1.6025 3.7984 -8.3574 1.4829 31.1488 1.5375 0.9794
Car 0.0000 0.0000 0.0000 313.0000 179.0000 387.0000 225.0000 1.4667 1.6203 3.7648 -8.9540 1.6428 25.1482 1.4524 0.9734
