Car 0.0000 0.0000 0.0000 420.0000 179.0000 469.0000 211.0000 1.5747 1.7243 4.0440 -8.5835 1.8500 37.8547 1.5520 0.9998
Car 0.0000 0.0000 0.0000 265.0000 186.0000 344.0000 230.0000 1.5839 1.6863 3.6229 -11.7743 2.0595 28.0299 1.5153 0.9998
Car 0.0000 0.0000 0.0000 508.0000 174.0000 539.0000 199.0000 1.5963 1.7576 3.8006 -5.6226 1.6298 47.8778 1.5218 0.9995
Car 0.0000 0.0000 0.0000 337.0000 181.0000 393.0000 215.0000 1.5941 1.7739 4.2764 -12.0161 1.9274 35.6726 1.4600 0.9987
Car 0.0000 0.0000 0.0000 940.0000 164.0000 1188.0000 248.0000 1.6080 1.7343 4.3623 9.9533 1.4443 16.0703 0.8419 0.9936
Car 0.0000 0.0000 0.0000 1817.0000 144.0000 3469.0000 512.0000 1.5602 1.6351 3.5781 12.0271 1.4494 5.0184 1.1133 0.9915
Car 0.0000 0.0000 0.0000 759.0000 167.0000 785.0000 191.0000 1.4949 1.6291 3.8004 10.7861 1.0973 47.7402 -1.3677 0.9815
Car 0.0000 0.0000 0.0000 -6627.0000 -1049.0000 2713.0000 715.0000 1.6082 1.6902 3.8480 7.6861 1.5965 0.6157 1.2373 0.9771
Car 0.0000 0.0000 0.0000 443.0000 163.0000 476.0000 191.0000 2.4095 1.9795 5.3075 -13.1433 1.4880 63.7249 1.5255 0.9746
Car 0.0000 0.0000 0.0000 303.0000 178.0000 362.0000 197.0000 1.4805 1.6485 4.4638 -22.7998 1.8636 59.5116 -0.2957 0.9729
Car 0.0000 0.0000 0.0000 532.0000 172.0000 557.0000 191.0000 1.5508 1.6365 3.9771 -5.3961 1.4225 60.6155 1.5708 0.9729
