Car 0.0000 0.0000 0.0000 384.0000 178.0000 495.0000 268.0000 1.5566 1.5524 3.3286 -3.2621 1.6480 14.2820 1.5228 0.9998
Car 0.0000 0.0000 0.0000 945.0000 196.0000 2036.0000 790.0000 1.4900 1.5625 3.3899 3.1104 1.6492 3.6652 -1.4712 0.9998
Car 0.0000 0.0000 0.0000 -539.0000 197.0000 399.0000 705.0000 1.5102 1.7247 4.2741 -2.8619 1.7176 4.4392 1.5708 0.9996
Car 0.0000 0.0000 0.0000 765.0000 163.0000 907.0000 217.0000 1.6533 1.6744 4.2886 7.3981 1.3571 23.6748 0.3278 0.9994
Car 0.0000 0.0000 0.0000 1209.0000 174.0000 1384.0000 244.0000 1.4734 1.5468 3.7595 15.9213 1.4876 16.6869 -0.3954 0.9993
Car 0.0000 0.0000 0.0000 1045.0000 161.0000 1172.0000 209.0000 1.6454 1.6405 4.2127 18.1075 1.2061 26.1132 -0.3556 0.9989
Car 0.0000 0.0000 0.0000 923.0000 182.0000 1125.0000 360.0000 1.5069 1.5864 3.3772 4.4973 1.6202 8.0829 -1.0842 0.9989
Car 0.0000 0.0000 0.0000 446.0000 180.0000 530.0000 245.0000 1.5435 1.6612 3.9094 -3.3794 1.7257 19.3567 1.2544 0.9989
Car 0.0000 0.0000 0.0000 780.0000 159.0000 839.0000 179.0000 1.4236 1.5984 3.8029 14.6438 0.3702 52.4399 -0.1729 0.9951
Car 0.0000 0.0000 0.0000 1431.0000 168.0000 1579.0000 222.0000 1.4662 1.5951 3.7935 26.3764 1.3119 21.2095 -0.3564 0.9948
Car 0.0000 0.0000 0.0000 1326.0000 156.0000 1430.0000 191.0000 1.4932 1.5775 4.0038 34.4143 0.7220 32.2142 -0.2972 0.9775
Car 0.0000 0.0000 0.0000 910.0000 169.0000 1110.0000 276.0000 1.5603 1.5932 3.7566 6.8663 1.4843 12.2473 -0.6532 0.9730
