Car 0.0000 0.0000 0.0000 659.0000 180.0000 731.0000 233.0000 1.4995 1.6321 4.0093 2.6183 1.7079 22.9331 1.5299 0.9999
Car 0.0000 0.0000 0.0000 742.0000 187.0000 1085.0000 400.0000 1.4751 1.5823 3.7136 2.5104 1.6241 7.0404 1.5095 0.9999
Car 0.0000 0.0000 0.0000 639.0000 178.0000 688.0000 213.0000 1.5707 1.6694 4.0695 2.6254 1.7986 35.5843 1.4490 0.9998
Car 0.0000 0.0000 0.0000 276.0000 183.0000 500.0000 338.0000 1.5297 1.6694 4.1864 -2.5996 1.6706 9.4020 1.5599 0.9997
Car 0.0000 0.0000 0.0000 532.0000 179.0000 574.0000 211.0000 1.5254 1.6604 3.7393 -2.8867 1.7757 36.5368 1.3698 0.9995
Car 0.0000 0.0000 0.0000 -433.0000 197.0000 416.0000 703.0000 1.4892 1.6777 4.2052 -2.5916 1.6921 4.4116 1.5445 0.9994
Car 0.0000 0.0000 0.0000 -6425.0000 -2983.0000 1216.0000 497.0000 1.6671 1.7002 4.0487 2.3273 1.5805 1.6111 1.5094 0.9988
Car 0.0000 0.0000 0.0000 625.0000 177.0000 658.0000 202.0000 1.7319 1.7449 4.0245 2.3309 1.9391 52.1783 1.4476 0.9980
Car 0.0000 0.0000 0.0000 378.0000 183.0000 496.0000 266.0000 1.3949 1.5769 3.6265 -3.2643 1.5838 14.1459 1.5292 0.9921
Car 0.0000 0.0000 0.0000 300.0000 170.0000 421.0000 217.0000 1.5739 1.6047 3.8624 -9.0490 1.4477 26.3606 -0.8007 0.9826
