Car 0.0000 0.0000 0.0000 504.0000 199.0000 593.0000 267.0000 1.4830 1.5405 3.1833 -1.6498 2.1709 18.4698 1.2480 0.9999
Car 0.0000 0.0000 0.0000 -75.0000 223.0000 238.0000 441.0000 1.4590 1.6462 4.0473 -5.3456 2.1318 7.8767 1.2396 0.9999
Car 0.0000 0.0000 0.0000 626.0000 199.0000 889.0000 367.0000 1.4941 1.6266 3.9602 1.5103 1.8703 9.0333 1.3131 0.9998
Car 0.0000 0.0000 0.0000 186.0000 218.0000 300.0000 313.0000 1.4426 1.5337 3.3205 -7.1062 2.4063 14.1944 1.2482 0.9998
Car 0.0000 0.0000 0.0000 290.0000 203.0000 349.0000 254.0000 1.4894 1.6297 3.9407 -10.0266 2.5733 25.0802 1.2593 0.9998
Car 0.0000 0.0000 0.0000 557.0000 205.0000 701.0000 305.0000 1.4637 1.6009 3.7234 0.1950 2.1161 13.5895 1.2775 0.9996
Car 0.0000 0.0000 0.0000 754.0000 204.0000 1535.0000 666.0000 1.4538 1.5863 3.5591 2.4753 1.7106 4.4222 1.2368 0.9995
Car 0.0000 0.0000 0.0000 -258715.0000 229.0000 64.0000 126693.0000 1.4965 1.6635 4.0487 -3.5556 1.8149 2.1871 1.2694 0.9995
Car 0.0000 0.0000 0.0000 339.0000 204.0000 372.0000 231.0000 1.4763 1.6119 3.4397 -16.1797 3.4665 45.8563 1.1257 0.9989
Car 0.0000 0.0000 0.0000 467.0000 202.0000 508.0000 241.0000 1.4482 1.5908 3.9754 -5.2360 2.6980 30.8996 1.3997 0.9957
Car 0.0000 0.0000 0.0000 402.0000 209.0000 451.0000 233.0000 1.4790 1.6797 3.5638 -12.8684 4.0052 50.8896 -1.2444 0.9867
