Car 0.0000 0.0000 0.0000 438.0000 185.0000 510.0000 238.0000 1.3732 1.5287 3.5308 -3.8666 1.7080 20.9248 1.5415 0.9998
Car 0.0000 0.0000 0.0000 672.0000 178.0000 748.0000 236.0000 1.5141 1.5504 3.2513 2.7870 1.6441 20.6842 1.5199 0.9998
Car 0.0000 0.0000 0.0000 739.0000 190.0000 1055.0000 377.0000 1.4513 1.6144 4.0784 2.7014 1.6603 7.9334 1.5066 0.9997
Car 0.0000 0.0000 0.0000 457.0000 163.0000 528.0000 227.0000 2.1165 1.9461 4.7391 -4.1562 1.7798 26.4195 1.5441 0.9995
Car 0.0000 0.0000 0.0000 594.0000 168.0000 623.0000 189.0000 1.5784 1.6888 3.8555 -0.0684 1.1339 56.5545 1.4084 0.9995
Car 0.0000 0.0000 0.0000 -1357.0000 218.0000 241.0000 1066.0000 1.4692 1.5620 3.4246 -3.2571 1.7653 3.1711 1.5130 0.9995
Car 0.0000 0.0000 0.0000 94.0000 202.0000 419.0000 393.0000 1.4148 1.6304 3.9348 -3.4505 1.7975 7.8565 1.5678 0.9994
Car 0.0000 0.0000 0.0000 653.0000 176.0000 719.0000 224.0000 1.5232 1.6346 4.0385 2.5944 1.6174 25.3049 1.5060 0.9992
Car 0.0000 0.0000 0.0000 725.0000 156.0000 798.0000 184.0000 1.8768 1.8307 4.7696 10.7670 0.6726 51.0631 -0.0022 0.9988
Car 0.0000 0.0000 0.0000 334.0000 147.0000 436.0000 191.0000 1.9767 1.7518 4.2655 -10.6145 0.7566 34.2637 0.0132 0.9982
Car 0.0000 0.0000 0.0000 556.0000 170.0000 580.0000 188.0000 1.5776 1.7033 3.7647 -3.6052 1.2356 63.2797 1.4197 0.9915
