Car 0.0000 0.0000 0.0000 289.0000 178.0000 483.0000 306.0000 1.5600 1.6999 4.2607 -3.1566 1.6362 11.0075 1.5564 0.9997
Car 0.0000 0.0000 0.0000 422.0000 179.0000 470.0000 209.0000 1.4513 1.6250 3.8611 -8.1629 1.6954 36.3761 1.5413 0.9995
Car 0.0000 0.0000 0.0000 481.0000 174.0000 546.0000 222.0000 1.4625 1.6831 4.2240 -3.1803 1.4977 24.5123 1.5592 0.9994
Car 0.0000 0.0000 0.0000 564.0000 175.0000 622.0000 229.0000 1.6173 1.7234 3.9642 -0.5217 1.6641 23.7413 1.5604 0.9992
Car 0.0000 0.0000 0.0000 -2853.0000 203.0000 306.0000 1699.0000 1.5129 1.7450 4.4303 -3.1011 1.7158 3.0323 1.5538 0.9991
Car 0.0000 0.0000 0.0000 276.0000 181.0000 343.0000 217.0000 1.4230 1.6358 3.7543 -12.5051 1.7098 30.2163 1.4455 0.9990
Car 0.0000 0.0000 0.0000 -23.0000 181.0000 244.0000 299.0000 1.5249 1.6358 3.8153 -7.5799 1.6529 11.3839 1.5545 0.9989
Car 0.0000 0.0000 0.0000 467.0000 176.0000 498.0000 199.0000 1.4940 1.6402 3.8650 -8.6548 1.6504 49.6910 1.5214 0.9943
Car 0.0000 0.0000 0.0000 534.0000 163.0000 559.0000 185.0000 1.4749 1.6536 3.9321 -4.4074 0.7629 50.6659 1.4811 0.9942
Car 0.0000 0.0000 0.0000 86.0000 186.0000 232.0000 247.0000 1.4605 1.5742 3.6983 -12.2247 1.8253 19.8090 1.5708 0.9936
Car 0.0000 0.0000 0.0000 318.0000 168.0000 414.0000 222.0000 1.5626 1.6759 4.1439 -7.7177 1.4089 23.1959 1.5708 0.9888
Car 0.0000 0.0000 0.0000 511.0000 178.0000 546.0000 209.0000 1.5111 1.6509 3.7603 -4.1307 1.7343 37.3962 1.5058 0.9873
Car 0.0000 0.0000 0.0000 390.0000 178.0000 419.0000 203.0000 1.4650 1.6384 3.9008 -12.9068 1.7383 45.5379 1.3270 0.9802
