Car 0.0000 0.0000 0.0000 357.0000 187.0000 452.0000 251.0000 1.4392 1.5825 3.7482 -5.2633 1.8091 18.8507 1.5218 0.9999
Car 0.0000 0.0000 0.0000 153.0000 190.0000 304.0000 264.0000 1.5240 1.6836 4.2500 -9.1579 1.9558 17.7053 1.5076 0.9997
Car 0.0000 0.0000 0.0000 659.0000 174.0000 690.0000 203.0000 1.4823 1.6095 3.3773 3.6037 1.5184 39.6734 1.5708 0.9997
Car 0.0000 0.0000 0.0000 -81.0000 192.0000 195.0000 310.0000 1.5418 1.6933 4.2615 -8.9452 1.8903 12.1522 1.4802 0.9995
Car 0.0000 0.0000 0.0000 261.0000 188.0000 371.0000 237.0000 1.4878 1.6372 3.8153 -9.8885 1.9829 24.5653 -1.3690 0.9989
Car 0.0000 0.0000 0.0000 626.0000 169.0000 652.0000 192.0000 1.5108 1.6300 3.6487 2.0708 1.1832 48.6635 1.5708 0.9966
Car 0.0000 0.0000 0.0000 -590.0000 205.0000 -22.0000 413.0000 1.4484 1.5940 3.3715 -8.5525 1.8235 7.2241 1.4602 0.9949
Car 0.0000 0.0000 0.0000 -198.0000 194.0000 60.0000 294.0000 1.4547 1.5864 3.9775 -12.1781 1.8794 13.2775 1.3804 0.9932
Car 0.0000 0.0000 0.0000 1490.0000 109.0000 1748.0000 182.0000 1.4583 1.5848 4.1181 21.7139 0.1429 15.5475 -0.1698 0.9875
Car 0.0000 0.0000 0.0000 676.0000 169.0000 702.0000 192.0000 1.5243 1.6123 3.7084 5.7212 1.2240 51.3765 1.5708 0.9873
Car 0.0000 0.0000 0.0000 1034.0000 145.0000 1181.0000 189.0000 1.5909 1.7610 4.4119 19.3305 0.5322 28.0657 0.0606 0.9791
Car 0.0000 0.0000 0.0000 1220.0000 113.0000 1310.0000 165.0000 1.4493 1.5949 3.9496 20.7493 -0.3159 22.7349 -0.7087 0.9683
