Car 0.0000 0.0000 0.0000 700.0000 185.0000 868.0000 292.0000 1.4410 1.6022 3.9089 2.6600 1.6469 11.9762 1.5090 0.9999
Car 0.0000 0.0000 0.0000 306.0000 173.0000 476.0000 289.0000 1.5567 1.6664 4.2444 -3.3961 1.5721 11.9374 1.5342 0.9999
Car 0.0000 0.0000 0.0000 467.0000 172.0000 529.0000 223.0000 1.4633 1.6445 3.7196 -3.4883 1.4378 23.0360 1.5049 0.9998
Car 0.0000 0.0000 0.0000 658.0000 178.0000 731.0000 231.0000 1.4927 1.6323 4.2871 2.5624 1.6372 22.5972 1.5385 0.9996
Car 0.0000 0.0000 0.0000 -3258.0000 188.0000 185.0000 1778.0000 1.6047 1.6063 3.5279 -3.3546 1.6838 2.5369 1.5409 0.9996
Car 0.0000 0.0000 0.0000 845.0000 193.0000 2619.0000 1141.0000 1.4856 1.6314 4.1029 2.6705 1.6227 3.3046 1.4954 0.9994
Car 0.0000 0.0000 0.0000 647.0000 176.0000 699.0000 218.0000 1.5359 1.5885 3.4759 2.4287 1.6363 28.2561 1.5288 0.9981
Car 0.0000 0.0000 0.0000 639.0000 176.0000 683.0000 212.0000 1.5310 1.6259 4.0064 2.3255 1.6394 33.2621 1.5425 0.9962
Car 0.0000 0.0000 0.0000 1210.0000 323.0000 1841.0000 647.0000 1.5124 1.6420 3.4898 7.7856 3.2722 6.7697 -1.4683 0.9653
Car 0.0000 0.0000 0.0000 551.0000 177.0000 616.0000 199.0000 1.5120 1.6625 4.3782 -1.7010 1.7252 50.1326 0.0711 0.9624
