Car 0.0000 0.0000 0.0000 225.0000 183.0000 424.0000 301.0000 1.4459 1.6181 3.5768 -4.0627 1.5938 10.8031 1.5503 0.9998
Car 0.0000 0.0000 0.0000 440.0000 182.0000 509.0000 231.0000 1.4016 1.5691 3.4644 -4.1186 1.6512 22.3840 1.5474 0.9998
Car 0.0000 0.0000 0.0000 955.0000 170.0000 2683.0000 991.0000 1.6085 1.6329 3.7189 3.3040 1.6247 3.3018 1.5465 0.9997
Car 0.0000 0.0000 0.0000 595.0000 178.0000 637.0000 214.0000 1.5297 1.6673 3.6787 0.2680 1.7460 33.0867 1.5113 0.9992
Car 0.0000 0.0000 0.0000 186.0000 170.0000 326.0000 242.0000 1.5273 1.6360 3.6146 -8.2413 1.4575 17.1040 1.5337 0.9991
Car 0.0000 0.0000 0.0000 -128.0000 191.0000 179.0000 315.0000 1.4190 1.6023 3.6374 -8.1783 1.7087 10.5089 1.5512 0.9988
Car 0.0000 0.0000 0.0000 315.0000 155.0000 412.0000 212.0000 1.7734 1.8358 4.8705 -8.3889 1.1983 25.0327 1.5348 0.9987
Car 0.0000 0.0000 0.0000 492.0000 175.0000 538.0000 211.0000 1.4078 1.5911 3.8193 -3.8793 1.4651 30.0608 1.5254 0.9981
Car 0.0000 0.0000 0.0000 635.0000 178.0000 667.0000 202.0000 1.4904 1.6421 3.5959 2.8029 1.7952 48.2280 1.5061 0.9976
Car 0.0000 0.0000 0.0000 417.0000 175.0000 467.0000 210.0000 1.5158 1.6419 3.8940 -7.7551 1.6017 33.6615 1.5036 0.9955
Car 0.0000 0.0000 0.0000 532.0000 178.0000 557.0000 200.0000 1.4514 1.6220 3.8652 -4.5285 1.7351 50.5196 1.4422 0.9910
Car 0.0000 0.0000 0.0000 444.0000 166.0000 485.0000 194.0000 1.6357 1.7345 4.0706 -8.8781 1.1598 44.4608 1.5616 0.9879
Car 0.0000 0.0000 0.0000 576.0000 176.0000 606.0000 203.0000 1.4643 1.6118 3.8858 -0.9820 1.6140 41.8808 1.5708 0.9855
