Car 0.0000 0.0000 0.0000 468.0000 162.0000 517.0000 193.0000 1.6486 1.7310 4.1144 -6.7520 1.0268 41.5152 1.1291 0.9994
Car 0.0000 0.0000 0.0000 515.0000 163.0000 557.0000 190.0000 1.5408 1.6291 3.8246 -4.4686 0.9488 43.6099 1.2267 0.9985
Car 0.0000 0.0000 0.0000 766.0000 163.0000 819.0000 186.0000 1.5493 1.6321 3.5764 13.1089 0.8282 51.5325 1.0272 0.9979
Car 0.0000 0.0000 0.0000 568.0000 165.0000 614.0000 191.0000 1.4959 1.6738 3.8061 -1.1459 0.9856 44.0785 1.2246 0.9958
Car 0.0000 0.0000 0.0000 955.0000 162.0000 1003.0000 181.0000 1.5557 1.6782 3.8192 31.5023 0.6066 61.2824 1.4198 0.9957
Car 0.0000 0.0000 0.0000 697.0000 161.0000 756.0000 188.0000 1.7329 1.7331 3.8521 7.7633 0.9250 47.7115 1.0416 0.9927
Car 0.0000 0.0000 0.0000 -601.0000 181.0000 -274.0000 266.0000 1.6577 1.6393 4.0483 -23.2922 1.8334 16.3044 -0.8589 0.9918
Car 0.0000 0.0000 0.0000 920.0000 163.0000 985.0000 183.0000 1.5272 1.6780 4.5201 27.8643 0.7031 58.4546 -0.0896 0.9917
Car 0.0000 0.0000 0.0000 840.0000 166.0000 905.0000 186.0000 1.4801 1.6449 4.3576 20.2207 0.9006 55.2773 0.0447 0.9770
Car 0.0000 0.0000 0.0000 886.0000 168.0000 935.0000 189.0000 1.5425 1.6293 3.5652 23.7393 1.1247 56.6594 1.2735 0.9714
