Car 0.0000 0.0000 0.0000 697.0000 183.0000 803.0000 255.0000 1.4133 1.5395 3.5595 3.0018 1.6286 16.1504 1.5300 0.9999
Car 0.0000 0.0000 0.0000 364.0000 168.0000 492.0000 254.0000 1.5871 1.7209 4.0853 -3.7308 1.5020 15.4304 1.5668 0.9998
Car 0.0000 0.0000 0.0000 639.0000 176.0000 677.0000 205.0000 1.5505 1.6738 3.9142 2.7030 1.6640 40.4498 1.5269 0.9996
Car 0.0000 0.0000 0.0000 463.0000 174.0000 520.0000 218.0000 1.5348 1.6413 3.7521 -4.3679 1.5574 27.1188 1.5341 0.9995
Car 0.0000 0.0000 0.0000 112.0000 174.0000 410.0000 362.0000 1.5577 1.6152 3.5014 -3.4523 1.5824 7.8024 1.5393 0.9993
Car 0.0000 0.0000 0.0000 -226.0000 184.0000 153.0000 334.0000 1.4929 1.6182 3.5489 -7.7586 1.6367 9.1131 1.5708 0.9992
Car 0.0000 0.0000 0.0000 589.0000 174.0000 617.0000 200.0000 1.5312 1.6806 3.6981 -0.3671 1.5788 45.6488 1.5581 0.9986
Car 0.0000 0.0000 0.0000 508.0000 178.0000 541.0000 207.0000 1.4951 1.6275 3.5404 -4.5867 1.7210 39.4479 1.4994 0.9978
Car 0.0000 0.0000 0.0000 350.0000 180.0000 411.0000 222.0000 1.4961 1.5935 3.4113 -8.6745 1.7205 27.5139 1.4491 0.9900
Car 0.0000 0.0000 0.0000 416.0000 167.0000 459.0000 198.0000 1.5130 1.6303 3.8633 -8.7487 1.1844 37.0037 1.4830 0.9865
Car 0.0000 0.0000 0.0000 369.0000 152.0000 411.0000 183.0000 1.5756 1.6720 3.7417 -11.9960 0.4553 39.6007 1.4261 0.9850
Car 0.0000 0.0000 0.0000 237.0000 177.0000 356.0000 241.0000 1.4952 1.6022 3.6289 -8.0688 1.5905 18.8754 1.5557 0.9836
Car 0.0000 0.0000 0.0000 571.0000 174.0000 594.0000 195.0000 1.4937 1.6364 3.8966 -1.9565 1.5439 53.5700 1.5412 0.9751
