Car 0.0000 0.0000 0.0000 357.0000 162.0000 496.0000 227.0000 2.1425 1.7731 4.4202 -6.3281 1.7789 25.2252 0.0027 0.9999
Car 0.0000 0.0000 0.0000 622.0000 174.0000 663.0000 202.0000 1.5185 1.6264 3.5228 1.9274 1.5659 41.9415 1.3928 0.9999
Car 0.0000 0.0000 0.0000 850.0000 170.0000 1832.0000 701.0000 1.6229 1.6559 3.9213 2.9312 1.6357 4.2135 1.5324 0.9998
Car 0.0000 0.0000 0.0000 75.0000 176.0000 380.0000 294.0000 1.6754 1.6297 3.9083 -5.8177 1.7254 11.1623 0.0826 0.9992
Car 0.0000 0.0000 0.0000 -163.0000 163.0000 240.0000 327.0000 1.7338 1.5901 3.5895 -6.5933 1.6420 8.4878 0.0646 0.9992
Car 0.0000 0.0000 0.0000 719.0000 179.0000 807.0000 217.0000 1.4569 1.5671 3.4105 6.2348 1.6622 29.5179 1.0094 0.9991
Car 0.0000 0.0000 0.0000 326.0000 180.0000 457.0000 232.0000 1.5421 1.5619 3.6095 -6.8276 1.7662 22.6876 0.0823 0.9988
Car 0.0000 0.0000 0.0000 292.0000 172.0000 438.0000 233.0000 1.6596 1.5907 3.6327 -6.9576 1.6265 20.6717 0.0155 0.9987
Car 0.0000 0.0000 0.0000 138.0000 176.0000 370.0000 265.0000 1.5723 1.5854 3.6239 -6.6209 1.6246 13.5677 0.0896 0.9964
Car 0.0000 0.0000 0.0000 482.0000 175.0000 519.0000 204.0000 1.4446 1.5663 3.5935 -5.7513 1.5152 38.4016 1.5319 0.9912
Car 0.0000 0.0000 0.0000 -539.0000 180.0000 105.0000 394.0000 1.5427 1.5870 3.6667 -6.6946 1.6137 6.0823 0.0114 0.9884
Car 0.0000 0.0000 0.0000 466.0000 177.0000 509.0000 203.0000 1.5435 1.5951 3.7568 -7.4469 1.7224 44.0528 1.1215 0.9880
Car 0.0000 0.0000 0.0000 693.0000 147.0000 775.0000 177.0000 1.5171 1.5986 3.9114 6.5401 0.1494 37.6281 -0.3349 0.9867
Car 0.0000 0.0000 0.0000 608.0000 175.0000 634.0000 196.0000 1.4450 1.5909 3.7663 0.8445 1.5357 51.3299 1.5052 0.9810
