Car 0.0000 0.0000 0.0000 278.0000 179.0000 440.0000 283.0000 1.5380 1.6308 3.6014 -4.1909 1.6279 12.5413 1.5498 0.9998
Car 0.0000 0.0000 0.0000 438.0000 179.0000 505.0000 224.0000 1.4024 1.6263 3.6374 -4.6482 1.5758 24.6375 1.5646 0.9997
Car 0.0000 0.0000 0.0000 583.0000 173.0000 660.0000 245.0000 1.5909 1.6972 3.5498 0.1929 1.5915 17.8659 1.5304 0.9997
Car 0.0000 0.0000 0.0000 487.0000 172.0000 535.0000 208.0000 1.4799 1.6482 4.1574 -4.3996 1.4383 32.6718 1.5564 0.9991
Car 0.0000 0.0000 0.0000 82.0000 185.0000 276.0000 270.0000 1.4164 1.6009 4.0746 -8.4082 1.6592 14.4758 1.5312 0.9989
Car 0.0000 0.0000 0.0000 244.0000 182.0000 323.0000 224.0000 1.5205 1.6919 3.9351 -12.9036 1.8689 28.7728 1.4783 0.9958
Car 0.0000 0.0000 0.0000 137.0000 180.0000 262.0000 232.0000 1.4396 1.6465 3.8355 -12.3440 1.6299 21.9614 1.5620 0.9915
Car 0.0000 0.0000 0.0000 407.0000 167.0000 445.0000 198.0000 1.9178 1.8065 4.2972 -12.2141 1.5165 48.3070 1.4747 0.9906
Car 0.0000 0.0000 0.0000 -225.0000 193.0000 -74.0000 238.0000 1.4887 1.6670 3.7878 -28.3573 2.2268 27.0385 1.5658 0.9818
Car 0.0000 0.0000 0.0000 358.0000 178.0000 432.0000 220.0000 1.4826 1.6321 3.9391 -8.2234 1.6607 27.9717 1.5708 0.9811
