Car 0.0000 0.0000 0.0000 512.0000 176.0000 568.0000 221.0000 1.4945 1.6314 3.6973 -2.4387 1.5706 25.9703 1.5708 0.9999
Car 0.0000 0.0000 0.0000 723.0000 185.0000 914.0000 304.0000 1.4499 1.6169 4.1868 2.9515 1.6436 11.2049 1.5386 0.9998
Car 0.0000 0.0000 0.0000 650.0000 175.0000 707.0000 219.0000 1.6947 1.7121 4.0738 2.7731 1.7461 29.6608 1.5131 0.9998
Car 0.0000 0.0000 0.0000 68.0000 180.0000 365.0000 295.0000 1.5870 1.6070 3.6790 -5.8554 1.6980 10.9022 0.0925 0.9990
Car 0.0000 0.0000 0.0000 -177.0000 151.0000 300.0000 327.0000 1.7848 1.6873 4.2670 -6.0786 1.5792 8.2407 0.0456 0.9990
Car 0.0000 0.0000 0.0000 250.0000 177.0000 436.0000 249.0000 1.5726 1.5735 3.8142 -6.2119 1.6659 16.9840 0.0154 0.9988
Car 0.0000 0.0000 0.0000 517.0000 163.0000 546.0000 185.0000 1.7316 1.7406 4.8676 -6.4700 0.8599 60.0092 1.3166 0.9977
Car 0.0000 0.0000 0.0000 415.0000 177.0000 512.0000 214.0000 1.5794 1.6229 4.1956 -6.5605 1.7261 32.6346 -0.1498 0.9969
Car 0.0000 0.0000 0.0000 -5599.0000 -2804.0000 1276.0000 514.0000 1.4916 1.6144 4.2540 2.6980 1.7806 1.6951 1.5648 0.9959
Car 0.0000 0.0000 0.0000 628.0000 177.0000 649.0000 195.0000 1.5029 1.6033 3.4737 2.5703 1.7581 63.1484 1.5468 0.9899
Car 0.0000 0.0000 0.0000 -641.0000 164.0000 45.0000 425.0000 1.6662 1.5973 3.4306 -6.6709 1.6294 5.5060 0.0646 0.9883
Car 0.0000 0.0000 0.0000 183.0000 176.0000 399.0000 264.0000 1.6428 1.6021 3.7073 -6.3910 1.7156 14.5923 0.1146 0.9845
Car 0.0000 0.0000 0.0000 660.0000 160.0000 682.0000 179.0000 1.4988 1.6190 3.7192 5.2220 0.3692 59.9832 -1.4443 0.9744
