Car 0.0000 0.0000 0.0000 416.0000 180.0000 524.0000 254.0000 1.5638 1.7683 4.2374 -3.2256 1.7087 17.3633 1.5708 0.9999
Car 0.0000 0.0000 0.0000 717.0000 174.0000 946.0000 319.0000 1.5430 1.6464 4.1420 2.6999 1.5702 9.8768 1.5176 0.9999
Car 0.0000 0.0000 0.0000 846.0000 189.0000 1949.0000 773.0000 1.5120 1.6330 3.8949 2.7966 1.6247 3.9243 1.5211 0.9996
Car 0.0000 0.0000 0.0000 477.0000 186.0000 533.0000 230.0000 1.4774 1.6509 4.2146 -3.8404 1.9384 27.1337 1.5298 0.9996
Car 0.0000 0.0000 0.0000 680.0000 178.0000 775.0000 247.0000 1.5133 1.6345 4.1414 2.8229 1.6322 18.1602 1.5520 0.9994
Car 0.0000 0.0000 0.0000 652.0000 180.0000 710.0000 225.0000 1.5251 1.5881 3.5165 2.5437 1.7511 26.1957 1.5263 0.9993
Car 0.0000 0.0000 0.0000 639.0000 177.0000 675.0000 208.0000 1.5153 1.6348 3.6923 2.4082 1.6763 36.7875 1.5708 0.9970
Car 0.0000 0.0000 0.0000 491.0000 177.0000 519.0000 204.0000 1.5621 1.5558 3.6000 -6.2929 1.7336 43.6480 1.4313 0.9962
Car 0.0000 0.0000 0.0000 705.0000 163.0000 740.0000 189.0000 1.8104 1.7421 4.1472 8.5141 1.0711 53.9895 1.5118 0.9868
Car 0.0000 0.0000 0.0000 625.0000 158.0000 708.0000 191.0000 1.8178 1.7694 4.6506 3.4089 0.9204 42.2555 -0.5064 0.9622
