Car 0.0000 0.0000 0.0000 690.0000 180.0000 818.0000 264.0000 1.5046 1.6392 4.1656 2.8297 1.6425 15.1192 1.5200 0.9998
Car 0.0000 0.0000 0.0000 723.0000 189.0000 926.0000 321.0000 1.4186 1.5770 3.6603 2.6825 1.6610 9.9431 1.5357 0.9996
Car 0.0000 0.0000 0.0000 666.0000 179.0000 729.0000 226.0000 1.4978 1.5730 3.4517 3.0061 1.6957 25.2097 1.5106 0.9995
Car 0.0000 0.0000 0.0000 557.0000 179.0000 580.0000 199.0000 1.5322 1.7078 4.0449 -3.1491 1.9410 57.2293 1.5422 0.9994
Car 0.0000 0.0000 0.0000 651.0000 180.0000 703.0000 221.0000 1.5652 1.6107 3.6974 2.7272 1.8216 29.6760 1.5218 0.9989
Car 0.0000 0.0000 0.0000 590.0000 173.0000 620.0000 196.0000 1.5418 1.6678 3.7907 -0.2990 1.5190 52.4098 1.4200 0.9959
Car 0.0000 0.0000 0.0000 440.0000 181.0000 494.0000 200.0000 1.6211 1.7025 4.3972 -12.3916 2.2262 63.2379 0.0234 0.9944
Car 0.0000 0.0000 0.0000 409.0000 181.0000 454.0000 197.0000 1.4472 1.5772 3.7785 -16.4305 2.1363 66.9999 0.0716 0.9909
Car 0.0000 0.0000 0.0000 630.0000 179.0000 667.0000 205.0000 1.4877 1.5916 3.7614 2.3319 1.8158 43.3438 1.4616 0.9830
Car 0.0000 0.0000 0.0000 373.0000 180.0000 427.0000 199.0000 1.5361 1.6763 4.2595 -18.3200 2.1273 63.2068 0.1305 0.9656
