Car 0.0000 0.0000 0.0000 720.0000 183.0000 807.0000 241.0000 1.5079 1.5896 3.5568 4.3750 1.7786 20.9964 1.5176 0.9999
Car 0.0000 0.0000 0.0000 750.0000 187.0000 885.0000 270.0000 1.4641 1.6241 3.9991 4.1908 1.7788 15.2367 1.5556 0.9998
Car 0.0000 0.0000 0.0000 802.0000 142.0000 1155.0000 358.0000 1.9445 1.8210 4.7644 3.9742 1.6787 8.9369 1.5470 0.9998
Car 0.0000 0.0000 0.0000 501.0000 183.0000 550.0000 221.0000 1.5176 1.6182 3.8566 -3.5909 1.9271 31.3885 1.5708 0.9998
Car 0.0000 0.0000 0.0000 -954.0000 209.0000 206.0000 693.0000 1.4679 1.7124 4.2231 -4.6305 1.7929 4.6038 1.5462 0.9996
Car 0.0000 0.0000 0.0000 706.0000 182.0000 769.0000 226.0000 1.4529 1.5969 3.8009 4.5784 1.7440 26.1502 1.5708 0.9989
Car 0.0000 0.0000 0.0000 577.0000 177.0000 600.0000 196.0000 1.4646 1.6415 3.8126 -1.6019 1.7191 58.5003 1.5708 0.9974
Car 0.0000 0.0000 0.0000 694.0000 181.0000 744.0000 218.0000 1.4828 1.5816 3.5786 4.7655 1.8087 31.6440 1.5461 0.9964
Car 0.0000 0.0000 0.0000 526.0000 178.0000 565.0000 209.0000 1.5199 1.6179 3.7002 -3.2364 1.7283 37.1229 1.5708 0.9953
Car 0.0000 0.0000 0.0000 426.0000 175.0000 499.0000 204.0000 1.5631 1.6229 3.8210 -8.3713 1.6613 41.3917 0.0615 0.9818
Car 0.0000 0.0000 0.0000 445.0000 162.0000 470.0000 180.0000 1.5217 1.6454 3.6973 -13.3210 0.5528 63.5935 1.4956 0.9629
