Car 0.0000 0.0000 0.0000 673.0000 180.0000 786.0000 255.0000 1.5027 1.5848 3.6600 2.6140 1.6452 16.5304 1.4568 0.9999
Car 0.0000 0.0000 0.0000 -87.0000 189.0000 416.0000 477.0000 1.5395 1.6830 4.2654 -3.1110 1.7030 6.1607 1.5701 0.9998
Car 0.0000 0.0000 0.0000 514.0000 178.0000 560.0000 218.0000 1.4888 1.6630 4.0697 -2.9223 1.6849 29.8246 1.5232 0.9998
Car 0.0000 0.0000 0.0000 459.0000 183.0000 539.0000 248.0000 1.5016 1.6405 3.9922 -2.8107 1.7444 19.0142 1.5320 0.9998
Car 0.0000 0.0000 0.0000 712.0000 184.0000 899.0000 300.0000 1.4711 1.6071 3.8996 2.8306 1.6514 11.3826 1.4946 0.9998
Car 0.0000 0.0000 0.0000 634.0000 172.0000 670.0000 201.0000 1.5000 1.6575 3.9267 2.3189 1.3965 39.6958 1.5553 0.9996
Car 0.0000 0.0000 0.0000 771.0000 188.0000 1259.0000 466.0000 1.4664 1.6246 4.1474 2.6895 1.6201 6.0701 1.5285 0.9995
Car 0.0000 0.0000 0.0000 660.0000 165.0000 747.0000 232.0000 1.7751 1.7168 4.1681 2.6588 1.5563 21.3649 1.4956 0.9994
Car 0.0000 0.0000 0.0000 558.0000 173.0000 583.0000 192.0000 1.4212 1.6464 3.8262 -2.9761 1.3974 56.5538 1.5708 0.9980
Car 0.0000 0.0000 0.0000 -459.0000 -959.0000 2643.0000 685.0000 1.4242 1.5201 3.6090 -2.7407 1.6915 0.6758 1.4900 0.9786
