Car 0.0000 0.0000 0.0000 526.0000 183.0000 565.0000 218.0000 1.5035 1.6381 3.9985 -2.8913 1.9395 33.3948 1.5221 0.9998
Car 0.0000 0.0000 0.0000 728.0000 185.0000 882.0000 289.0000 1.4783 1.5591 3.4694 3.1264 1.6883 12.2674 1.5385 0.9998
Car 0.0000 0.0000 0.0000 402.0000 186.0000 465.0000 209.0000 1.5152 1.6367 3.9838 -12.2550 2.3934 50.4196 0.0729 0.9994
Car 0.0000 0.0000 0.0000 684.0000 178.0000 790.0000 254.0000 1.5678 1.6007 3.6245 2.8184 1.6643 16.7411 1.5060 0.9993
Car 0.0000 0.0000 0.0000 977.0000 187.0000 20869.0000 14950.0000 1.5531 1.6318 3.8449 2.8768 1.6184 2.0330 1.5250 0.9984
Car 0.0000 0.0000 0.0000 316.0000 183.0000 382.0000 205.0000 1.5014 1.6290 4.0446 -18.1536 2.1356 50.4404 0.0909 0.9967
Car 0.0000 0.0000 0.0000 676.0000 179.0000 752.0000 239.0000 1.5746 1.5976 3.2246 2.9130 1.7171 20.6581 1.5426 0.9952
Car 0.0000 0.0000 0.0000 651.0000 181.0000 704.0000 219.0000 1.4787 1.6015 4.0430 2.8251 1.8026 30.5305 1.5093 0.9949
Car 0.0000 0.0000 0.0000 594.0000 180.0000 618.0000 202.0000 1.4967 1.6078 3.7605 -0.1773 1.9510 51.4951 1.5708 0.9911
Car 0.0000 0.0000 0.0000 637.0000 176.0000 666.0000 201.0000 1.4915 1.6251 3.6840 2.6821 1.6502 45.6299 1.5689 0.9611
