Car 0.0000 0.0000 0.0000 461.0000 177.0000 564.0000 214.0000 1.6096 1.6856 4.3708 -4.4055 1.7695 33.1093 0.1614 0.9997
Car 0.0000 0.0000 0.0000 167.0000 177.0000 348.0000 244.0000 1.7952 1.7254 4.3828 -9.8912 1.8928 20.3423 0.1534 0.9994
Car 0.0000 0.0000 0.0000 537.0000 174.0000 757.0000 391.0000 1.5833 1.6322 3.3764 0.1467 1.6033 7.0303 1.5114 0.9993
Car 0.0000 0.0000 0.0000 591.0000 174.0000 653.0000 202.0000 1.5759 1.6742 3.9882 0.7167 1.6143 42.7458 0.9636 0.9993
Car 0.0000 0.0000 0.0000 283.0000 172.0000 432.0000 231.0000 1.8454 1.7206 4.3324 -8.2460 1.8151 23.6859 0.1586 0.9993
Car 0.0000 0.0000 0.0000 940.0000 177.0000 1078.0000 221.0000 1.5999 1.6780 4.3031 15.2623 1.7285 27.6504 0.0751 0.9991
Car 0.0000 0.0000 0.0000 425.0000 183.0000 454.0000 204.0000 1.4612 1.7706 4.1540 -12.5700 2.1634 53.6417 1.4217 0.9990
Car 0.0000 0.0000 0.0000 988.0000 168.0000 1092.0000 203.0000 1.5774 1.5963 3.8140 20.0732 1.3245 33.6514 0.0879 0.9977
Car 0.0000 0.0000 0.0000 1132.0000 167.0000 1364.0000 236.0000 1.6213 1.6805 4.1408 15.8824 1.4763 18.1049 0.1049 0.9969
Car 0.0000 0.0000 0.0000 378.0000 185.0000 418.0000 206.0000 1.4330 1.7140 4.1630 -15.4929 2.2774 53.0880 1.5708 0.9933
