Car 0.0000 0.0000 0.0000 699.0000 174.0000 862.0000 291.0000 1.6907 1.7043 4.0818 2.7291 1.7085 12.5276 1.5368 0.9999
Car 0.0000 0.0000 0.0000 651.0000 177.0000 708.0000 221.0000 1.5746 1.6006 3.5735 2.6257 1.6910 27.6435 1.4952 0.9998
Car 0.0000 0.0000 0.0000 674.0000 180.0000 768.0000 247.0000 1.5055 1.6291 4.1511 2.7146 1.6771 18.5019 1.5388 0.9995
Car 0.0000 0.0000 0.0000 370.0000 178.0000 499.0000 228.0000 1.7214 1.7078 4.2594 -6.2968 1.8801 26.1973 0.0414 0.9995
Car 0.0000 0.0000 0.0000 394.0000 172.0000 493.0000 217.0000 1.8556 1.6717 3.8819 -7.1022 1.7945 31.1153 0.0203 0.9992
Car 0.0000 0.0000 0.0000 -4.0000 186.0000 326.0000 308.0000 1.5308 1.5960 3.7375 -6.2025 1.7285 10.1168 0.0834 0.9991
Car 0.0000 0.0000 0.0000 -221.0000 196.0000 229.0000 362.0000 1.4987 1.5966 3.7398 -6.3595 1.7656 7.6930 0.1389 0.9988
Car 0.0000 0.0000 0.0000 167.0000 181.0000 374.0000 284.0000 1.5589 1.5900 3.6913 -6.0322 1.6972 12.6379 0.5821 0.9986
Car 0.0000 0.0000 0.0000 -765.0000 153.0000 79.0000 463.0000 1.7451 1.6563 3.9190 -6.2586 1.6541 4.9967 0.0643 0.9974
Car 0.0000 0.0000 0.0000 449.0000 180.0000 521.0000 212.0000 1.4974 1.5784 3.8421 -6.3115 1.8410 36.4567 0.7544 0.9973
Car 0.0000 0.0000 0.0000 637.0000 181.0000 669.0000 207.0000 1.4501 1.5541 3.5661 2.5214 1.8424 41.4980 1.5557 0.9972
Car 0.0000 0.0000 0.0000 -6676.0000 -2885.0000 1326.0000 505.0000 1.5074 1.6119 4.0257 2.8196 1.6347 1.6102 1.5456 0.9969
Car 0.0000 0.0000 0.0000 268.0000 177.0000 427.0000 233.0000 1.5963 1.6615 4.2254 -7.9079 1.7214 21.9036 0.0911 0.9951
Car 0.0000 0.0000 0.0000 458.0000 179.0000 538.0000 208.0000 1.5063 1.6374 3.9831 -5.9362 1.7885 38.8161 0.0704 0.9840
Car 0.0000 0.0000 0.0000 509.0000 173.0000 533.0000 194.0000 1.6778 1.6898 4.1598 -7.0645 1.5875 58.2221 1.4965 0.9789
Car 0.0000 0.0000 0.0000 397.0000 184.0000 505.0000 223.0000 1.4784 1.5992 3.8927 -6.2972 1.9106 28.7309 0.2710 0.9700
