Car 0.0000 0.0000 0.0000 668.0000 177.0000 744.0000 232.0000 1.5408 1.6275 3.7818 2.8855 1.6588 22.2689 1.5210 0.9999
Car 0.0000 0.0000 0.0000 433.0000 181.0000 482.0000 214.0000 1.5882 1.6998 4.1825 -7.8130 1.9495 37.4436 1.5622 0.9999
Car 0.0000 0.0000 0.0000 762.0000 177.0000 1034.0000 349.0000 1.6058 1.6670 3.8858 3.1062 1.6610 8.7419 1.5523 0.9998
Car 0.0000 0.0000 0.0000 387.0000 185.0000 450.0000 226.0000 1.5426 1.6506 3.8815 -7.7825 1.9971 29.6765 1.5520 0.9996
Car 0.0000 0.0000 0.0000 856.0000 192.0000 2031.0000 778.0000 1.4522 1.6124 4.1378 2.8994 1.5931 3.9768 1.5414 0.9996
Car 0.0000 0.0000 0.0000 344.0000 189.0000 423.0000 237.0000 1.4197 1.5711 3.6758 -7.4838 1.9581 24.1149 1.5458 0.9995
Car 0.0000 0.0000 0.0000 650.0000 178.0000 704.0000 222.0000 1.5695 1.6210 3.4626 2.5629 1.7483 27.8391 1.5339 0.9993
Car 0.0000 0.0000 0.0000 590.0000 178.0000 622.0000 205.0000 1.4817 1.6126 3.8317 -0.2196 1.7518 42.0675 1.5120 0.9986
Car 0.0000 0.0000 0.0000 643.0000 171.0000 672.0000 199.0000 1.6669 1.7252 4.1523 3.1264 1.5075 45.9193 1.5708 0.9963
Car 0.0000 0.0000 0.0000 596.0000 164.0000 622.0000 186.0000 1.4893 1.6403 3.8704 0.0693 0.8493 51.7171 1.5708 0.9927
Car 0.0000 0.0000 0.0000 715.0000 148.0000 820.0000 185.0000 1.8567 1.8171 5.1540 8.3979 0.5324 38.4474 -0.0115 0.9868
Car 0.0000 0.0000 0.0000 -611.0000 220.0000 -145.0000 365.0000 1.4636 1.6030 3.9251 -11.8762 2.0835 8.7518 0.1097 0.9849
