Car 0.0000 0.0000 0.0000 422.0000 188.0000 482.0000 230.0000 1.5227 1.6033 3.5129 -6.2142 2.0955 28.7807 1.5708 0.9997
Car 0.0000 0.0000 0.0000 647.0000 175.0000 698.0000 212.0000 1.5571 1.6423 3.8517 2.7718 1.6239 32.4481 1.4887 0.9997
Car 0.0000 0.0000 0.0000 453.0000 187.0000 503.0000 220.0000 1.4387 1.6579 4.0607 -6.1915 2.0683 34.4195 1.5664 0.9995
Car 0.0000 0.0000 0.0000 52.0000 200.0000 137.0000 234.0000 1.4868 1.7273 4.0753 -26.1403 2.8942 36.7488 1.4682 0.9989
Car 0.0000 0.0000 0.0000 -5022.0000 -3140.0000 1531.0000 566.0000 1.5435 1.6096 3.5465 2.9298 1.6651 1.3462 1.5708 0.9988
Car 0.0000 0.0000 0.0000 -504.0000 218.0000 142.0000 490.0000 1.4358 1.5957 3.6762 -6.0481 1.9219 6.2162 1.5549 0.9987
Car 0.0000 0.0000 0.0000 106.0000 200.0000 190.0000 233.0000 1.4861 1.6595 3.9688 -23.3596 2.8634 36.6420 1.5708 0.9985
Car 0.0000 0.0000 0.0000 146.0000 200.0000 221.0000 234.0000 1.4658 1.6227 3.6988 -20.8961 2.8221 35.4934 1.5395 0.9983
Car 0.0000 0.0000 0.0000 -46.0000 207.0000 45.0000 241.0000 1.4768 1.6636 3.8201 -30.8750 3.2475 36.5794 1.4869 0.9983
Car 0.0000 0.0000 0.0000 202.0000 193.0000 276.0000 227.0000 1.5353 1.7067 4.1407 -18.3427 2.5085 35.8778 1.5212 0.9979
Car 0.0000 0.0000 0.0000 826.0000 167.0000 855.0000 187.0000 1.4759 1.6269 3.6868 18.4618 0.9759 57.5096 -1.4173 0.9976
Car 0.0000 0.0000 0.0000 625.0000 180.0000 648.0000 200.0000 1.4493 1.5693 3.5348 2.1001 1.8746 54.6124 1.5692 0.9941
Car 0.0000 0.0000 0.0000 451.0000 183.0000 513.0000 210.0000 1.4466 1.5599 3.8340 -7.2334 2.0053 41.3822 -1.1287 0.9741
Car 0.0000 0.0000 0.0000 862.0000 158.0000 910.0000 176.0000 1.6244 1.6584 3.9571 26.5579 0.1337 69.0034 0.0170 0.9604
