Car 0.0000 0.0000 0.0000 707.0000 179.0000 847.0000 273.0000 1.5532 1.6567 3.9493 3.0701 1.6654 14.0860 1.5320 0.9999
Car 0.0000 0.0000 0.0000 661.0000 176.0000 721.0000 220.0000 1.5505 1.6155 3.8196 3.0694 1.6479 27.6109 1.5104 0.9999
Car 0.0000 0.0000 0.0000 741.0000 181.0000 992.0000 333.0000 1.4914 1.6329 4.0444 2.9197 1.5947 9.2237 1.5383 0.9998
Car 0.0000 0.0000 0.0000 462.0000 182.0000 499.0000 210.0000 1.5512 1.6169 3.7304 -7.5484 2.0210 42.5562 1.5419 0.9997
Car 0.0000 0.0000 0.0000 427.0000 182.0000 478.0000 217.0000 1.5675 1.6371 3.6958 -7.5251 1.9699 34.8442 1.5701 0.9995
Car 0.0000 0.0000 0.0000 398.0000 186.0000 461.0000 226.0000 1.4427 1.5900 3.8315 -7.2739 1.9797 29.4639 1.5689 0.9993
Car 0.0000 0.0000 0.0000 597.0000 176.0000 626.0000 201.0000 1.4712 1.6402 3.6881 0.1162 1.5971 43.8640 1.5374 0.9988
Car 0.0000 0.0000 0.0000 651.0000 180.0000 694.0000 216.0000 1.5368 1.5934 3.5232 2.8628 1.8330 33.0660 1.5573 0.9988
Car 0.0000 0.0000 0.0000 -140.0000 209.0000 130.0000 294.0000 1.4368 1.5757 3.8828 -11.8296 2.1810 13.9991 -0.0237 0.9982
Car 0.0000 0.0000 0.0000 638.0000 172.0000 667.0000 194.0000 1.4868 1.6428 3.7748 3.0793 1.3912 51.1331 1.5313 0.9943
Car 0.0000 0.0000 0.0000 -438.0000 209.0000 -133.0000 298.0000 1.5563 1.6615 4.0802 -17.3879 2.2849 14.0681 0.0483 0.9939
Car 0.0000 0.0000 0.0000 702.0000 148.0000 790.0000 179.0000 1.8087 1.8226 5.0294 8.2791 0.3038 43.7785 0.0245 0.9869
