Car 0.0000 0.0000 0.0000 737.0000 180.0000 937.0000 310.0000 1.5601 1.6259 3.7310 3.0760 1.6520 10.6315 1.5296 0.9999
Car 0.0000 0.0000 0.0000 678.0000 179.0000 761.0000 238.0000 1.5310 1.6470 4.1439 3.0942 1.6963 21.0410 1.5391 0.9999
Car 0.0000 0.0000 0.0000 222.0000 192.0000 351.0000 235.0000 1.4682 1.6245 3.9216 -11.5761 2.1319 25.9277 0.0514 0.9995
Car 0.0000 0.0000 0.0000 815.0000 193.0000 1337.0000 484.0000 1.4351 1.5776 3.7474 2.9564 1.6292 5.6566 1.5433 0.9994
Car 0.0000 0.0000 0.0000 64.0000 190.0000 201.0000 234.0000 1.4977 1.6303 3.9643 -17.2478 2.1008 26.1227 0.0809 0.9992
Car 0.0000 0.0000 0.0000 607.0000 178.0000 634.0000 202.0000 1.4881 1.6695 3.9271 0.7255 1.7682 47.2433 1.5581 0.9990
Car 0.0000 0.0000 0.0000 -95.0000 196.0000 59.0000 241.0000 1.5003 1.6775 4.2697 -22.6124 2.3351 26.0068 0.0523 0.9982
Car 0.0000 0.0000 0.0000 654.0000 177.0000 690.0000 205.0000 1.4495 1.5892 3.6684 3.4042 1.6161 39.2950 1.5692 0.9968
Car 0.0000 0.0000 0.0000 673.0000 177.0000 734.0000 224.0000 1.5224 1.5952 3.8650 3.3050 1.6556 25.7992 1.5546 0.9960
Car 0.0000 0.0000 0.0000 502.0000 180.0000 528.0000 201.0000 1.5120 1.6074 3.7437 -7.0685 2.0082 54.5391 1.5463 0.9784
