Car 0.0000 0.0000 0.0000 296.0000 188.0000 414.0000 259.0000 1.5339 1.6330 3.7971 -6.3089 1.9243 18.2160 1.5708 0.9998
Car 0.0000 0.0000 0.0000 131.0000 192.0000 287.0000 260.0000 1.5210 1.7135 4.3140 -10.4497 2.0408 19.1743 1.5708 0.9997
Car 0.0000 0.0000 0.0000 263.0000 180.0000 356.0000 234.0000 1.7179 1.7150 4.2072 -10.4725 1.9373 25.4658 1.5282 0.9997
Car 0.0000 0.0000 0.0000 592.0000 182.0000 660.0000 247.0000 1.6309 1.6927 3.6211 0.3660 1.8584 20.1495 1.5429 0.9995
Car 0.0000 0.0000 0.0000 467.0000 182.0000 519.0000 217.0000 1.5390 1.6579 4.1377 -5.5875 1.9622 35.1307 1.5708 0.9995
Car 0.0000 0.0000 0.0000 882.0000 179.0000 1125.0000 355.0000 1.5828 1.6619 4.0877 4.8668 1.6638 8.6449 -0.8404 0.9989
Car 0.0000 0.0000 0.0000 544.0000 182.0000 580.0000 203.0000 1.5083 1.7031 3.7318 -3.4403 2.1369 54.0119 -1.3568 0.9988
Car 0.0000 0.0000 0.0000 681.0000 170.0000 768.0000 215.0000 1.5258 1.6685 3.8833 4.2975 1.4107 26.3782 -0.9770 0.9966
Car 0.0000 0.0000 0.0000 716.0000 183.0000 835.0000 245.0000 1.4993 1.5615 3.4868 4.5717 1.7570 19.6076 -0.8041 0.9966
Car 0.0000 0.0000 0.0000 -95.0000 190.0000 88.0000 259.0000 1.4901 1.5838 3.3389 -14.9885 1.9098 17.8104 1.5708 0.9961
Car 0.0000 0.0000 0.0000 380.0000 184.0000 439.0000 218.0000 1.5441 1.6572 4.2302 -9.8361 2.0683 35.8681 1.5708 0.9940
Car 0.0000 0.0000 0.0000 632.0000 177.0000 654.0000 196.0000 1.4605 1.6201 3.8336 2.8802 1.7318 59.1633 -1.4769 0.9692
Car 0.0000 0.0000 0.0000 0.0000 183.0000 123.0000 224.0000 1.4479 1.5878 4.0958 -21.0428 1.8163 27.8544 1.5708 0.9669
