Car 0.0000 0.0000 0.0000 681.0000 177.0000 777.0000 246.0000 1.5804 1.6476 3.7995 2.9557 1.6764 18.5769 1.5185 0.9999
Car 0.0000 0.0000 0.0000 344.0000 195.0000 444.0000 256.0000 1.4728 1.6139 3.9523 -6.0211 2.1111 20.5365 1.5708 0.9997
Car 0.0000 0.0000 0.0000 425.0000 182.0000 488.0000 225.0000 1.5775 1.7016 4.2297 -6.0450 1.9158 28.9457 1.5492 0.9997
Car 0.0000 0.0000 0.0000 236.0000 197.0000 380.0000 282.0000 1.4494 1.5562 3.4644 -6.1292 1.9842 14.9870 1.5634 0.9996
Car 0.0000 0.0000 0.0000 1169.0000 136.0000 1336.0000 197.0000 2.1546 1.8936 4.9938 24.8289 0.8340 28.0961 1.5285 0.9987
Car 0.0000 0.0000 0.0000 1294.0000 130.0000 1449.0000 173.0000 1.5546 1.6663 3.9648 29.2440 -0.0632 27.7254 0.0986 0.9979
Car 0.0000 0.0000 0.0000 562.0000 180.0000 582.0000 198.0000 1.4697 1.7335 3.9340 -3.2799 2.0477 64.3766 1.5277 0.9978
Car 0.0000 0.0000 0.0000 824.0000 160.0000 876.0000 179.0000 1.5785 1.6712 4.0281 21.0631 0.4349 62.8379 0.0394 0.9930
Car 0.0000 0.0000 0.0000 679.0000 160.0000 732.0000 180.0000 1.6662 1.7274 4.4976 8.6149 0.4957 64.0049 0.0370 0.9902
Car 0.0000 0.0000 0.0000 633.0000 176.0000 652.0000 192.0000 1.5290 1.6729 3.6618 3.1868 1.6890 67.8399 1.5708 0.9858
Car 0.0000 0.0000 0.0000 460.0000 185.0000 507.0000 219.0000 1.5356 1.6255 3.7514 -6.1522 2.1158 35.5761 1.5708 0.9772
Car 0.0000 0.0000 0.0000 1698.0000 136.0000 1878.0000 194.0000 1.8352 1.8374 4.8018 40.6100 0.6466 24.9694 -0.8610 0.9616
