Car 0.0000 0.0000 0.0000 299.0000 173.0000 385.0000 222.0000 1.8549 1.8251 4.4521 -10.8963 1.8403 29.7212 1.5708 0.9996
Car 0.0000 0.0000 0.0000 585.0000 175.0000 651.0000 231.0000 1.6309 1.6990 3.8355 0.1834 1.6748 23.0210 1.4716 0.9996
Car 0.0000 0.0000 0.0000 365.0000 178.0000 421.0000 211.0000 1.5626 1.6398 3.8800 -10.7528 1.7616 36.0431 1.5708 0.9987
Car 0.0000 0.0000 0.0000 411.0000 176.0000 454.0000 202.0000 1.4958 1.6655 3.7741 -10.4988 1.6054 43.1089 1.5673 0.9985
Car 0.0000 0.0000 0.0000 811.0000 174.0000 1044.0000 332.0000 1.5741 1.5962 3.8021 4.1603 1.5884 9.1571 -0.8414 0.9969
Car 0.0000 0.0000 0.0000 662.0000 176.0000 725.0000 214.0000 1.5483 1.6317 3.5474 3.7271 1.6540 31.2018 -1.1180 0.9958
Car 0.0000 0.0000 0.0000 684.0000 162.0000 792.0000 218.0000 1.6703 1.6554 4.0013 4.2981 1.3167 23.6196 -0.8499 0.9945
Car 0.0000 0.0000 0.0000 489.0000 164.0000 530.0000 199.0000 2.3281 2.0019 5.1742 -6.8367 1.6631 50.2987 1.5708 0.9945
Car 0.0000 0.0000 0.0000 -32.0000 180.0000 20.0000 216.0000 1.5193 1.6664 3.7718 -27.9134 1.7934 32.7056 0.9021 0.9943
Car 0.0000 0.0000 0.0000 1467.0000 183.0000 6389.0000 2676.0000 1.5374 1.6056 3.4877 4.2223 1.5904 2.2677 -0.8082 0.9937
Car 0.0000 0.0000 0.0000 763.0000 177.0000 926.0000 278.0000 1.5405 1.6052 3.7328 4.3645 1.6110 13.0883 -0.9011 0.9934
Car 0.0000 0.0000 0.0000 742.0000 176.0000 899.0000 250.0000 1.5213 1.5993 3.8191 4.9824 1.5980 16.8327 -0.6687 0.9923
Car 0.0000 0.0000 0.0000 296.0000 178.0000 335.0000 208.0000 1.4645 1.5928 3.5969 -15.3834 1.7068 37.8503 1.2693 0.9897
Car 0.0000 0.0000 0.0000 419.0000 166.0000 444.0000 187.0000 1.6270 1.6491 3.8681 -14.1155 1.0331 57.2533 1.2580 0.9766
