Car 0.0000 0.0000 0.0000 248.0000 192.0000 390.0000 270.0000 1.5856 1.7464 4.2881 -6.8868 2.0637 17.5459 1.5663 0.9997
Car 0.0000 0.0000 0.0000 600.0000 187.0000 670.0000 253.0000 1.5279 1.6387 3.4914 0.5769 1.8845 18.9044 1.5540 0.9997
Car 0.0000 0.0000 0.0000 98.0000 188.0000 217.0000 238.0000 1.4706 1.5929 3.4939 -14.7892 1.9606 23.7726 1.5708 0.9995
Car 0.0000 0.0000 0.0000 341.0000 183.0000 408.0000 226.0000 1.7132 1.7109 3.7990 -10.1775 2.1225 31.4945 1.5526 0.9994
Car 0.0000 0.0000 0.0000 417.0000 187.0000 472.0000 215.0000 1.5028 1.7506 4.2279 -9.4790 2.2949 41.8169 -1.4507 0.9990
Car 0.0000 0.0000 0.0000 470.0000 187.0000 521.0000 220.0000 1.4850 1.6738 4.0094 -5.5332 2.1661 35.6023 1.5708 0.9990
Car 0.0000 0.0000 0.0000 766.0000 181.0000 932.0000 276.0000 1.6144 1.6618 3.9660 4.9003 1.7750 14.4654 -0.8210 0.9982
Car 0.0000 0.0000 0.0000 535.0000 187.0000 565.0000 209.0000 1.4688 1.6245 3.9156 -4.2023 2.4450 51.7398 1.5708 0.9981
Car 0.0000 0.0000 0.0000 668.0000 181.0000 757.0000 218.0000 1.4799 1.5982 3.9086 4.5814 1.8147 31.6451 -0.6521 0.9948
Car 0.0000 0.0000 0.0000 696.0000 181.0000 794.0000 228.0000 1.5020 1.6482 3.9001 4.8790 1.7881 25.5346 -0.8424 0.9943
Car 0.0000 0.0000 0.0000 258.0000 195.0000 346.0000 242.0000 1.4238 1.5335 3.4826 -10.4250 2.1730 24.6345 1.5617 0.9936
Car 0.0000 0.0000 0.0000 -551.0000 205.0000 -30.0000 371.0000 1.4164 1.5771 4.0444 -10.4914 1.8890 8.9467 1.5040 0.9696
