Car 0.0000 0.0000 0.0000 140.0000 166.0000 408.0000 269.0000 1.7111 1.6546 4.0891 -5.9496 1.5976 13.0327 0.0067 0.9997
Car 0.0000 0.0000 0.0000 848.0000 181.0000 1096.0000 271.0000 1.5361 1.6249 3.7730 6.5704 1.6876 13.3930 0.0580 0.9996
Car 0.0000 0.0000 0.0000 637.0000 181.0000 674.0000 211.0000 1.4379 1.6106 3.8182 2.3892 1.8375 37.5800 1.5484 0.9996
Car 0.0000 0.0000 0.0000 719.0000 178.0000 859.0000 229.0000 1.5544 1.6555 4.0936 5.7079 1.7065 23.2023 0.0361 0.9996
Car 0.0000 0.0000 0.0000 -126.0000 179.0000 303.0000 334.0000 1.6032 1.6155 3.9008 -5.8900 1.6850 8.3656 0.0490 0.9994
Car 0.0000 0.0000 0.0000 227.0000 184.0000 429.0000 262.0000 1.5377 1.5878 3.6466 -5.9084 1.7701 15.2995 0.0494 0.9992
Car 0.0000 0.0000 0.0000 890.0000 186.0000 1198.0000 291.0000 1.4661 1.5934 3.7552 6.4969 1.6732 11.1243 0.0524 0.9992
Car 0.0000 0.0000 0.0000 269.0000 168.0000 443.0000 243.0000 1.7358 1.6205 3.7628 -6.2769 1.6306 17.9157 0.1683 0.9992
Car 0.0000 0.0000 0.0000 425.0000 172.0000 529.0000 211.0000 1.7698 1.7235 4.5183 -6.2383 1.7188 34.1093 0.1699 0.9983
Car 0.0000 0.0000 0.0000 412.0000 180.0000 513.0000 216.0000 1.4904 1.6120 3.9309 -6.3166 1.7662 31.1586 0.1870 0.9982
Car 0.0000 0.0000 0.0000 343.0000 179.0000 479.0000 230.0000 1.5259 1.6150 3.8488 -6.2335 1.7117 22.8633 0.0493 0.9978
Car 0.0000 0.0000 0.0000 -556.0000 170.0000 139.0000 400.0000 1.6036 1.6277 3.9483 -6.3985 1.6025 5.9025 0.0290 0.9975
Car 0.0000 0.0000 0.0000 1221.0000 186.0000 2869.0000 616.0000 1.5549 1.6834 4.4283 6.0265 1.6438 3.5987 0.0621 0.9968
Car 0.0000 0.0000 0.0000 311.0000 179.0000 453.0000 235.0000 1.5189 1.5651 3.5278 -6.4127 1.6759 20.4800 0.0630 0.9947
Car 0.0000 0.0000 0.0000 562.0000 179.0000 582.0000 197.0000 1.4939 1.6565 3.8907 -3.1772 1.9656 62.1663 1.5274 0.9918
Car 0.0000 0.0000 0.0000 540.0000 176.0000 560.0000 192.0000 1.4861 1.6376 3.8366 -5.6388 1.6597 69.7948 1.5708 0.9917
Car 0.0000 0.0000 0.0000 439.0000 172.0000 524.0000 204.0000 1.6194 1.6792 4.1819 -6.7994 1.5507 38.5509 0.0768 0.9916
Car 0.0000 0.0000 0.0000 24.0000 186.0000 328.0000 307.0000 1.5026 1.5373 3.6679 -6.2932 1.7135 10.7907 -0.4670 0.9916
Car 0.0000 0.0000 0.0000 492.0000 175.0000 546.0000 199.0000 1.7108 1.6589 3.7722 -6.5592 1.7972 53.0711 -0.0053 0.9845
Car 0.0000 0.0000 0.0000 -41922.0000 -4.0000 -1260.0000 8269.0000 1.5451 1.5708 3.6016 -6.3609 1.5283 0.9302 -0.0062 0.9728
