Car 0.0000 0.0000 0.0000 320.0000 195.0000 489.0000 312.0000 1.4123 1.5629 3.7775 -2.9999 1.7928 11.2098 1.5684 0.9999
Car 0.0000 0.0000 0.0000 430.0000 186.0000 530.0000 264.0000 1.4737 1.6002 4.0096 -2.7658 1.7606 16.0434 1.5472 0.9997
Car 0.0000 0.0000 0.0000 721.0000 180.0000 808.0000 261.0000 1.5254 1.6083 3.3647 3.2204 1.6572 15.4273 -1.3962 0.9997
Car 0.0000 0.0000 0.0000 -327.0000 204.0000 338.0000 557.0000 1.4570 1.5672 3.5635 -3.4820 1.7383 5.0418 1.5708 0.9994
Car 0.0000 0.0000 0.0000 492.0000 179.0000 552.0000 229.0000 1.6894 1.6512 3.5848 -3.1000 1.8726 26.1926 1.5708 0.9992
Car 0.0000 0.0000 0.0000 920.0000 165.0000 1010.0000 199.0000 1.6672 1.6671 4.3071 18.5569 1.2276 37.4858 -0.3570 0.9988
Car 0.0000 0.0000 0.0000 1131.0000 117.0000 3167.0000 813.0000 1.6697 1.7246 4.4497 5.4115 1.5521 3.9920 1.5316 0.9987
Car 0.0000 0.0000 0.0000 973.0000 159.0000 1441.0000 320.0000 1.5882 1.6339 3.7925 6.4361 1.4699 8.2067 0.1405 0.9983
Car 0.0000 0.0000 0.0000 732.0000 170.0000 817.0000 205.0000 1.6383 1.6449 3.9549 8.0462 1.4736 35.0429 0.2567 0.9974
Car 0.0000 0.0000 0.0000 1007.0000 171.0000 1058.0000 212.0000 1.4663 1.5872 3.9560 16.3832 1.3857 27.9830 -1.0614 0.9903
Car 0.0000 0.0000 0.0000 463.0000 171.0000 518.0000 192.0000 1.5154 1.6018 4.0957 -9.1693 1.3184 55.8737 -0.2738 0.9864
Car 0.0000 0.0000 0.0000 524.0000 182.0000 564.0000 219.0000 1.4774 1.6242 3.8362 -2.8060 1.8147 31.0677 1.4887 0.9859
Car 0.0000 0.0000 0.0000 771.0000 179.0000 867.0000 230.0000 1.5408 1.6192 3.7999 7.0234 1.7220 23.8769 -0.8604 0.9854
Car 0.0000 0.0000 0.0000 721.0000 177.0000 819.0000 237.0000 1.4682 1.5157 3.3923 4.4137 1.5607 19.4939 -1.0048 0.9824
