Car 0.0000 0.0000 0.0000 679.0000 176.0000 772.0000 247.0000 1.5676 1.6446 3.9175 2.7817 1.6335 18.0908 1.5585 0.9999
Car 0.0000 0.0000 0.0000 260.0000 188.0000 456.0000 311.0000 1.5438 1.6825 4.3285 -3.7890 1.8034 11.5906 1.5594 0.9999
Car 0.0000 0.0000 0.0000 450.0000 177.0000 525.0000 233.0000 1.5902 1.6578 3.7849 -3.7348 1.7075 22.5642 1.5708 0.9998
Car 0.0000 0.0000 0.0000 -150.0000 196.0000 326.0000 452.0000 1.4703 1.5886 3.6288 -3.9568 1.7085 6.2350 1.5397 0.9995
Car 0.0000 0.0000 0.0000 488.0000 164.0000 549.0000 218.0000 1.9234 1.8105 4.4595 -3.4754 1.6014 28.3231 1.5674 0.9994
Car 0.0000 0.0000 0.0000 419.0000 187.0000 473.0000 206.0000 1.4798 1.6348 4.3916 -13.8473 2.6257 61.4740 -0.2051 0.9989
Car 0.0000 0.0000 0.0000 718.0000 150.0000 812.0000 183.0000 1.7578 1.7667 4.8284 8.6149 0.4747 39.9530 0.0302 0.9984
Car 0.0000 0.0000 0.0000 1212.0000 77.0000 2198.0000 425.0000 1.8461 1.7788 4.1619 7.9005 1.3407 6.0327 1.3463 0.9983
Car 0.0000 0.0000 0.0000 721.0000 165.0000 807.0000 202.0000 1.8378 1.6976 4.1098 7.9690 1.3996 37.3041 0.0544 0.9980
Car 0.0000 0.0000 0.0000 669.0000 181.0000 735.0000 230.0000 1.4645 1.5790 3.7203 2.9887 1.7218 23.8200 1.5409 0.9975
Car 0.0000 0.0000 0.0000 920.0000 169.0000 1060.0000 242.0000 1.5556 1.5831 3.6083 9.0898 1.4585 17.1240 -0.6582 0.9960
Car 0.0000 0.0000 0.0000 806.0000 174.0000 922.0000 219.0000 1.4985 1.5729 3.7227 9.0653 1.5065 25.6514 -0.3642 0.9945
Car 0.0000 0.0000 0.0000 769.0000 174.0000 863.0000 213.0000 1.6105 1.6292 3.9228 8.9908 1.6097 31.2645 -0.5151 0.9939
Car 0.0000 0.0000 0.0000 518.0000 171.0000 557.0000 207.0000 1.5840 1.5980 3.6610 -3.3052 1.4714 33.7170 1.5284 0.9911
Car 0.0000 0.0000 0.0000 829.0000 174.0000 962.0000 226.0000 1.5433 1.5829 3.7383 9.0685 1.5563 22.8471 -0.3103 0.9910
Car 0.0000 0.0000 0.0000 860.0000 170.0000 996.0000 230.0000 1.5392 1.5507 3.5218 8.7780 1.4348 19.8201 -0.4720 0.9902
Car 0.0000 0.0000 0.0000 962.0000 143.0000 1057.0000 178.0000 1.7566 1.6977 4.0092 20.8490 0.2008 37.5611 0.0362 0.9747
Car 0.0000 0.0000 0.0000 798.0000 178.0000 876.0000 219.0000 1.4930 1.6025 3.8478 8.9328 1.6493 28.5023 1.4952 0.9716
