Car 0.0000 0.0000 0.0000 700.0000 198.0000 840.0000 300.0000 1.5024 1.5800 3.3697 2.7318 1.9896 13.0863 1.5072 1.0000
Car 0.0000 0.0000 0.0000 660.0000 195.0000 751.0000 264.0000 1.5152 1.5974 3.5451 2.3425 2.0906 18.4297 1.4970 0.9999
Car 0.0000 0.0000 0.0000 429.0000 193.0000 541.0000 280.0000 1.4975 1.6301 3.7059 -2.4644 1.9241 14.9297 1.5708 0.9999
Car 0.0000 0.0000 0.0000 792.0000 209.0000 1087.0000 438.0000 1.4221 1.5498 3.5865 2.7132 1.8327 6.8296 -1.4351 0.9998
Car 0.0000 0.0000 0.0000 642.0000 193.0000 689.0000 234.0000 1.5110 1.6166 3.7176 2.2871 2.3505 29.9875 1.5595 0.9997
Car 0.0000 0.0000 0.0000 554.0000 181.0000 584.0000 207.0000 1.5418 1.6604 3.9664 -2.5897 2.0161 46.1195 1.4384 0.9993
Car 0.0000 0.0000 0.0000 653.0000 189.0000 714.0000 236.0000 1.4570 1.5359 3.4040 2.5392 2.0203 25.2768 1.4973 0.9990
Car 0.0000 0.0000 0.0000 603.0000 189.0000 631.0000 206.0000 1.5199 1.6909 3.4335 0.8204 2.9670 67.4529 -1.2719 0.9982
Car 0.0000 0.0000 0.0000 542.0000 191.0000 574.0000 220.0000 1.4564 1.5641 3.5599 -2.8318 2.4593 40.5928 1.5697 0.9975
Car 0.0000 0.0000 0.0000 -2591.0000 226.0000 -1315.0000 443.0000 1.6201 1.7740 4.1064 -28.2992 2.3691 8.4779 1.0037 0.9941
Car 0.0000 0.0000 0.0000 -2733.0000 -1333.0000 1429.0000 594.0000 1.4418 1.5529 3.6052 2.5123 1.5933 1.0055 1.5166 0.9918
Car 0.0000 0.0000 0.0000 477.0000 184.0000 546.0000 243.0000 1.4611 1.5989 3.5989 -2.6802 1.7767 20.2751 1.5265 0.9912
Car 0.0000 0.0000 0.0000 503.0000 191.0000 557.0000 239.0000 1.4994 1.5813 3.7120 -2.7098 2.1155 25.2635 1.5412 0.9853
