Car 0.0000 0.0000 0.0000 379.0000 183.0000 493.0000 264.0000 1.5624 1.6764 4.2042 -3.7961 1.7983 16.3780 1.5439 0.9999
Car 0.0000 0.0000 0.0000 246.0000 191.0000 433.0000 311.0000 1.4692 1.5631 3.5892 -3.9302 1.7612 11.0155 1.5524 0.9998
Car 0.0000 0.0000 0.0000 482.0000 175.0000 545.0000 223.0000 1.6812 1.6988 3.9705 -3.5963 1.7393 27.5951 1.5708 0.9998
Car 0.0000 0.0000 0.0000 667.0000 180.0000 735.0000 231.0000 1.4642 1.6034 3.9538 2.8333 1.6740 23.0074 1.5555 0.9997
Car 0.0000 0.0000 0.0000 995.0000 133.0000 1350.0000 285.0000 1.8256 1.7312 3.9395 7.9596 1.3409 10.7426 1.3472 0.9994
Car 0.0000 0.0000 0.0000 -7229.0000 151.0000 311.0000 5339.0000 1.7471 1.7052 3.9694 -2.7539 1.7625 2.2676 1.5708 0.9992
Car 0.0000 0.0000 0.0000 335.0000 192.0000 385.0000 210.0000 1.4602 1.6018 4.0829 -22.6904 3.1843 65.7654 -0.1322 0.9991
Car 0.0000 0.0000 0.0000 -25417.0000 -9626.0000 1319.0000 493.0000 1.4634 1.5783 3.6954 2.7458 1.5423 1.7071 1.5389 0.9991
Car 0.0000 0.0000 0.0000 507.0000 172.0000 557.0000 216.0000 1.8865 1.8445 4.4411 -3.4794 1.8113 33.2147 1.5668 0.9987
Car 0.0000 0.0000 0.0000 709.0000 168.0000 784.0000 198.0000 1.6727 1.7003 4.0940 8.0215 1.3757 42.1551 0.0308 0.9986
Car 0.0000 0.0000 0.0000 848.0000 172.0000 963.0000 227.0000 1.5435 1.5685 3.5731 9.0905 1.4937 22.0371 -0.6202 0.9960
Car 0.0000 0.0000 0.0000 808.0000 171.0000 917.0000 221.0000 1.6061 1.5815 3.5655 8.7412 1.5215 24.8538 -0.5156 0.9893
Car 0.0000 0.0000 0.0000 660.0000 181.0000 709.0000 221.0000 1.4572 1.5638 3.5201 2.9214 1.7418 28.4828 1.5708 0.9892
Car 0.0000 0.0000 0.0000 718.0000 158.0000 790.0000 186.0000 1.6156 1.6923 4.2745 8.9195 0.6803 44.4931 0.1218 0.9879
Car 0.0000 0.0000 0.0000 797.0000 177.0000 901.0000 221.0000 1.5526 1.6149 3.8983 9.2326 1.6856 27.6551 -0.5382 0.9773
Car 0.0000 0.0000 0.0000 1189.0000 124.0000 1590.0000 261.0000 1.6482 1.6451 3.6273 10.9592 1.0547 10.5402 1.3505 0.9749
Car 0.0000 0.0000 0.0000 916.0000 145.0000 1003.0000 177.0000 1.7631 1.7010 4.2845 20.6322 0.1431 42.5276 0.1204 0.9715
Car 0.0000 0.0000 0.0000 530.0000 177.0000 556.0000 198.0000 1.4848 1.6424 3.9486 -4.7235 1.6998 52.2867 1.5408 0.9675
