Car 0.0000 0.0000 0.0000 281.0000 187.0000 437.0000 300.0000 1.4772 1.5458 3.3576 -3.8667 1.7196 11.5516 1.4982 0.9999
Car 0.0000 0.0000 0.0000 753.0000 168.0000 912.0000 231.0000 1.7410 1.7042 4.3079 6.4724 1.6172 21.2482 0.2534 0.9998
Car 0.0000 0.0000 0.0000 996.0000 200.0000 1387.0000 498.0000 1.4816 1.5499 3.1886 3.9996 1.7304 5.5849 -1.1589 0.9997
Car 0.0000 0.0000 0.0000 -136.0000 -4852.0000 7366.0000 507.0000 1.5484 1.7092 4.1837 -2.9335 1.7218 1.7641 1.4838 0.9989
Car 0.0000 0.0000 0.0000 374.0000 190.0000 482.0000 266.0000 1.4713 1.6288 3.7878 -4.2699 1.8587 16.4410 1.1142 0.9988
Car 0.0000 0.0000 0.0000 1256.0000 179.0000 1441.0000 260.0000 1.4596 1.5389 3.6745 15.1441 1.5819 14.7485 -0.4482 0.9983
Car 0.0000 0.0000 0.0000 1047.0000 168.0000 1181.0000 221.0000 1.6594 1.6488 4.1478 16.9733 1.4866 24.2042 -0.3788 0.9982
Car 0.0000 0.0000 0.0000 -3006.0000 -1526.0000 1518.0000 559.0000 1.5066 1.5937 3.8534 2.9804 1.6481 1.1962 1.5708 0.9969
Car 0.0000 0.0000 0.0000 938.0000 183.0000 1192.0000 319.0000 1.4894 1.5431 3.5210 6.1404 1.6268 9.6591 -0.5799 0.9937
Car 0.0000 0.0000 0.0000 1462.0000 171.0000 1620.0000 228.0000 1.4441 1.5471 3.5484 25.4326 1.3724 19.6692 -0.3282 0.9892
