Car 0.0000 0.0000 0.0000 462.0000 177.0000 500.0000 204.0000 1.4526 1.6385 3.7697 -7.1963 1.6382 40.7097 1.5243 0.9993
Car 0.0000 0.0000 0.0000 -142.0000 173.0000 187.0000 300.0000 1.6925 1.6102 3.5653 -8.4538 1.7051 10.5132 0.0492 0.9988
Car 0.0000 0.0000 0.0000 30.0000 179.0000 291.0000 272.0000 1.5995 1.6125 3.8720 -8.2158 1.7056 13.3250 0.0469 0.9980
Car 0.0000 0.0000 0.0000 -328.0000 202.0000 37.0000 374.0000 1.4738 1.6112 3.8582 -8.4239 1.8146 7.9703 0.4228 0.9977
Car 0.0000 0.0000 0.0000 352.0000 180.0000 452.0000 222.0000 1.5812 1.5805 3.7136 -8.2113 1.8237 28.6810 -0.2515 0.9970
Car 0.0000 0.0000 0.0000 651.0000 174.0000 675.0000 191.0000 1.4464 1.6453 3.7623 4.5835 1.4296 60.6309 1.5481 0.9969
Car 0.0000 0.0000 0.0000 1153.0000 130.0000 1391.0000 205.0000 1.5655 1.6281 4.2064 14.7380 0.6343 16.1181 -0.1508 0.9968
Car 0.0000 0.0000 0.0000 307.0000 183.0000 410.0000 226.0000 1.4666 1.5167 3.2526 -8.9869 1.7991 25.9831 -0.1432 0.9923
Car 0.0000 0.0000 0.0000 180.0000 178.0000 356.0000 252.0000 1.6565 1.6089 3.7607 -8.3285 1.7666 17.7599 -0.4290 0.9915
Car 0.0000 0.0000 0.0000 234.0000 180.0000 380.0000 239.0000 1.5870 1.5628 3.7270 -8.6954 1.7832 20.9409 -0.2490 0.9895
Car 0.0000 0.0000 0.0000 -1608.0000 205.0000 -273.0000 537.0000 1.4629 1.5638 3.8104 -9.1060 1.7353 4.7693 -0.3082 0.9883
