Car 0.0000 0.0000 0.0000 783.0000 184.0000 970.0000 298.0000 1.5280 1.5812 3.4788 4.0686 1.7024 11.6431 1.5227 0.9999
Car 0.0000 0.0000 0.0000 736.0000 182.0000 849.0000 254.0000 1.4533 1.5861 3.7640 4.1027 1.6600 16.7970 1.5476 0.9999
Car 0.0000 0.0000 0.0000 708.0000 180.0000 788.0000 235.0000 1.5351 1.6580 3.7390 4.1959 1.7363 22.4015 1.5455 0.9998
Car 0.0000 0.0000 0.0000 428.0000 185.0000 508.0000 242.0000 1.5281 1.6974 4.0650 -4.2284 1.8898 22.0169 1.5523 0.9998
Car 0.0000 0.0000 0.0000 472.0000 180.0000 533.0000 228.0000 1.6697 1.6792 3.9977 -4.0193 1.9154 27.6388 1.5708 0.9997
Car 0.0000 0.0000 0.0000 894.0000 195.0000 1495.0000 486.0000 1.4676 1.6106 3.9890 3.9299 1.6926 5.8959 1.5545 0.9997
Car 0.0000 0.0000 0.0000 552.0000 179.0000 581.0000 204.0000 1.5759 1.7106 4.3123 -2.8701 1.9485 49.4881 1.5708 0.9993
Car 0.0000 0.0000 0.0000 502.0000 184.0000 548.0000 219.0000 1.4482 1.6130 4.0632 -3.7800 1.9140 32.7288 1.5674 0.9993
Car 0.0000 0.0000 0.0000 694.0000 181.0000 755.0000 224.0000 1.5173 1.6222 3.8876 4.3581 1.7877 27.6399 1.5510 0.9976
Car 0.0000 0.0000 0.0000 -1174.0000 -523.0000 2324.0000 831.0000 1.7416 1.6886 3.8373 3.7491 1.7899 0.0607 1.5708 0.9878
Car 0.0000 0.0000 0.0000 350.0000 176.0000 448.0000 214.0000 1.6103 1.6237 3.8267 -9.2711 1.7281 31.8948 0.0674 0.9850
Car 0.0000 0.0000 0.0000 952.0000 172.0000 1012.0000 202.0000 1.4673 1.6179 3.7358 19.4423 1.3726 37.6598 -1.4355 0.9696
Car 0.0000 0.0000 0.0000 685.0000 178.0000 726.0000 209.0000 1.5420 1.5991 3.6336 5.0879 1.7648 38.3480 1.5446 0.9621
