Car 0.0000 0.0000 0.0000 102.0000 199.0000 331.0000 321.0000 1.5193 1.6510 3.8087 -6.0667 1.9902 11.6083 1.5579 0.9998
Car 0.0000 0.0000 0.0000 451.0000 189.0000 501.0000 222.0000 1.4182 1.5416 3.5653 -6.2795 2.1694 34.2651 1.5708 0.9997
Car 0.0000 0.0000 0.0000 171.0000 197.0000 229.0000 226.0000 1.4913 1.7004 4.0275 -23.7380 2.9041 41.9367 1.3886 0.9996
Car 0.0000 0.0000 0.0000 798.0000 184.0000 1107.0000 377.0000 1.4271 1.5470 3.2544 2.9745 1.5418 7.0519 1.5708 0.9996
Car 0.0000 0.0000 0.0000 645.0000 173.0000 685.0000 206.0000 1.6349 1.6762 3.7734 2.9122 1.5996 37.9051 1.5401 0.9995
Car 0.0000 0.0000 0.0000 211.0000 193.0000 280.0000 224.0000 1.5947 1.7937 4.5340 -20.9124 2.7524 41.6114 1.5474 0.9984
Car 0.0000 0.0000 0.0000 475.0000 189.0000 518.0000 217.0000 1.4266 1.6526 3.8782 -6.1773 2.2618 39.8365 1.5708 0.9984
Car 0.0000 0.0000 0.0000 805.0000 166.0000 833.0000 184.0000 1.4813 1.6476 3.7296 18.3698 0.8574 63.0466 -1.4835 0.9973
Car 0.0000 0.0000 0.0000 260.0000 193.0000 323.0000 222.0000 1.4882 1.6712 3.9123 -18.0985 2.5991 41.2365 1.5708 0.9969
Car 0.0000 0.0000 0.0000 -3408.0000 -1453.0000 1492.0000 564.0000 1.5534 1.6261 3.8588 3.0388 1.6516 1.1824 1.5416 0.9962
Car 0.0000 0.0000 0.0000 534.0000 184.0000 554.0000 202.0000 1.4571 1.6640 3.9014 -5.8107 2.4174 64.7524 1.4444 0.9944
