Car 0.0000 0.0000 0.0000 273.0000 188.0000 438.0000 291.0000 1.3773 1.5680 3.4402 -3.9665 1.6339 11.7257 1.5405 0.9996
Car 0.0000 0.0000 0.0000 -787.0000 188.0000 331.0000 753.0000 1.5099 1.6853 3.9471 -3.1569 1.6185 3.9967 1.5438 0.9988
Car 0.0000 0.0000 0.0000 562.0000 174.0000 601.0000 209.0000 1.5414 1.6818 3.9346 -1.3284 1.5464 33.2895 1.5083 0.9988
Car 0.0000 0.0000 0.0000 8.0000 182.0000 257.0000 283.0000 1.4314 1.6596 4.0319 -7.9261 1.5858 12.4421 1.5661 0.9975
Car 0.0000 0.0000 0.0000 207.0000 180.0000 324.0000 241.0000 1.4231 1.5603 3.2560 -8.8269 1.5939 18.7050 1.5336 0.9958
Car 0.0000 0.0000 0.0000 186.0000 175.0000 277.0000 223.0000 1.5217 1.6479 3.7570 -13.0527 1.5875 25.0777 1.4199 0.9955
Car 0.0000 0.0000 0.0000 399.0000 181.0000 448.0000 215.0000 1.5458 1.6105 3.6042 -8.8871 1.8894 34.7361 1.5238 0.9940
Car 0.0000 0.0000 0.0000 534.0000 169.0000 557.0000 193.0000 2.0111 1.7680 4.5490 -5.6103 1.5913 63.5736 1.4262 0.9935
Car 0.0000 0.0000 0.0000 299.0000 170.0000 353.0000 205.0000 1.4960 1.6478 3.8494 -13.0792 1.3518 33.4182 1.3749 0.9930
Car 0.0000 0.0000 0.0000 -798.0000 134.0000 -438.0000 222.0000 1.6001 1.5936 3.4742 -24.9688 0.8812 14.8706 1.5046 0.9898
Car 0.0000 0.0000 0.0000 350.0000 155.0000 430.0000 220.0000 2.2280 1.9474 5.4285 -8.1874 1.5956 27.4079 1.4556 0.9879
Car 0.0000 0.0000 0.0000 461.0000 161.0000 525.0000 217.0000 1.9900 1.8345 4.2950 -4.4034 1.5336 27.8977 1.5598 0.9853
Car 0.0000 0.0000 0.0000 -76.0000 176.0000 111.0000 249.0000 1.4190 1.5628 3.5542 -12.8769 1.4778 15.9089 1.4476 0.9687
