Car 0.0000 0.0000 0.0000 699.0000 178.0000 824.0000 264.0000 1.5718 1.6368 3.7477 3.0495 1.6675 15.2590 1.5080 0.9999
Car 0.0000 0.0000 0.0000 402.0000 177.0000 476.0000 230.0000 1.7355 1.7364 4.2637 -5.9896 1.8610 25.7794 1.5474 0.9998
Car 0.0000 0.0000 0.0000 290.0000 196.0000 417.0000 270.0000 1.4684 1.6285 4.0270 -6.0009 2.0563 17.3505 1.5708 0.9997
Car 0.0000 0.0000 0.0000 859.0000 156.0000 924.0000 177.0000 1.6666 1.7361 4.6913 23.4447 0.1920 59.8136 0.0751 0.9994
Car 0.0000 0.0000 0.0000 123.0000 203.0000 331.0000 315.0000 1.4398 1.5715 3.4938 -6.0669 1.9783 11.8407 1.5665 0.9993
Car 0.0000 0.0000 0.0000 558.0000 177.0000 582.0000 196.0000 1.4599 1.6737 3.9736 -3.0923 1.7495 58.5007 1.5708 0.9978
Car 0.0000 0.0000 0.0000 524.0000 180.0000 550.0000 198.0000 1.4494 1.6657 3.8940 -5.7570 1.9119 58.0946 1.5708 0.9973
Car 0.0000 0.0000 0.0000 1242.0000 136.0000 1445.0000 204.0000 2.0695 1.8891 4.8505 24.9186 0.9226 24.7550 1.5322 0.9972
Car 0.0000 0.0000 0.0000 449.0000 183.0000 502.0000 219.0000 1.4976 1.6343 3.8591 -5.9617 1.9158 32.4853 1.5708 0.9955
Car 0.0000 0.0000 0.0000 634.0000 175.0000 653.0000 193.0000 1.4807 1.6470 3.8128 3.1420 1.6295 64.6581 1.5708 0.9938
Car 0.0000 0.0000 0.0000 1382.0000 142.0000 1581.0000 198.0000 1.8059 1.7658 4.4113 29.8161 0.7727 24.7300 0.0748 0.9792
Car 0.0000 0.0000 0.0000 718.0000 171.0000 749.0000 192.0000 1.6024 1.6772 4.2742 10.1537 1.4226 58.7816 1.5505 0.9743
