Car 0.0000 0.0000 0.0000 272.0000 196.0000 410.0000 274.0000 1.4720 1.6328 4.1204 -5.9897 2.0242 16.5304 1.5651 0.9998
Car 0.0000 0.0000 0.0000 392.0000 190.0000 474.0000 244.0000 1.5684 1.7419 4.1681 -5.7798 2.1274 24.0361 1.5599 0.9998
Car 0.0000 0.0000 0.0000 66.0000 206.0000 306.0000 335.0000 1.4252 1.5357 3.4485 -5.9243 1.9648 10.5058 1.5489 0.9997
Car 0.0000 0.0000 0.0000 1010.0000 132.0000 1323.0000 239.0000 1.6653 1.6450 4.0118 9.3125 1.0190 12.2927 0.0238 0.9996
Car 0.0000 0.0000 0.0000 672.0000 175.0000 743.0000 229.0000 1.6249 1.6643 3.8898 3.1218 1.6826 23.7196 1.5376 0.9995
Car 0.0000 0.0000 0.0000 442.0000 188.0000 499.0000 228.0000 1.4723 1.6029 3.8612 -5.7193 2.1037 30.0933 1.5708 0.9995
Car 0.0000 0.0000 0.0000 691.0000 178.0000 790.0000 245.0000 1.5124 1.6309 3.9748 3.1820 1.6196 18.3326 1.5313 0.9995
Car 0.0000 0.0000 0.0000 481.0000 185.0000 525.0000 214.0000 1.4651 1.6528 3.9708 -5.6776 2.0572 39.0460 1.5708 0.9992
Car 0.0000 0.0000 0.0000 956.0000 148.0000 1207.0000 239.0000 1.6164 1.6395 3.9988 9.5402 1.1802 14.8688 0.9098 0.9988
Car 0.0000 0.0000 0.0000 843.0000 161.0000 980.0000 226.0000 1.6164 1.6161 4.0022 8.2578 1.3198 20.0949 1.4107 0.9979
Car 0.0000 0.0000 0.0000 -644.0000 227.0000 131.0000 553.0000 1.4527 1.6621 3.8187 -5.9158 2.0075 5.7375 1.5377 0.9978
Car 0.0000 0.0000 0.0000 657.0000 179.0000 701.0000 213.0000 1.5036 1.5551 3.6504 3.2444 1.7511 33.8536 1.5342 0.9978
Car 0.0000 0.0000 0.0000 891.0000 160.0000 1065.0000 229.0000 1.5322 1.5655 3.5696 8.8597 1.2339 17.4091 -0.2348 0.9975
Car 0.0000 0.0000 0.0000 1456.0000 123.0000 1634.0000 191.0000 1.5186 1.5915 3.8883 22.7813 0.3800 17.5382 -0.3676 0.9973
Car 0.0000 0.0000 0.0000 1341.0000 121.0000 1579.0000 185.0000 1.6375 1.7294 4.2100 23.3979 0.2685 19.9529 0.1114 0.9969
Car 0.0000 0.0000 0.0000 517.0000 183.0000 543.0000 204.0000 1.4791 1.6612 3.8455 -5.8970 2.1705 54.3415 1.5295 0.9856
Car 0.0000 0.0000 0.0000 812.0000 134.0000 957.0000 184.0000 1.6491 1.7019 4.4497 9.5553 0.3190 25.2782 0.0793 0.9812
Car 0.0000 0.0000 0.0000 1120.0000 114.0000 1271.0000 168.0000 1.5965 1.6536 3.8344 19.4495 -0.2264 24.1233 1.4503 0.9676
