Car 0.0000 0.0000 0.0000 679.0000 172.0000 796.0000 260.0000 1.6156 1.6620 3.7773 2.5251 1.5935 15.1345 1.5394 0.9999
Car 0.0000 0.0000 0.0000 450.0000 176.0000 505.0000 216.0000 1.5087 1.6304 3.7314 -5.3731 1.6126 29.7159 1.5591 0.9998
Car 0.0000 0.0000 0.0000 390.0000 176.0000 473.0000 232.0000 1.5854 1.6496 3.7876 -5.4413 1.6617 22.4172 1.5702 0.9998
Car 0.0000 0.0000 0.0000 729.0000 174.0000 928.0000 309.0000 1.5372 1.5553 3.3299 2.7995 1.5636 10.0418 1.5029 0.9998
Car 0.0000 0.0000 0.0000 660.0000 160.0000 746.0000 230.0000 1.7753 1.7494 4.1172 2.5337 1.4368 20.4884 1.5410 0.9996
Car 0.0000 0.0000 0.0000 527.0000 166.0000 555.0000 189.0000 1.6197 1.6664 4.0992 -4.9178 1.0568 52.4997 1.5597 0.9995
Car 0.0000 0.0000 0.0000 182.0000 194.0000 378.0000 303.0000 1.4136 1.5541 3.8140 -5.2034 1.7979 11.8775 1.5505 0.9993
Car 0.0000 0.0000 0.0000 309.0000 181.0000 439.0000 260.0000 1.6205 1.7187 4.2781 -5.4126 1.7936 17.0807 1.5581 0.9990
Car 0.0000 0.0000 0.0000 -296.0000 202.0000 218.0000 438.0000 1.4278 1.6021 3.8133 -5.4131 1.7574 6.7293 1.4849 0.9985
Car 0.0000 0.0000 0.0000 688.0000 152.0000 748.0000 178.0000 1.6360 1.6399 3.8800 7.4614 0.2249 49.1551 0.2809 0.9717
