Car 0.0000 0.0000 0.0000 363.0000 180.0000 501.0000 271.0000 1.4665 1.6684 4.0813 -3.2522 1.5985 13.8845 1.5707 0.9998
Car 0.0000 0.0000 0.0000 559.0000 175.0000 626.0000 239.0000 1.6331 1.7173 3.9532 -0.4828 1.6708 20.5212 1.5529 0.9996
Car 0.0000 0.0000 0.0000 233.0000 177.0000 358.0000 241.0000 1.4311 1.6177 3.8180 -7.8500 1.5275 18.3269 1.5377 0.9995
Car 0.0000 0.0000 0.0000 449.0000 170.0000 530.0000 230.0000 1.5649 1.6777 4.2015 -3.4024 1.4924 21.0873 1.5708 0.9994
Car 0.0000 0.0000 0.0000 60.0000 194.0000 428.0000 414.0000 1.4330 1.6200 4.1663 -3.1285 1.6860 7.1398 1.5462 0.9994
Car 0.0000 0.0000 0.0000 510.0000 175.0000 550.0000 211.0000 1.4534 1.6018 3.7452 -3.4293 1.5203 31.5848 1.4973 0.9988
Car 0.0000 0.0000 0.0000 333.0000 178.0000 387.0000 207.0000 1.4347 1.6068 3.6729 -12.7122 1.6298 36.9426 1.5239 0.9988
Car 0.0000 0.0000 0.0000 -322.0000 188.0000 121.0000 357.0000 1.4792 1.6522 3.5294 -7.7302 1.6745 8.3347 1.5708 0.9978
Car 0.0000 0.0000 0.0000 -279.0000 181.0000 6.0000 283.0000 1.4380 1.5706 3.5920 -12.2174 1.5598 12.1163 1.3780 0.9948
Car 0.0000 0.0000 0.0000 534.0000 159.0000 556.0000 179.0000 1.5200 1.6565 3.6936 -5.0937 0.3691 57.5700 1.4632 0.9909
Car 0.0000 0.0000 0.0000 389.0000 172.0000 448.0000 209.0000 1.4525 1.6089 3.7119 -7.9680 1.3854 30.3853 1.5412 0.9906
Car 0.0000 0.0000 0.0000 444.0000 178.0000 481.0000 204.0000 1.4984 1.6374 3.7833 -8.8458 1.7387 43.6560 1.5186 0.9833
