Car 0.0000 0.0000 0.0000 842.0000 204.0000 2433.0000 1096.0000 1.5863 1.6839 4.3691 2.7162 1.8200 3.6081 1.5560 0.9998
Car 0.0000 0.0000 0.0000 697.0000 193.0000 794.0000 230.0000 1.6041 1.7162 4.1344 6.0631 2.4718 32.3648 0.1157 0.9997
Car 0.0000 0.0000 0.0000 816.0000 197.0000 1093.0000 294.0000 1.5681 1.6791 4.1368 5.9803 2.0175 12.9356 0.0998 0.9994
Car 0.0000 0.0000 0.0000 357.0000 186.0000 498.0000 242.0000 1.6027 1.6438 3.9307 -5.6501 2.0138 22.4239 0.2452 0.9991
Car 0.0000 0.0000 0.0000 773.0000 196.0000 911.0000 258.0000 1.4862 1.6063 3.9445 6.6179 2.1645 20.4106 -0.5846 0.9991
Car 0.0000 0.0000 0.0000 284.0000 185.0000 460.0000 250.0000 1.4840 1.5944 3.7939 -5.7995 1.7845 17.7409 0.1262 0.9990
Car 0.0000 0.0000 0.0000 -312.0000 108.0000 313.0000 347.0000 2.2070 1.8650 5.2982 -6.2539 1.6322 7.7335 0.0552 0.9989
Car 0.0000 0.0000 0.0000 228.0000 189.0000 392.0000 271.0000 1.4573 1.5827 3.9117 -6.1823 1.8145 15.2956 -1.4824 0.9986
Car 0.0000 0.0000 0.0000 398.0000 176.0000 506.0000 222.0000 1.6517 1.6239 3.7020 -5.9281 1.7679 27.3374 0.0473 0.9968
Car 0.0000 0.0000 0.0000 760.0000 187.0000 889.0000 239.0000 1.5304 1.5941 3.6722 6.6844 1.9800 22.6823 0.1208 0.9968
Car 0.0000 0.0000 0.0000 974.0000 189.0000 1414.0000 335.0000 1.4982 1.5881 3.7341 6.5558 1.6981 8.4907 0.1264 0.9966
Car 0.0000 0.0000 0.0000 473.0000 193.0000 547.0000 222.0000 1.5447 1.6163 3.8326 -5.5738 2.6415 40.6371 0.2032 0.9920
Car 0.0000 0.0000 0.0000 486.0000 186.0000 554.0000 213.0000 1.5394 1.6168 3.8630 -5.3487 2.3210 43.5796 0.0263 0.9892
Car 0.0000 0.0000 0.0000 388.0000 195.0000 506.0000 242.0000 1.5124 1.5813 3.6195 -5.5331 2.2626 24.6883 0.1143 0.9888
Car 0.0000 0.0000 0.0000 642.0000 194.0000 670.0000 219.0000 1.5237 1.6498 3.3432 3.0224 2.8500 46.8454 1.5708 0.9769
Car 0.0000 0.0000 0.0000 542.0000 189.0000 565.0000 207.0000 1.4497 1.6578 3.6371 -4.8531 2.8511 63.6686 1.5708 0.9734
Car 0.0000 0.0000 0.0000 548.0000 196.0000 578.0000 216.0000 1.4455 1.5576 3.7000 -3.5965 3.2422 57.0109 -1.4068 0.9631
