Car 0.0000 0.0000 0.0000 589.0000 179.0000 638.0000 220.0000 1.6169 1.6981 3.5546 0.1233 1.8209 29.9961 1.4936 0.9997
Car 0.0000 0.0000 0.0000 10.0000 179.0000 224.0000 274.0000 1.7877 1.8092 4.3022 -10.5548 1.9093 15.8627 1.5614 0.9995
Car 0.0000 0.0000 0.0000 750.0000 176.0000 925.0000 259.0000 1.5361 1.5840 3.6113 4.8145 1.5861 15.1181 -0.5951 0.9984
Car 0.0000 0.0000 0.0000 794.0000 179.0000 987.0000 293.0000 1.5607 1.5633 3.4678 4.6475 1.6623 11.7549 -0.7458 0.9957
Car 0.0000 0.0000 0.0000 701.0000 176.0000 849.0000 244.0000 1.5326 1.5977 3.7991 4.2756 1.6080 18.3890 -0.6436 0.9954
Car 0.0000 0.0000 0.0000 -335.0000 200.0000 26.0000 329.0000 1.4476 1.5688 3.4958 -10.6654 1.8749 10.4198 1.5471 0.9932
Car 0.0000 0.0000 0.0000 685.0000 174.0000 795.0000 232.0000 1.6346 1.6755 4.0912 4.1241 1.6488 22.3347 -0.9247 0.9923
Car 0.0000 0.0000 0.0000 692.0000 177.0000 747.0000 217.0000 1.4648 1.5687 3.8100 4.4604 1.5943 28.7314 -1.2544 0.9873
Car 0.0000 0.0000 0.0000 934.0000 162.0000 997.0000 183.0000 1.6910 1.7069 4.3530 29.5179 0.7292 59.6113 0.0362 0.9772
Car 0.0000 0.0000 0.0000 653.0000 178.0000 686.0000 202.0000 1.5319 1.6122 3.6855 4.0638 1.7780 47.3377 -1.3354 0.9743
Car 0.0000 0.0000 0.0000 526.0000 181.0000 548.0000 197.0000 1.4797 1.6575 4.0032 -6.6880 2.1237 67.6239 1.5555 0.9669
Car 0.0000 0.0000 0.0000 964.0000 171.0000 993.0000 192.0000 1.4605 1.5882 3.3891 27.3963 1.2844 53.3657 -1.1899 0.9647
