Car 0.0000 0.0000 0.0000 831.0000 195.0000 1382.0000 508.0000 1.4576 1.5385 3.3678 2.9829 1.6523 5.2740 1.5012 0.9999
Car 0.0000 0.0000 0.0000 729.0000 168.0000 891.0000 228.0000 1.7989 1.7856 4.7323 6.3143 1.6419 23.0848 0.0588 0.9996
Car 0.0000 0.0000 0.0000 394.0000 178.0000 497.0000 221.0000 1.6664 1.6274 3.7069 -6.5148 1.8365 28.8061 0.0414 0.9996
Car 0.0000 0.0000 0.0000 259.0000 163.0000 440.0000 236.0000 1.8360 1.6931 4.1969 -6.8509 1.5747 19.1966 0.0382 0.9996
Car 0.0000 0.0000 0.0000 814.0000 170.0000 1029.0000 250.0000 1.5701 1.6437 3.8473 6.4716 1.5266 15.3090 0.0630 0.9996
Car 0.0000 0.0000 0.0000 844.0000 184.0000 1131.0000 274.0000 1.4522 1.6386 4.1604 6.4493 1.6604 12.7052 0.0830 0.9992
Car 0.0000 0.0000 0.0000 -45.0000 174.0000 305.0000 303.0000 1.5719 1.5743 3.7430 -6.4481 1.5949 10.0091 -0.1591 0.9991
Car 0.0000 0.0000 0.0000 636.0000 155.0000 699.0000 220.0000 2.6633 2.1039 5.8945 2.5440 1.9249 32.8245 1.5244 0.9990
Car 0.0000 0.0000 0.0000 456.0000 169.0000 507.0000 208.0000 1.6883 1.6192 3.9180 -6.0635 1.4919 33.8440 1.2016 0.9989
Car 0.0000 0.0000 0.0000 -622.0000 154.0000 127.0000 428.0000 1.6737 1.6145 3.6213 -5.9156 1.5739 5.2588 0.0204 0.9971
Car 0.0000 0.0000 0.0000 301.0000 181.0000 441.0000 236.0000 1.4589 1.5413 3.6834 -7.0523 1.6831 21.4874 -0.8520 0.9954
Car 0.0000 0.0000 0.0000 684.0000 162.0000 733.0000 181.0000 1.5302 1.6419 3.8748 8.3493 0.5266 60.2930 0.0641 0.9903
Car 0.0000 0.0000 0.0000 516.0000 175.0000 541.0000 196.0000 1.4987 1.6200 3.7596 -5.8643 1.5985 53.0048 1.5029 0.9800
Car 0.0000 0.0000 0.0000 626.0000 162.0000 653.0000 191.0000 1.9083 1.8156 4.7810 2.1135 1.1291 49.8632 1.5708 0.9786
Car 0.0000 0.0000 0.0000 540.0000 175.0000 557.0000 191.0000 1.4797 1.6136 3.8079 -5.8231 1.5980 70.2542 1.4982 0.9785
