Car 0.0000 0.0000 0.0000 714.0000 184.0000 938.0000 322.0000 1.4991 1.5784 3.4340 2.6768 1.6564 9.8216 1.4172 0.9999
Car 0.0000 0.0000 0.0000 588.0000 185.0000 657.0000 232.0000 1.4390 1.5806 3.4260 0.3845 1.8453 24.4830 1.3560 0.9998
Car 0.0000 0.0000 0.0000 528.0000 184.0000 607.0000 213.0000 1.4863 1.6211 4.1818 -2.2561 2.0408 39.7873 -0.6342 0.9987
Car 0.0000 0.0000 0.0000 644.0000 181.0000 726.0000 213.0000 1.4976 1.6172 4.0054 3.8468 1.8706 36.0597 -0.6155 0.9986
Car 0.0000 0.0000 0.0000 706.0000 184.0000 782.0000 213.0000 1.4551 1.5974 4.1510 7.3705 2.0040 39.1599 -0.6110 0.9942
Car 0.0000 0.0000 0.0000 1867.0000 219.0000 16699.0000 3437.0000 1.5233 1.5967 3.5589 6.7167 1.6878 1.7006 0.3335 0.9921
Car 0.0000 0.0000 0.0000 765.0000 181.0000 828.0000 207.0000 1.4457 1.5511 3.7796 11.0871 1.8789 42.3903 -0.6581 0.9884
Car 0.0000 0.0000 0.0000 887.0000 178.0000 913.0000 199.0000 1.4717 1.5724 3.7768 21.2307 1.7776 52.6015 -1.2356 0.9827
Car 0.0000 0.0000 0.0000 906.0000 175.0000 947.0000 206.0000 1.5442 1.6127 3.0967 16.7808 1.6175 38.1602 -1.2639 0.9820
Car 0.0000 0.0000 0.0000 809.0000 175.0000 852.0000 200.0000 1.5548 1.6564 3.8527 13.9918 1.5948 45.2761 -1.0084 0.9801
