Car 0.0000 0.0000 0.0000 639.0000 172.0000 705.0000 218.0000 1.4502 1.5251 3.2161 2.0919 1.4161 24.8570 1.4265 0.9999
Car 0.0000 0.0000 0.0000 608.0000 173.0000 659.0000 211.0000 1.5571 1.5467 3.3638 1.0230 1.5520 31.8036 1.3898 0.9998
Car 0.0000 0.0000 0.0000 567.0000 176.0000 605.0000 201.0000 1.4610 1.6334 3.5198 -1.4161 1.5825 43.7526 1.3535 0.9996
Car 0.0000 0.0000 0.0000 723.0000 151.0000 930.0000 304.0000 1.8205 1.7281 4.2203 2.9126 1.5668 10.7421 1.5556 0.9996
Car 0.0000 0.0000 0.0000 425.0000 180.0000 480.0000 222.0000 1.4828 1.6318 3.8475 -6.0693 1.7102 27.5654 1.2387 0.9995
Car 0.0000 0.0000 0.0000 -18.0000 196.0000 96.0000 264.0000 1.5310 1.5735 3.1733 -14.8091 2.1506 18.8087 1.1676 0.9994
Car 0.0000 0.0000 0.0000 693.0000 172.0000 803.0000 251.0000 1.5438 1.5712 3.7865 2.9430 1.5332 16.1073 1.5327 0.9992
Car 0.0000 0.0000 0.0000 550.0000 175.0000 573.0000 196.0000 1.4591 1.5841 3.7323 -3.5237 1.5751 54.0990 1.5261 0.9990
Car 0.0000 0.0000 0.0000 835.0000 -873.0000 5576.0000 2374.0000 2.4073 2.0334 5.2762 2.8945 1.6230 3.1908 1.5417 0.9989
Car 0.0000 0.0000 0.0000 531.0000 178.0000 551.0000 193.0000 1.4183 1.6061 3.6110 -6.5216 1.8248 69.2671 1.3922 0.9985
Car 0.0000 0.0000 0.0000 425.0000 172.0000 450.0000 194.0000 1.8046 1.7750 4.1820 -14.6373 1.6888 61.3852 1.2764 0.9976
