Car 0.0000 0.0000 0.0000 327.0000 185.0000 405.0000 233.0000 1.5733 1.6781 4.0446 -8.7777 2.0020 26.2486 1.5109 0.9997
Car 0.0000 0.0000 0.0000 491.0000 177.0000 532.0000 207.0000 1.4434 1.6550 3.8603 -5.0208 1.6341 37.3265 1.5524 0.9995
Car 0.0000 0.0000 0.0000 659.0000 170.0000 686.0000 194.0000 1.4652 1.6267 3.6859 4.0450 1.2510 46.0283 1.5708 0.9993
Car 0.0000 0.0000 0.0000 148.0000 191.0000 296.0000 267.0000 1.4078 1.5427 3.4551 -8.3524 1.8227 15.7935 1.5139 0.9992
Car 0.0000 0.0000 0.0000 369.0000 184.0000 439.0000 219.0000 1.4934 1.6103 3.7296 -9.3842 1.9659 33.2277 -1.3952 0.9992
Car 0.0000 0.0000 0.0000 247.0000 183.0000 360.0000 248.0000 1.6472 1.6887 4.1339 -8.6701 1.9152 20.7384 1.5168 0.9991
Car 0.0000 0.0000 0.0000 1040.0000 132.0000 1159.0000 169.0000 1.4901 1.6677 3.9497 21.0920 -0.2498 31.0410 0.0188 0.9988
Car 0.0000 0.0000 0.0000 680.0000 173.0000 703.0000 192.0000 1.4934 1.6513 3.7215 6.8439 1.4408 59.7550 1.5708 0.9987
Car 0.0000 0.0000 0.0000 637.0000 173.0000 659.0000 192.0000 1.5146 1.6338 3.7836 3.1471 1.4208 57.3948 1.5708 0.9942
Car 0.0000 0.0000 0.0000 953.0000 160.0000 1012.0000 193.0000 1.5887 1.6933 3.9566 19.3656 0.9159 37.2197 -0.8251 0.9883
Car 0.0000 0.0000 0.0000 -2572.0000 211.0000 -411.0000 739.0000 1.5445 1.5580 3.8040 -8.8013 1.8154 3.7087 -0.3551 0.9826
Car 0.0000 0.0000 0.0000 1143.0000 142.0000 1281.0000 182.0000 1.6341 1.7559 4.4416 26.7000 0.3282 31.9992 0.8948 0.9821
Car 0.0000 0.0000 0.0000 -146.0000 188.0000 12.0000 242.0000 1.6256 1.5758 3.5213 -22.4321 2.1198 23.9872 -0.3518 0.9808
Car 0.0000 0.0000 0.0000 -153.0000 155.0000 -7.0000 199.0000 1.6185 1.6137 3.9889 -27.7126 0.9286 29.0192 -1.0125 0.9768
Car 0.0000 0.0000 0.0000 1214.0000 129.0000 1329.0000 181.0000 1.5713 1.6498 4.2393 21.9429 0.1899 23.8195 -0.5385 0.9757
Car 0.0000 0.0000 0.0000 903.0000 163.0000 966.0000 192.0000 1.5770 1.6535 4.2148 19.1079 0.9849 42.1076 -0.6883 0.9669
