Car 0.0000 0.0000 0.0000 850.0000 201.0000 1694.0000 680.0000 1.4662 1.5734 3.4903 2.7851 1.6874 4.1608 1.5320 0.9999
Car 0.0000 0.0000 0.0000 647.0000 179.0000 699.0000 221.0000 1.5032 1.5894 3.5165 2.3923 1.6885 27.8114 1.5391 0.9998
Car 0.0000 0.0000 0.0000 414.0000 187.0000 535.0000 279.0000 1.3845 1.5517 3.4572 -2.3026 1.6426 12.9085 1.5621 0.9998
Car 0.0000 0.0000 0.0000 474.0000 173.0000 557.0000 240.0000 1.4958 1.6225 3.5412 -2.2626 1.5021 18.0044 1.5658 0.9997
Car 0.0000 0.0000 0.0000 571.0000 173.0000 625.0000 218.0000 1.5235 1.6560 3.5923 -0.4906 1.5285 26.6159 1.4595 0.9995
Car 0.0000 0.0000 0.0000 181.0000 179.0000 359.0000 276.0000 1.5529 1.6755 4.3053 -6.5916 1.6642 13.6581 0.7819 0.9994
Car 0.0000 0.0000 0.0000 -42.0000 174.0000 125.0000 238.0000 1.5143 1.6117 3.7168 -15.0515 1.5476 19.3134 1.5610 0.9994
Car 0.0000 0.0000 0.0000 -307.0000 164.0000 62.0000 445.0000 1.5859 1.6085 3.6575 -6.0600 1.5522 5.7903 0.6414 0.9978
Car 0.0000 0.0000 0.0000 631.0000 181.0000 674.0000 211.0000 1.4951 1.6268 3.8548 2.2174 1.8415 37.2573 1.4760 0.9978
Car 0.0000 0.0000 0.0000 340.0000 178.0000 378.0000 202.0000 1.4513 1.5982 3.6111 -15.6175 1.6855 45.0706 1.4187 0.9972
Car 0.0000 0.0000 0.0000 499.0000 167.0000 551.0000 192.0000 1.8629 1.6727 4.0043 -6.4266 1.3804 55.2148 0.7243 0.9940
Car 0.0000 0.0000 0.0000 251.0000 176.0000 320.0000 210.0000 1.4784 1.6674 3.7566 -15.1049 1.6088 33.7901 1.5278 0.9920
Car 0.0000 0.0000 0.0000 356.0000 177.0000 469.0000 229.0000 1.5777 1.6450 4.1023 -6.5977 1.7116 23.8929 0.7391 0.9915
Car 0.0000 0.0000 0.0000 563.0000 176.0000 608.0000 208.0000 1.5491 1.6989 4.0227 -1.2968 1.6776 37.8140 1.3709 0.9907
Car 0.0000 0.0000 0.0000 -2742.0000 200.0000 -495.0000 1288.0000 1.5764 1.6156 3.7955 -6.1928 1.7218 2.8790 0.6445 0.9787
Car 0.0000 0.0000 0.0000 684.0000 118.0000 852.0000 263.0000 2.5665 2.0650 5.7574 3.1294 1.5905 15.7274 1.5135 0.9708
Car 0.0000 0.0000 0.0000 468.0000 172.0000 552.0000 205.0000 1.6704 1.6525 4.0753 -5.1551 1.5654 37.6844 -0.6570 0.9641
