Car 0.0000 0.0000 0.0000 752.0000 182.0000 941.0000 250.0000 1.5502 1.6793 4.0535 5.6625 1.7685 17.5927 0.0251 0.9998
Car 0.0000 0.0000 0.0000 636.0000 182.0000 680.0000 217.0000 1.4158 1.5922 4.0624 2.1211 1.7956 32.1739 1.5440 0.9997
Car 0.0000 0.0000 0.0000 359.0000 180.0000 490.0000 228.0000 1.6078 1.6698 4.2207 -6.5255 1.8579 25.6375 0.0406 0.9997
Car 0.0000 0.0000 0.0000 247.0000 180.0000 427.0000 248.0000 1.5357 1.5897 3.7327 -6.4850 1.7043 17.3311 0.0472 0.9993
Car 0.0000 0.0000 0.0000 86.0000 163.0000 365.0000 285.0000 1.7424 1.6225 3.8839 -6.4084 1.5947 12.2129 -0.7410 0.9992
Car 0.0000 0.0000 0.0000 -251.0000 168.0000 248.0000 352.0000 1.6480 1.6215 3.8320 -6.0644 1.6239 7.3732 0.0486 0.9989
Car 0.0000 0.0000 0.0000 998.0000 178.0000 1494.0000 339.0000 1.5256 1.6144 3.7736 6.5025 1.5877 7.7562 0.0769 0.9988
Car 0.0000 0.0000 0.0000 -19.0000 194.0000 327.0000 321.0000 1.5060 1.5852 3.6872 -5.9710 1.8012 9.6140 0.0733 0.9979
Car 0.0000 0.0000 0.0000 188.0000 181.0000 393.0000 261.0000 1.5307 1.5696 3.5619 -6.5184 1.6977 14.8353 0.1281 0.9978
Car 0.0000 0.0000 0.0000 398.0000 173.0000 509.0000 216.0000 1.6454 1.6489 3.9404 -6.1085 1.6210 28.4469 0.0856 0.9977
Car 0.0000 0.0000 0.0000 410.0000 174.0000 510.0000 212.0000 1.6696 1.7071 4.1785 -6.7932 1.6993 33.0330 0.0650 0.9972
Car 0.0000 0.0000 0.0000 553.0000 178.0000 575.0000 198.0000 1.4583 1.5836 3.8282 -3.4512 1.7846 56.4238 1.5349 0.9957
Car 0.0000 0.0000 0.0000 1131.0000 184.0000 1901.0000 414.0000 1.4660 1.5886 3.7854 6.4481 1.5703 5.5026 0.0233 0.9955
Car 0.0000 0.0000 0.0000 -753.0000 201.0000 59.0000 476.0000 1.5113 1.5928 3.7540 -6.3073 1.7390 4.9891 0.0645 0.9936
Car 0.0000 0.0000 0.0000 469.0000 175.0000 533.0000 202.0000 1.7190 1.6586 3.9236 -7.0662 1.7997 47.4216 0.0428 0.9921
Car 0.0000 0.0000 0.0000 620.0000 178.0000 641.0000 196.0000 1.4626 1.6154 3.8919 1.8638 1.7907 59.9897 1.5708 0.9841
Car 0.0000 0.0000 0.0000 301.0000 155.0000 349.0000 179.0000 1.5160 1.6233 3.8149 -18.6772 0.3425 47.5194 1.5708 0.9804
Car 0.0000 0.0000 0.0000 499.0000 176.0000 548.0000 195.0000 1.5846 1.6258 4.0259 -7.4116 1.7976 63.0819 0.0701 0.9761
