Car 0.0000 0.0000 0.0000 168.0000 162.0000 394.0000 260.0000 1.8963 1.6799 4.2512 -7.1561 1.6648 15.8282 -0.6521 0.9996
Car 0.0000 0.0000 0.0000 746.0000 181.0000 934.0000 251.0000 1.5611 1.6530 4.0121 5.4395 1.7643 17.3762 0.0441 0.9993
Car 0.0000 0.0000 0.0000 630.0000 182.0000 679.0000 216.0000 1.4640 1.6445 3.9859 1.9938 1.8241 32.9509 1.4832 0.9993
Car 0.0000 0.0000 0.0000 375.0000 178.0000 489.0000 220.0000 1.5149 1.6019 3.8753 -6.6705 1.6875 27.2340 0.0478 0.9991
Car 0.0000 0.0000 0.0000 810.0000 182.0000 1003.0000 270.0000 1.4883 1.6114 3.9747 5.7619 1.6687 14.5851 1.3590 0.9986
Car 0.0000 0.0000 0.0000 400.0000 178.0000 500.0000 219.0000 1.6071 1.6134 3.7661 -6.5330 1.8004 29.7460 0.0502 0.9983
Car 0.0000 0.0000 0.0000 899.0000 182.0000 1277.0000 317.0000 1.5884 1.6155 3.7996 6.0050 1.7115 9.4656 0.0986 0.9983
Car 0.0000 0.0000 0.0000 -146.0000 168.0000 263.0000 324.0000 1.6905 1.6380 3.8036 -6.5549 1.6558 8.7829 0.0359 0.9982
Car 0.0000 0.0000 0.0000 776.0000 177.0000 846.0000 238.0000 1.5243 1.5616 3.7803 5.4330 1.6081 19.7640 -1.3640 0.9976
Car 0.0000 0.0000 0.0000 151.0000 177.0000 330.0000 276.0000 1.5654 1.5712 3.5352 -6.6258 1.6330 13.2987 1.5454 0.9975
Car 0.0000 0.0000 0.0000 1032.0000 173.0000 1637.0000 373.0000 1.5625 1.6226 3.7078 6.1701 1.5798 6.5547 0.0778 0.9974
Car 0.0000 0.0000 0.0000 1221.0000 153.0000 2398.0000 495.0000 1.5303 1.6212 3.8096 6.0797 1.4629 4.0986 0.0360 0.9950
Car 0.0000 0.0000 0.0000 -424.0000 184.0000 167.0000 386.0000 1.5581 1.6229 3.7360 -6.3795 1.6725 6.4682 0.0331 0.9921
Car 0.0000 0.0000 0.0000 685.0000 170.0000 745.0000 193.0000 1.7393 1.7018 4.4747 8.0864 1.4476 55.2169 0.1093 0.9882
