Car 0.0000 0.0000 0.0000 492.0000 179.0000 548.0000 225.0000 1.4774 1.6221 3.8823 -3.0851 1.6590 25.3395 1.5295 0.9999
Car 0.0000 0.0000 0.0000 776.0000 186.0000 1067.0000 358.0000 1.4320 1.5483 3.4965 3.0768 1.5903 7.9787 1.5185 0.9998
Car 0.0000 0.0000 0.0000 702.0000 174.0000 852.0000 282.0000 1.5648 1.6172 3.6552 2.6927 1.5932 12.4495 1.5398 0.9998
Car 0.0000 0.0000 0.0000 375.0000 182.0000 446.0000 207.0000 1.5452 1.6487 4.0013 -12.6444 2.0659 46.0357 0.0436 0.9987
Car 0.0000 0.0000 0.0000 589.0000 175.0000 614.0000 197.0000 1.5270 1.6840 3.7978 -0.5212 1.5824 51.0026 1.5473 0.9985
Car 0.0000 0.0000 0.0000 655.0000 178.0000 713.0000 226.0000 1.6022 1.6928 3.9651 2.6504 1.7529 26.2116 1.5708 0.9983
Car 0.0000 0.0000 0.0000 281.0000 178.0000 353.0000 203.0000 1.5093 1.6198 3.9495 -18.6060 1.8010 46.0126 0.0843 0.9974
Car 0.0000 0.0000 0.0000 677.0000 176.0000 778.0000 253.0000 1.5440 1.5330 3.0937 2.5586 1.6154 16.3587 1.4825 0.9950
Car 0.0000 0.0000 0.0000 622.0000 176.0000 664.0000 204.0000 1.4939 1.6305 3.9758 1.9317 1.6499 41.5604 1.4168 0.9912
Car 0.0000 0.0000 0.0000 645.0000 179.0000 691.0000 216.0000 1.5029 1.5718 3.6926 2.4892 1.7206 31.2095 1.5336 0.9902
Car 0.0000 0.0000 0.0000 338.0000 177.0000 400.0000 199.0000 1.4537 1.5936 3.7897 -16.5633 1.6990 49.8192 0.1017 0.9820
Car 0.0000 0.0000 0.0000 623.0000 175.0000 645.0000 194.0000 1.5145 1.6226 3.6970 2.0730 1.6445 59.8241 1.5557 0.9683
