Car 0.0000 0.0000 0.0000 666.0000 181.0000 816.0000 282.0000 1.5376 1.6326 3.7817 2.1892 1.6736 13.1118 1.4531 0.9999
Car 0.0000 0.0000 0.0000 -129.0000 189.0000 283.0000 397.0000 1.4501 1.6055 3.6357 -4.7607 1.6250 7.0997 1.4878 0.9997
Car 0.0000 0.0000 0.0000 300.0000 185.0000 418.0000 257.0000 1.3925 1.5669 3.4493 -5.4224 1.6469 15.9326 1.5206 0.9996
Car 0.0000 0.0000 0.0000 538.0000 179.0000 586.0000 220.0000 1.5751 1.7004 3.6341 -1.9868 1.7822 29.5635 1.4403 0.9995
Car 0.0000 0.0000 0.0000 387.0000 177.0000 467.0000 229.0000 1.4722 1.6323 3.7670 -5.6054 1.5819 22.4853 1.5478 0.9990
Car 0.0000 0.0000 0.0000 172.0000 165.0000 311.0000 235.0000 1.7051 1.7902 4.7445 -10.0264 1.5015 20.0535 1.4824 0.9990
Car 0.0000 0.0000 0.0000 579.0000 181.0000 605.0000 201.0000 1.4736 1.6262 3.6690 -1.3091 2.0327 55.8599 1.4392 0.9981
Car 0.0000 0.0000 0.0000 366.0000 168.0000 415.0000 200.0000 1.6734 1.7616 3.9475 -11.8637 1.3716 39.3070 1.4838 0.9975
Car 0.0000 0.0000 0.0000 436.0000 179.0000 459.0000 196.0000 1.4517 1.6393 3.8070 -14.4463 1.9030 64.8552 1.4539 0.9953
Car 0.0000 0.0000 0.0000 -190.0000 157.0000 128.0000 285.0000 1.5410 1.6166 3.5978 -9.0804 1.3580 10.6092 1.5175 0.9949
Car 0.0000 0.0000 0.0000 465.0000 179.0000 500.0000 206.0000 1.4876 1.6265 3.8435 -7.4933 1.8017 42.8468 1.5094 0.9926
Car 0.0000 0.0000 0.0000 423.0000 178.0000 474.0000 216.0000 1.4810 1.6435 4.0988 -6.6966 1.6650 30.3147 1.4546 0.9897
Car 0.0000 0.0000 0.0000 325.0000 181.0000 392.0000 221.0000 1.4630 1.5304 3.3605 -9.9030 1.7706 28.6397 1.5662 0.9825
Car 0.0000 0.0000 0.0000 522.0000 182.0000 554.0000 211.0000 1.4742 1.5911 3.7189 -3.8357 1.9317 39.1434 1.5093 0.9790
