Car 0.0000 0.0000 0.0000 622.0000 178.0000 674.0000 213.0000 1.5491 1.6577 3.6445 1.7952 1.7625 34.4065 1.3978 0.9999
Car 0.0000 0.0000 0.0000 758.0000 179.0000 880.0000 231.0000 1.4318 1.5105 3.3375 6.3114 1.6082 21.9707 0.9547 0.9998
Car 0.0000 0.0000 0.0000 236.0000 153.0000 444.0000 242.0000 2.0295 1.7578 4.4489 -6.5308 1.5656 17.7220 0.0075 0.9997
Car 0.0000 0.0000 0.0000 96.0000 172.0000 342.0000 272.0000 1.6953 1.6087 3.6490 -7.0616 1.6807 13.1935 0.0414 0.9993
Car 0.0000 0.0000 0.0000 609.0000 177.0000 639.0000 202.0000 1.4264 1.6035 3.7302 0.8845 1.6442 43.7809 1.5345 0.9984
Car 0.0000 0.0000 0.0000 177.0000 185.0000 386.0000 262.0000 1.4979 1.5790 3.6947 -6.8220 1.7585 15.1226 0.1023 0.9984
Car 0.0000 0.0000 0.0000 423.0000 178.0000 500.0000 211.0000 1.6050 1.5928 3.5716 -7.4834 1.8327 36.6753 0.0633 0.9982
Car 0.0000 0.0000 0.0000 385.0000 178.0000 488.0000 217.0000 1.5451 1.5911 3.8023 -7.1064 1.7421 29.7516 0.0849 0.9976
Car 0.0000 0.0000 0.0000 -508.0000 191.0000 104.0000 411.0000 1.5263 1.5702 3.6163 -6.5781 1.6969 6.0187 0.0926 0.9957
Car 0.0000 0.0000 0.0000 -1247.0000 216.0000 -4.0000 634.0000 1.4898 1.6083 3.8290 -5.6943 1.7588 3.6273 0.0616 0.9942
Car 0.0000 0.0000 0.0000 496.0000 176.0000 523.0000 199.0000 1.4872 1.6418 4.0434 -6.6299 1.6183 48.5841 1.4728 0.9886
Car 0.0000 0.0000 0.0000 463.0000 165.0000 518.0000 189.0000 1.6750 1.6411 3.7153 -8.5574 1.0346 52.2842 0.0079 0.9873
Car 0.0000 0.0000 0.0000 650.0000 162.0000 699.0000 181.0000 1.6911 1.7119 4.3732 6.0348 0.6460 66.0996 0.0679 0.9828
Car 0.0000 0.0000 0.0000 430.0000 182.0000 509.0000 212.0000 1.6231 1.6737 4.1823 -8.0303 2.1309 41.7291 0.1077 0.9826
Car 0.0000 0.0000 0.0000 333.0000 178.0000 455.0000 225.0000 1.5341 1.6001 3.7263 -7.4583 1.7012 25.0671 0.1047 0.9655
