Car 0.0000 0.0000 0.0000 628.0000 174.0000 702.0000 243.0000 1.5979 1.6946 3.5249 1.3384 1.6295 18.5801 1.5708 0.9991
Car 0.0000 0.0000 0.0000 -684.0000 195.0000 241.0000 599.0000 1.4468 1.6608 4.2110 -4.3623 1.6483 4.9291 1.5015 0.9983
Car 0.0000 0.0000 0.0000 458.0000 166.0000 505.0000 185.0000 1.4181 1.5462 3.6238 -10.2527 0.8384 57.9482 -0.1875 0.9971
Car 0.0000 0.0000 0.0000 482.0000 172.0000 524.0000 203.0000 1.5130 1.6442 3.6455 -5.3934 1.4486 37.0960 1.5610 0.9963
Car 0.0000 0.0000 0.0000 73.0000 189.0000 247.0000 278.0000 1.4117 1.5429 3.5217 -8.3767 1.7194 13.7265 1.4176 0.9962
Car 0.0000 0.0000 0.0000 -21.0000 188.0000 72.0000 220.0000 1.4812 1.7374 4.1829 -30.5029 2.2600 37.7513 1.5093 0.9956
Car 0.0000 0.0000 0.0000 682.0000 182.0000 717.0000 207.0000 1.4770 1.5810 3.5278 5.5673 1.9659 44.0112 -1.2901 0.9954
Car 0.0000 0.0000 0.0000 -161.0000 189.0000 91.0000 277.0000 1.4407 1.6136 3.7030 -12.3734 1.7718 14.1319 1.5708 0.9905
Car 0.0000 0.0000 0.0000 599.0000 174.0000 625.0000 194.0000 1.5376 1.6103 3.7460 0.2566 1.5906 58.0359 1.4595 0.9902
Car 0.0000 0.0000 0.0000 494.0000 167.0000 557.0000 199.0000 2.0154 1.7005 3.7510 -5.4397 1.6123 47.0662 0.2453 0.9760
