Car 0.0000 0.0000 0.0000 835.0000 171.0000 905.0000 194.0000 1.5166 1.6497 4.1044 17.4696 1.3142 48.2479 0.0392 0.9995
Car 0.0000 0.0000 0.0000 890.0000 171.0000 918.0000 190.0000 1.5188 1.6447 3.7839 24.7810 1.2969 60.5268 -1.3207 0.9977
Car 0.0000 0.0000 0.0000 429.0000 179.0000 460.0000 202.0000 1.4576 1.5888 3.4812 -10.7360 1.7850 46.8001 1.2441 0.9972
Car 0.0000 0.0000 0.0000 -159.0000 187.0000 37.0000 248.0000 1.5300 1.7592 4.3205 -19.3090 1.9372 21.0225 1.5635 0.9971
Car 0.0000 0.0000 0.0000 283.0000 178.0000 313.0000 196.0000 1.5398 1.6589 3.7171 -27.5914 1.9300 63.9833 1.3875 0.9966
Car 0.0000 0.0000 0.0000 841.0000 171.0000 872.0000 189.0000 1.4565 1.6232 3.7842 21.2059 1.2533 61.7426 1.5708 0.9938
Car 0.0000 0.0000 0.0000 808.0000 173.0000 845.0000 192.0000 1.5326 1.6020 3.7820 18.3083 1.4503 60.6835 1.4580 0.9936
Car 0.0000 0.0000 0.0000 173.0000 181.0000 281.0000 220.0000 1.5794 1.6282 3.9443 -16.9202 1.9044 32.0474 -1.0127 0.9930
Car 0.0000 0.0000 0.0000 118.0000 184.0000 216.0000 220.0000 1.7031 1.6410 3.9905 -22.5162 2.2506 36.8454 -1.0986 0.9884
Car 0.0000 0.0000 0.0000 359.0000 177.0000 389.0000 193.0000 1.4524 1.6309 3.7504 -21.8959 1.7360 67.2704 1.5559 0.9622
