Car 0.0000 0.0000 0.0000 163.0000 162.0000 407.0000 268.0000 1.8814 1.6807 3.9532 -6.1402 1.6901 13.8650 0.0140 0.9996
Car 0.0000 0.0000 0.0000 320.0000 167.0000 476.0000 237.0000 1.8206 1.6390 3.8008 -5.7814 1.6610 19.8873 0.0602 0.9994
Car 0.0000 0.0000 0.0000 -128.0000 192.0000 293.0000 331.0000 1.4823 1.6194 4.0093 -6.2418 1.7318 8.7530 0.0449 0.9991
Car 0.0000 0.0000 0.0000 353.0000 180.0000 491.0000 233.0000 1.5176 1.5964 3.7829 -5.7078 1.7281 22.1603 0.0477 0.9990
Car 0.0000 0.0000 0.0000 477.0000 176.0000 564.0000 207.0000 1.5438 1.6953 4.3653 -4.6779 1.6967 38.2667 0.0327 0.9987
Car 0.0000 0.0000 0.0000 60.0000 178.0000 325.0000 288.0000 1.5984 1.5682 3.3246 -6.5200 1.6877 11.4138 0.0564 0.9985
Car 0.0000 0.0000 0.0000 665.0000 175.0000 753.0000 210.0000 1.5632 1.6601 3.9924 4.6564 1.6552 33.8640 0.0892 0.9984
Car 0.0000 0.0000 0.0000 996.0000 145.0000 1213.0000 247.0000 2.0775 1.8937 4.6119 11.3864 1.5081 17.0648 1.5616 0.9980
Car 0.0000 0.0000 0.0000 948.0000 158.0000 1048.0000 202.0000 1.4603 1.5553 3.6890 13.7642 0.9501 25.7283 1.5654 0.9962
Car 0.0000 0.0000 0.0000 -1239.0000 159.0000 -89.0000 585.0000 1.6275 1.6102 3.5622 -6.1288 1.5943 3.7137 0.0945 0.9948
Car 0.0000 0.0000 0.0000 252.0000 178.0000 423.0000 249.0000 1.5429 1.5695 3.4552 -6.3519 1.6607 16.8976 0.1966 0.9922
Car 0.0000 0.0000 0.0000 1082.0000 165.0000 1274.0000 235.0000 1.5429 1.6459 3.6510 13.9198 1.3692 17.9239 1.4601 0.9915
Car 0.0000 0.0000 0.0000 623.0000 176.0000 667.0000 193.0000 1.4728 1.5974 3.8216 3.2555 1.6546 64.2311 0.1046 0.9892
Car 0.0000 0.0000 0.0000 536.0000 169.0000 565.0000 194.0000 1.6145 1.7194 4.2124 -4.0039 1.3099 49.9756 1.5430 0.9876
Car 0.0000 0.0000 0.0000 875.0000 172.0000 914.0000 193.0000 1.4715 1.6099 3.6147 21.0532 1.3795 53.1027 1.5708 0.9851
Car 0.0000 0.0000 0.0000 152.0000 179.0000 278.0000 221.0000 1.5113 1.5935 3.9567 -15.0683 1.7410 27.6983 -0.1796 0.9802
Car 0.0000 0.0000 0.0000 139.0000 165.0000 257.0000 206.0000 1.6598 1.6737 4.0785 -17.2878 1.3158 30.3412 0.0557 0.9784
Car 0.0000 0.0000 0.0000 516.0000 169.0000 573.0000 192.0000 1.6537 1.6480 3.9487 -4.8057 1.3182 54.2168 0.1103 0.9773
Car 0.0000 0.0000 0.0000 88.0000 150.0000 203.0000 207.0000 1.7167 1.6360 3.4552 -15.1515 1.0092 23.7120 1.5511 0.9629
Car 0.0000 0.0000 0.0000 657.0000 172.0000 689.0000 202.0000 1.5155 1.5793 3.7034 3.3725 1.4242 38.2933 1.5708 0.9601
