Car 0.0000 0.0000 0.0000 735.0000 173.0000 888.0000 287.0000 1.5441 1.6012 3.4052 3.0501 1.5556 11.5943 1.5708 0.9999
Car 0.0000 0.0000 0.0000 472.0000 187.0000 512.0000 216.0000 1.4123 1.5780 3.5889 -6.2662 2.1633 38.8115 1.5708 0.9998
Car 0.0000 0.0000 0.0000 260.0000 193.0000 400.0000 276.0000 1.5443 1.6765 3.9094 -6.0760 2.0107 16.0853 1.5493 0.9998
Car 0.0000 0.0000 0.0000 637.0000 175.0000 677.0000 204.0000 1.5969 1.6668 3.8349 2.7868 1.6624 42.3465 1.4688 0.9996
Car 0.0000 0.0000 0.0000 829.0000 186.0000 1433.0000 502.0000 1.4514 1.6040 3.8727 3.0581 1.5669 5.3799 1.5380 0.9995
Car 0.0000 0.0000 0.0000 488.0000 185.0000 524.0000 210.0000 1.4220 1.5897 3.7073 -6.2642 2.1023 44.2443 1.5708 0.9988
Car 0.0000 0.0000 0.0000 252.0000 197.0000 298.0000 223.0000 1.5044 1.7352 4.0638 -21.0972 2.9935 45.5892 1.3683 0.9971
Car 0.0000 0.0000 0.0000 789.0000 169.0000 816.0000 185.0000 1.4381 1.6247 3.7053 18.1315 0.9999 67.4078 1.5708 0.9934
Car 0.0000 0.0000 0.0000 676.0000 161.0000 734.0000 185.0000 1.6990 1.6865 3.9762 6.9018 0.7912 51.7751 0.0408 0.9837
Car 0.0000 0.0000 0.0000 296.0000 187.0000 345.0000 213.0000 1.5293 1.7250 4.2791 -18.3143 2.3540 45.8945 1.4852 0.9626
