Car 0.0000 0.0000 0.0000 234.0000 193.0000 417.0000 302.0000 1.4634 1.6114 3.9013 -4.5963 1.8345 12.2061 1.5522 0.9999
Car 0.0000 0.0000 0.0000 857.0000 192.0000 1242.0000 399.0000 1.4649 1.5866 3.6294 3.8734 1.6807 7.1808 1.5659 0.9999
Car 0.0000 0.0000 0.0000 371.0000 187.0000 475.0000 257.0000 1.5007 1.6211 3.8221 -4.5151 1.8529 17.8578 1.5601 0.9999
Car 0.0000 0.0000 0.0000 760.0000 186.0000 915.0000 284.0000 1.4581 1.5780 3.6402 3.8663 1.6932 12.8881 1.5617 0.9999
Car 0.0000 0.0000 0.0000 712.0000 182.0000 820.0000 249.0000 1.4638 1.6412 4.1270 3.7722 1.6831 18.0879 1.5326 0.9997
Car 0.0000 0.0000 0.0000 432.0000 184.0000 509.0000 235.0000 1.4373 1.6423 4.3258 -4.3831 1.7959 23.3169 1.5708 0.9996
Car 0.0000 0.0000 0.0000 518.0000 180.0000 556.0000 210.0000 1.5033 1.6019 3.6376 -3.8679 1.8611 39.2395 1.5708 0.9995
Car 0.0000 0.0000 0.0000 695.0000 181.0000 770.0000 233.0000 1.4955 1.6107 3.7413 3.8473 1.7452 23.1143 1.5369 0.9992
Car 0.0000 0.0000 0.0000 690.0000 179.0000 746.0000 220.0000 1.4978 1.5809 3.5603 4.2432 1.6983 28.5214 1.5428 0.9992
Car 0.0000 0.0000 0.0000 1202.0000 199.0000 11728.0000 5299.0000 1.5425 1.6050 3.4402 3.8778 1.6702 1.9879 1.5217 0.9991
Car 0.0000 0.0000 0.0000 536.0000 176.0000 567.0000 203.0000 1.5745 1.6297 3.7787 -3.4318 1.7009 43.8503 1.5579 0.9889
Car 0.0000 0.0000 0.0000 535.0000 167.0000 555.0000 185.0000 1.5172 1.6360 3.7520 -5.4355 0.9392 61.2597 1.4858 0.9756
