Car 0.0000 0.0000 0.0000 441.0000 183.0000 538.0000 250.0000 1.4826 1.6806 4.4229 -2.9697 1.7428 18.6284 1.5708 0.9999
Car 0.0000 0.0000 0.0000 712.0000 173.0000 881.0000 291.0000 1.6151 1.6710 4.2219 2.8666 1.6209 12.0589 1.5630 0.9999
Car 0.0000 0.0000 0.0000 680.0000 183.0000 770.0000 246.0000 1.4540 1.5482 3.6340 2.8776 1.7004 18.7237 1.5175 0.9996
Car 0.0000 0.0000 0.0000 523.0000 179.0000 563.0000 214.0000 1.5038 1.5835 3.3077 -3.0285 1.7545 33.5498 1.5626 0.9996
Car 0.0000 0.0000 0.0000 663.0000 185.0000 728.0000 236.0000 1.4931 1.6152 4.0137 2.7712 1.8823 23.9484 1.5589 0.9986
Car 0.0000 0.0000 0.0000 -158.0000 -9795.0000 19462.0000 496.0000 1.4964 1.6846 4.1540 -3.4021 1.7559 1.9260 1.5442 0.9984
Car 0.0000 0.0000 0.0000 483.0000 177.0000 541.0000 230.0000 1.6873 1.6234 3.5590 -3.2652 1.7903 24.6379 1.5317 0.9956
Car 0.0000 0.0000 0.0000 649.0000 181.0000 690.0000 211.0000 1.4884 1.6141 3.8040 3.1477 1.8794 38.0407 1.5047 0.9946
Car 0.0000 0.0000 0.0000 642.0000 175.0000 666.0000 194.0000 1.4897 1.6562 3.8733 3.6557 1.6077 58.3297 1.5540 0.9929
Car 0.0000 0.0000 0.0000 546.0000 177.0000 575.0000 204.0000 1.4286 1.5323 3.4296 -2.7481 1.5986 40.5876 1.4739 0.9877
