Car 0.0000 0.0000 0.0000 682.0000 184.0000 778.0000 253.0000 1.4727 1.5707 3.5723 2.7967 1.7236 17.4853 1.5206 0.9997
Car 0.0000 0.0000 0.0000 520.0000 175.0000 572.0000 216.0000 1.3833 1.5892 3.6923 -2.2589 1.4310 26.3931 1.5587 0.9996
Car 0.0000 0.0000 0.0000 583.0000 176.0000 638.0000 227.0000 1.5828 1.6914 3.7960 -0.0246 1.6576 24.1881 1.5363 0.9994
Car 0.0000 0.0000 0.0000 -111.0000 182.0000 103.0000 252.0000 1.4868 1.6550 4.2971 -14.8605 1.7011 17.7688 1.5649 0.9992
Car 0.0000 0.0000 0.0000 -753.0000 200.0000 370.0000 850.0000 1.4733 1.6001 3.4831 -2.5892 1.6578 3.4978 1.5697 0.9990
Car 0.0000 0.0000 0.0000 274.0000 182.0000 412.0000 259.0000 1.5084 1.6178 3.8888 -6.1248 1.7080 16.2649 0.8493 0.9990
Car 0.0000 0.0000 0.0000 450.0000 177.0000 528.0000 209.0000 1.5591 1.6223 3.9629 -6.2033 1.7222 37.1237 0.6323 0.9975
Car 0.0000 0.0000 0.0000 382.0000 177.0000 487.0000 221.0000 1.5284 1.6180 3.9298 -6.5599 1.6482 26.8384 0.6318 0.9966
Car 0.0000 0.0000 0.0000 658.0000 151.0000 727.0000 208.0000 2.0296 1.8671 4.7972 3.1284 1.2326 28.0019 1.5266 0.9959
Car 0.0000 0.0000 0.0000 638.0000 175.0000 672.0000 203.0000 1.4979 1.6338 3.8844 2.6269 1.5800 41.4693 1.5491 0.9949
Car 0.0000 0.0000 0.0000 536.0000 171.0000 580.0000 208.0000 1.4919 1.6249 3.9092 -2.1900 1.4053 31.7204 1.5708 0.9948
Car 0.0000 0.0000 0.0000 246.0000 175.0000 318.0000 210.0000 1.4788 1.5854 3.8406 -14.8557 1.5397 32.9221 1.5564 0.9930
Car 0.0000 0.0000 0.0000 18.0000 194.0000 214.0000 359.0000 1.5050 1.6575 3.7837 -6.2317 1.7911 8.8729 0.8932 0.9847
Car 0.0000 0.0000 0.0000 587.0000 175.0000 629.0000 209.0000 1.5948 1.7197 3.8630 -0.1122 1.6505 36.2739 1.4666 0.9842
