Car 0.0000 0.0000 0.0000 226.0000 183.0000 378.0000 274.0000 1.6787 1.6952 4.0326 -6.4657 1.8909 15.5924 1.5357 0.9997
Car 0.0000 0.0000 0.0000 493.0000 180.0000 542.0000 219.0000 1.5632 1.7131 4.2006 -3.9696 1.8405 31.6779 1.5519 0.9997
Car 0.0000 0.0000 0.0000 621.0000 175.0000 656.0000 198.0000 1.4650 1.6276 3.8663 1.9420 1.5409 48.0524 1.4076 0.9996
Car 0.0000 0.0000 0.0000 -114.0000 188.0000 260.0000 365.0000 1.6157 1.7085 4.1957 -6.2090 1.8289 9.0083 1.5234 0.9995
Car 0.0000 0.0000 0.0000 526.0000 180.0000 560.0000 206.0000 1.5414 1.6614 4.0558 -3.9469 1.8860 43.8622 1.5708 0.9982
Car 0.0000 0.0000 0.0000 875.0000 152.0000 951.0000 179.0000 1.8375 1.8023 4.5435 21.2651 0.3423 50.4200 0.0559 0.9980
Car 0.0000 0.0000 0.0000 388.0000 185.0000 456.0000 229.0000 1.4351 1.5894 3.8585 -6.7902 1.8788 26.4682 1.5468 0.9972
Car 0.0000 0.0000 0.0000 695.0000 155.0000 772.0000 184.0000 1.7163 1.7286 4.4333 7.6110 0.5714 44.2286 0.0242 0.9966
Car 0.0000 0.0000 0.0000 701.0000 167.0000 787.0000 198.0000 1.6420 1.7046 4.5755 7.6289 1.3038 40.9500 0.0432 0.9955
Car 0.0000 0.0000 0.0000 902.0000 146.0000 1002.0000 177.0000 1.7482 1.8256 5.1478 20.6494 0.1389 43.4446 -0.0036 0.9913
Car 0.0000 0.0000 0.0000 467.0000 183.0000 508.0000 211.0000 1.4844 1.6127 3.9253 -6.8747 2.0265 41.2045 1.5708 0.9897
Car 0.0000 0.0000 0.0000 864.0000 154.0000 937.0000 178.0000 1.7457 1.8313 4.6461 21.7564 0.3029 53.7398 -0.0466 0.9731
