Car 0.0000 0.0000 0.0000 246.0000 192.0000 284.0000 223.0000 1.6266 1.7054 3.4993 -20.2079 2.7462 42.4221 1.2169 0.9997
Car 0.0000 0.0000 0.0000 -619.0000 246.0000 -236.0000 383.0000 1.4568 1.6347 3.3841 -15.8777 2.7606 11.3196 1.3082 0.9993
Car 0.0000 0.0000 0.0000 194.0000 200.0000 255.0000 235.0000 1.4493 1.6497 3.9944 -18.3440 2.7650 34.5041 1.3366 0.9993
Car 0.0000 0.0000 0.0000 725.0000 177.0000 789.0000 225.0000 1.6011 1.7346 3.7213 5.4616 1.7217 26.3513 -1.2158 0.9992
Car 0.0000 0.0000 0.0000 -369.0000 232.0000 -168.0000 309.0000 1.4534 1.6571 3.3974 -21.9483 3.0696 18.1619 1.2504 0.9988
Car 0.0000 0.0000 0.0000 799.0000 179.0000 829.0000 201.0000 1.4855 1.5770 3.2758 14.9032 1.8693 52.1261 -1.1524 0.9978
Car 0.0000 0.0000 0.0000 274.0000 183.0000 312.0000 206.0000 1.5186 1.7233 4.2272 -22.6138 2.1827 51.6354 1.3525 0.9888
Car 0.0000 0.0000 0.0000 298.0000 189.0000 327.0000 209.0000 1.6555 1.7169 3.8522 -25.9803 3.0201 63.2530 1.3684 0.9851
Car 0.0000 0.0000 0.0000 -3795.0000 254.0000 -587.0000 1058.0000 1.4644 1.6691 3.7458 -9.9737 2.0902 3.6915 1.3710 0.9807
Car 0.0000 0.0000 0.0000 -1653.0000 252.0000 -692.0000 467.0000 1.4500 1.6807 3.8233 -19.2229 2.5559 8.2821 1.4114 0.9695
