Car 0.0000 0.0000 0.0000 504.0000 188.0000 650.0000 273.0000 1.4514 1.6581 3.6566 -0.8125 1.7520 14.6636 1.1274 0.9999
Car 0.0000 0.0000 0.0000 -235.0000 208.0000 99.0000 424.0000 1.5106 1.6956 4.1123 -6.8950 1.9685 7.8215 1.0638 0.9998
Car 0.0000 0.0000 0.0000 220.0000 186.0000 267.0000 216.0000 1.5022 1.7352 4.0546 -20.3928 2.2207 40.2991 1.2507 0.9998
Car 0.0000 0.0000 0.0000 656.0000 138.0000 1097.0000 404.0000 1.9051 1.8200 4.1946 2.2562 1.6659 7.4346 1.1433 0.9997
Car 0.0000 0.0000 0.0000 409.0000 180.0000 468.0000 224.0000 1.5866 1.7770 3.9546 -6.9100 1.8513 28.8661 1.1995 0.9996
Car 0.0000 0.0000 0.0000 -2.0000 201.0000 150.0000 316.0000 1.5661 1.6187 3.3721 -9.0121 2.0790 12.3169 1.0776 0.9989
Car 0.0000 0.0000 0.0000 1121.0000 154.0000 1335.0000 261.0000 1.5602 1.6337 4.0932 10.5322 1.2810 12.6579 -1.1806 0.9983
Car 0.0000 0.0000 0.0000 586.0000 168.0000 681.0000 206.0000 1.5752 1.5959 3.7803 1.0526 1.3353 30.7568 0.3161 0.9976
Car 0.0000 0.0000 0.0000 374.0000 177.0000 401.0000 195.0000 1.4817 1.5781 3.2565 -18.5747 1.7542 60.5187 1.0871 0.9967
Car 0.0000 0.0000 0.0000 390.0000 182.0000 443.0000 216.0000 1.5058 1.6085 3.7027 -9.1538 1.8922 34.0867 1.0833 0.9966
Car 0.0000 0.0000 0.0000 158.0000 179.0000 185.0000 201.0000 1.5278 1.6314 3.6079 -31.6451 1.9046 52.0785 1.0065 0.9746
