Car 0.0000 0.0000 0.0000 699.0000 177.0000 934.0000 264.0000 1.5869 1.6215 4.1904 4.0107 1.6639 14.3782 -0.0583 0.9993
Car 0.0000 0.0000 0.0000 91.0000 174.0000 327.0000 261.0000 1.6674 1.6158 4.0471 -8.3370 1.6936 15.2446 -0.1373 0.9993
Car 0.0000 0.0000 0.0000 300.0000 177.0000 424.0000 226.0000 1.6071 1.6178 4.0787 -8.8068 1.7503 25.7702 -0.3319 0.9992
Car 0.0000 0.0000 0.0000 190.0000 181.0000 367.0000 247.0000 1.5360 1.5827 3.6741 -8.1789 1.7337 17.9534 0.0238 0.9990
Car 0.0000 0.0000 0.0000 -398.0000 195.0000 142.0000 372.0000 1.4792 1.5913 3.7419 -6.9666 1.7147 7.0063 0.0468 0.9982
Car 0.0000 0.0000 0.0000 650.0000 175.0000 760.0000 222.0000 1.5770 1.6237 3.6883 3.2531 1.6227 25.0427 0.0542 0.9981
Car 0.0000 0.0000 0.0000 232.0000 185.0000 378.0000 249.0000 1.5701 1.6456 4.0881 -8.4677 1.9134 20.4191 -1.3078 0.9981
Car 0.0000 0.0000 0.0000 457.0000 178.0000 485.0000 195.0000 1.4881 1.6449 3.4745 -12.1427 1.8150 63.4437 1.1591 0.9968
Car 0.0000 0.0000 0.0000 -217.0000 191.0000 192.0000 334.0000 1.5357 1.5675 3.7017 -7.7250 1.7855 9.2881 -0.2510 0.9964
Car 0.0000 0.0000 0.0000 328.0000 166.0000 429.0000 209.0000 1.7329 1.6253 3.7937 -9.8260 1.4291 30.8148 0.0369 0.9958
Car 0.0000 0.0000 0.0000 346.0000 167.0000 438.0000 204.0000 1.6057 1.6133 3.9279 -10.0915 1.3184 33.4607 -0.4027 0.9918
Car 0.0000 0.0000 0.0000 652.0000 179.0000 718.0000 221.0000 1.4750 1.5878 3.7711 2.9753 1.6862 27.5464 -1.2117 0.9880
Car 0.0000 0.0000 0.0000 350.0000 152.0000 434.0000 184.0000 1.6551 1.6938 4.1117 -11.9102 0.5144 39.7057 0.0117 0.9817
