Car 0.0000 0.0000 0.0000 703.0000 185.0000 805.0000 256.0000 1.4940 1.6326 3.9233 3.3875 1.7946 17.6346 1.5492 0.9999
Car 0.0000 0.0000 0.0000 483.0000 188.0000 531.0000 226.0000 1.5824 1.7089 3.7565 -4.6713 2.2756 33.4192 1.5703 0.9998
Car 0.0000 0.0000 0.0000 684.0000 185.0000 752.0000 235.0000 1.4331 1.6129 4.1476 3.4360 1.8044 23.4584 1.5708 0.9997
Car 0.0000 0.0000 0.0000 1097.0000 213.0000 9855.0000 4213.0000 1.4911 1.6091 3.9129 3.6966 1.7180 2.2847 1.5362 0.9990
Car 0.0000 0.0000 0.0000 505.0000 183.0000 546.0000 215.0000 1.5885 1.6976 3.9959 -4.4125 2.0843 38.5375 1.5708 0.9990
Car 0.0000 0.0000 0.0000 -2005.0000 236.0000 54.0000 1098.0000 1.4411 1.6065 3.7371 -4.7884 1.8971 3.4072 1.4709 0.9987
Car 0.0000 0.0000 0.0000 665.0000 178.0000 692.0000 201.0000 1.6087 1.7112 3.6539 4.9659 1.9014 51.7192 1.5708 0.9985
Car 0.0000 0.0000 0.0000 -220.0000 201.0000 -46.0000 254.0000 1.5446 1.6036 3.9089 -25.4157 2.5530 24.7920 -1.3514 0.9972
Car 0.0000 0.0000 0.0000 1013.0000 173.0000 1220.0000 247.0000 1.5040 1.5851 3.6980 11.5468 1.5167 16.5436 0.7452 0.9971
Car 0.0000 0.0000 0.0000 895.0000 174.0000 1048.0000 228.0000 1.5742 1.6643 4.0892 11.3755 1.5901 22.7366 0.6341 0.9957
Car 0.0000 0.0000 0.0000 1901.0000 153.0000 3386.0000 546.0000 1.6096 1.7069 4.0925 12.0426 1.5314 5.0328 -0.8371 0.9944
