Car 0.0000 0.0000 0.0000 483.0000 185.0000 532.0000 221.0000 1.4795 1.6435 3.7258 -4.4350 1.9703 31.8514 1.5708 0.9998
Car 0.0000 0.0000 0.0000 694.0000 181.0000 773.0000 235.0000 1.4556 1.6029 4.1062 3.6456 1.6933 21.8392 1.5527 0.9997
Car 0.0000 0.0000 0.0000 715.0000 187.0000 838.0000 263.0000 1.4219 1.6096 4.0638 3.5395 1.7344 16.0743 1.5255 0.9997
Car 0.0000 0.0000 0.0000 669.0000 173.0000 701.0000 197.0000 1.5744 1.6714 3.6681 5.2956 1.5581 50.0841 1.5342 0.9991
Car 0.0000 0.0000 0.0000 510.0000 181.0000 551.0000 213.0000 1.5463 1.6620 3.9252 -4.0070 1.9316 37.2310 1.5667 0.9990
Car 0.0000 0.0000 0.0000 917.0000 175.0000 1083.0000 232.0000 1.5379 1.6516 3.9767 11.4080 1.5818 21.1943 0.7428 0.9958
Car 0.0000 0.0000 0.0000 1054.0000 170.0000 1304.0000 254.0000 1.5252 1.6035 3.8817 11.6242 1.4757 14.8982 0.7390 0.9939
Car 0.0000 0.0000 0.0000 -28729.0000 256.0000 -138.0000 10459.0000 1.4532 1.6101 3.6957 -4.8063 1.8966 2.0401 1.4833 0.9876
Car 0.0000 0.0000 0.0000 2337.0000 132.0000 6714.0000 995.0000 1.5895 1.6803 4.0226 12.0188 1.5184 3.3381 -0.7844 0.9840
Car 0.0000 0.0000 0.0000 -1084.0000 -505.0000 2141.0000 751.0000 1.6176 1.6488 4.0754 3.6586 1.7362 0.1677 1.5708 0.9724
Car 0.0000 0.0000 0.0000 -277.0000 193.0000 -81.0000 248.0000 1.6452 1.7040 4.6391 -25.6878 2.3110 23.4966 0.0302 0.9608
