Car 0.0000 0.0000 0.0000 602.0000 181.0000 663.0000 237.0000 1.5005 1.6330 3.8957 0.5959 1.7275 21.5625 1.5554 0.9994
Car 0.0000 0.0000 0.0000 678.0000 181.0000 766.0000 239.0000 1.4429 1.6540 4.0297 3.0572 1.6643 20.3286 1.5207 0.9992
Car 0.0000 0.0000 0.0000 79.0000 196.0000 143.0000 240.0000 1.4986 1.6710 3.7077 -19.4032 2.3875 27.9559 0.8697 0.9990
Car 0.0000 0.0000 0.0000 226.0000 198.0000 339.0000 270.0000 1.4666 1.6660 3.9337 -8.1256 2.1057 17.6661 0.9191 0.9989
Car 0.0000 0.0000 0.0000 371.0000 179.0000 593.0000 305.0000 1.7584 1.7455 4.3416 -2.3849 1.8735 12.3727 0.8554 0.9974
Car 0.0000 0.0000 0.0000 265.0000 182.0000 371.0000 219.0000 1.6179 1.6414 4.2152 -13.3030 2.0065 33.0853 -0.0872 0.9962
Car 0.0000 0.0000 0.0000 765.0000 146.0000 864.0000 189.0000 1.5785 1.5990 3.5212 8.0004 0.5486 28.0487 0.3950 0.9878
Car 0.0000 0.0000 0.0000 195.0000 184.0000 299.0000 217.0000 1.5599 1.6470 4.5284 -18.5734 2.1140 37.1588 -0.2309 0.9777
Car 0.0000 0.0000 0.0000 -234.0000 198.0000 -155.0000 235.0000 1.4982 1.6691 3.6365 -36.4555 2.6183 32.7048 0.9470 0.9774
Car 0.0000 0.0000 0.0000 798.0000 158.0000 874.0000 189.0000 1.5827 1.6629 4.1766 12.3735 0.7662 39.0775 -0.5797 0.9713
