Car 0.0000 0.0000 0.0000 125.0000 184.0000 343.0000 300.0000 1.6007 1.7062 4.1725 -6.1438 1.7984 12.3471 1.5283 0.9998
Car 0.0000 0.0000 0.0000 301.0000 180.0000 420.0000 256.0000 1.7544 1.7485 4.0714 -6.4043 1.9370 18.9701 1.5684 0.9998
Car 0.0000 0.0000 0.0000 514.0000 177.0000 553.0000 211.0000 1.5741 1.7097 4.1995 -3.8082 1.7629 36.6482 1.5280 0.9998
Car 0.0000 0.0000 0.0000 976.0000 157.0000 84302.0000 59451.0000 1.6026 1.6835 3.8725 2.9245 1.6239 2.0075 1.4998 0.9995
Car 0.0000 0.0000 0.0000 630.0000 175.0000 656.0000 197.0000 1.4863 1.6224 3.7511 2.4178 1.5822 51.3241 1.5589 0.9995
Car 0.0000 0.0000 0.0000 486.0000 182.0000 520.0000 208.0000 1.4787 1.6528 3.9160 -6.5151 1.9987 44.6583 1.5506 0.9989
Car 0.0000 0.0000 0.0000 417.0000 183.0000 477.0000 222.0000 1.4774 1.6424 3.9907 -6.6092 1.8642 29.6947 1.5429 0.9979
Car 0.0000 0.0000 0.0000 695.0000 168.0000 775.0000 195.0000 1.6242 1.7366 4.6883 7.7498 1.2635 44.3974 0.0758 0.9954
Car 0.0000 0.0000 0.0000 540.0000 180.0000 566.0000 202.0000 1.4866 1.6560 4.0311 -3.8837 1.8783 49.7902 1.4722 0.9949
Car 0.0000 0.0000 0.0000 1147.0000 151.0000 1382.0000 221.0000 1.5674 1.6783 4.1964 16.2212 1.0700 18.0986 0.7284 0.9943
Car 0.0000 0.0000 0.0000 692.0000 155.0000 763.0000 183.0000 1.7516 1.7247 4.4836 7.8204 0.5555 47.4727 0.1553 0.9934
Car 0.0000 0.0000 0.0000 874.0000 158.0000 917.0000 180.0000 1.5607 1.6636 4.1793 21.3697 0.4691 53.7192 1.5708 0.9925
Car 0.0000 0.0000 0.0000 296.0000 169.0000 350.0000 201.0000 1.8523 1.7339 4.1204 -17.6974 1.5833 44.7566 1.5708 0.9911
Car 0.0000 0.0000 0.0000 -1626.0000 235.0000 -6.0000 816.0000 1.4660 1.6732 3.9215 -6.1293 1.9810 4.1854 1.5523 0.9769
