Car 0.0000 0.0000 0.0000 327.0000 164.0000 468.0000 261.0000 1.5023 1.6181 3.8998 -3.7529 1.3751 13.3157 1.5283 0.9999
Car 0.0000 0.0000 0.0000 690.0000 169.0000 849.0000 275.0000 1.5375 1.6113 3.4981 2.5216 1.4791 12.3118 1.4679 0.9998
Car 0.0000 0.0000 0.0000 773.0000 175.0000 1070.0000 358.0000 1.5067 1.5555 3.3920 2.9628 1.5356 7.6990 1.5212 0.9997
Car 0.0000 0.0000 0.0000 404.0000 161.0000 503.0000 233.0000 1.6732 1.7319 4.2975 -3.9988 1.3850 19.1119 1.5629 0.9996
Car 0.0000 0.0000 0.0000 657.0000 167.0000 760.0000 236.0000 1.5126 1.6186 4.0831 2.3378 1.3763 18.0907 1.4659 0.9996
Car 0.0000 0.0000 0.0000 474.0000 157.0000 528.0000 200.0000 1.6219 1.7120 4.0746 -4.3540 1.0016 29.5188 1.5416 0.9978
Car 0.0000 0.0000 0.0000 786.0000 145.0000 879.0000 180.0000 1.5922 1.6595 4.0519 10.7356 0.2507 34.8028 0.1068 0.9967
Car 0.0000 0.0000 0.0000 618.0000 156.0000 649.0000 179.0000 1.5528 1.6499 3.5896 1.7706 0.3424 51.5822 1.4446 0.9960
Car 0.0000 0.0000 0.0000 650.0000 159.0000 721.0000 209.0000 1.5181 1.6213 4.2070 2.4691 1.0836 24.3352 1.4996 0.9953
Car 0.0000 0.0000 0.0000 -5381.0000 -2165.0000 1571.0000 601.0000 1.4812 1.5487 3.3955 3.1360 1.6411 1.1487 1.5123 0.9953
Car 0.0000 0.0000 0.0000 450.0000 161.0000 503.0000 209.0000 1.5074 1.5575 3.5421 -4.4799 1.1298 24.6488 1.4503 0.9896
Car 0.0000 0.0000 0.0000 -151.0000 103.0000 79.0000 180.0000 1.5676 1.6777 3.9068 -14.3669 0.1040 16.0838 0.1177 0.9691
Car 0.0000 0.0000 0.0000 639.0000 154.0000 695.0000 194.0000 1.5880 1.6438 4.1538 2.3834 0.7981 30.6047 1.4771 0.9660
