Car 0.0000 0.0000 0.0000 595.0000 178.0000 639.0000 220.0000 1.6105 1.6921 3.4617 0.3048 1.7728 29.3897 1.5708 0.9997
Car 0.0000 0.0000 0.0000 496.0000 182.0000 529.0000 205.0000 1.4995 1.7116 3.9762 -6.4363 2.0264 48.6872 1.5684 0.9991
Car 0.0000 0.0000 0.0000 477.0000 177.0000 505.0000 195.0000 1.5850 1.7504 4.1519 -10.7000 1.8557 65.6760 1.5708 0.9984
Car 0.0000 0.0000 0.0000 717.0000 183.0000 885.0000 255.0000 1.4586 1.5666 3.6938 4.4015 1.6776 16.4886 -0.5441 0.9968
Car 0.0000 0.0000 0.0000 797.0000 180.0000 1045.0000 322.0000 1.5053 1.5858 3.6825 4.2487 1.6121 9.6406 -0.7077 0.9947
Car 0.0000 0.0000 0.0000 691.0000 179.0000 828.0000 239.0000 1.5132 1.5938 3.8141 4.2864 1.6739 20.3793 -0.6079 0.9940
Car 0.0000 0.0000 0.0000 732.0000 177.0000 927.0000 277.0000 1.5579 1.6240 3.8905 4.1393 1.6296 13.3006 -0.7210 0.9935
Car 0.0000 0.0000 0.0000 959.0000 160.0000 1301.0000 403.0000 1.5545 1.5871 3.5524 4.6845 1.4710 6.3517 -0.6899 0.9921
Car 0.0000 0.0000 0.0000 651.0000 174.0000 677.0000 199.0000 1.5078 1.5954 3.6301 3.4978 1.5471 45.6377 1.5708 0.9920
Car 0.0000 0.0000 0.0000 689.0000 177.0000 776.0000 219.0000 1.4518 1.5659 3.7145 4.7179 1.5969 27.1998 -0.8760 0.9914
Car 0.0000 0.0000 0.0000 1438.0000 190.0000 3049.0000 1196.0000 1.4544 1.5786 3.6471 4.5260 1.5521 2.8623 -0.6972 0.9854
Car 0.0000 0.0000 0.0000 661.0000 177.0000 699.0000 207.0000 1.5119 1.6003 3.4700 3.8542 1.7027 38.5135 -1.3506 0.9840
