Car 0.0000 0.0000 0.0000 268.0000 191.0000 383.0000 255.0000 1.4627 1.6991 4.0364 -7.4472 1.9465 19.2500 1.5037 0.9997
Car 0.0000 0.0000 0.0000 679.0000 180.0000 740.0000 232.0000 1.5143 1.6298 3.5227 3.2343 1.7131 22.8259 -1.3454 0.9997
Car 0.0000 0.0000 0.0000 -20.0000 198.0000 269.0000 341.0000 1.5302 1.7188 3.8884 -6.5672 1.9273 10.2749 1.4991 0.9997
Car 0.0000 0.0000 0.0000 765.0000 183.0000 794.0000 206.0000 1.4793 1.6293 3.6089 12.0823 2.1638 50.7570 -1.2327 0.9986
Car 0.0000 0.0000 0.0000 154.0000 199.0000 277.0000 257.0000 1.4273 1.6870 4.1349 -11.5542 2.2411 21.4292 1.4845 0.9982
Car 0.0000 0.0000 0.0000 -89.0000 215.0000 68.0000 286.0000 1.4469 1.5799 3.6261 -15.8048 2.5922 18.5602 1.3474 0.9969
Car 0.0000 0.0000 0.0000 339.0000 191.0000 386.0000 220.0000 1.4532 1.6121 3.9869 -13.9809 2.4840 41.0815 1.4853 0.9959
Car 0.0000 0.0000 0.0000 459.0000 182.0000 484.0000 200.0000 1.4627 1.6721 3.9236 -11.7541 2.1739 61.5062 1.2644 0.9958
Car 0.0000 0.0000 0.0000 575.0000 177.0000 599.0000 198.0000 1.4923 1.6792 3.9195 -1.6584 1.7512 53.6480 1.5149 0.9956
Car 0.0000 0.0000 0.0000 265.0000 197.0000 314.0000 239.0000 1.4783 1.6044 3.5225 -12.9091 2.4755 29.1979 1.2081 0.9929
Car 0.0000 0.0000 0.0000 -467.0000 225.0000 -21.0000 389.0000 1.4104 1.6490 3.6031 -10.3243 2.1784 9.1542 1.4483 0.9912
Car 0.0000 0.0000 0.0000 245.0000 190.0000 294.0000 221.0000 1.4576 1.6976 3.8883 -17.5994 2.3243 37.4864 1.2976 0.9910
Car 0.0000 0.0000 0.0000 131.0000 170.0000 205.0000 206.0000 1.6875 1.7134 4.5092 -21.9123 1.5155 35.9599 1.3791 0.9864
Car 0.0000 0.0000 0.0000 -734.0000 -1158.0000 4190.0000 603.0000 1.9028 1.7655 4.3117 -4.9061 1.8595 1.0843 1.4886 0.9693
Car 0.0000 0.0000 0.0000 826.0000 176.0000 870.0000 208.0000 1.6013 1.6164 3.8390 12.4256 1.6961 37.6403 -1.3949 0.9627
