Car 0.0000 0.0000 0.0000 253.0000 197.0000 442.0000 321.0000 1.4788 1.6187 3.5585 -3.8122 1.8860 11.0198 1.5601 0.9999
Car 0.0000 0.0000 0.0000 654.0000 184.0000 711.0000 227.0000 1.4149 1.5887 4.0782 2.5932 1.7814 26.2427 1.5622 0.9998
Car 0.0000 0.0000 0.0000 -1273.0000 199.0000 291.0000 917.0000 1.5260 1.7536 4.4925 -3.6160 1.7365 3.9380 1.5461 0.9997
Car 0.0000 0.0000 0.0000 819.0000 159.0000 1016.0000 229.0000 1.7520 1.7200 4.4900 8.0820 1.3894 19.2025 0.0277 0.9997
Car 0.0000 0.0000 0.0000 792.0000 156.0000 957.0000 220.0000 1.8639 1.7458 4.4746 8.1071 1.3609 22.3389 0.0634 0.9995
Car 0.0000 0.0000 0.0000 751.0000 169.0000 869.0000 215.0000 1.7073 1.6964 4.1949 7.8737 1.5412 28.4583 0.0471 0.9988
Car 0.0000 0.0000 0.0000 406.0000 196.0000 472.0000 242.0000 1.4966 1.6528 4.3879 -6.4278 2.4100 27.5690 1.5244 0.9983
Car 0.0000 0.0000 0.0000 478.0000 183.0000 515.0000 211.0000 1.5136 1.7022 4.1139 -6.5060 2.0515 42.0012 1.5272 0.9954
Car 0.0000 0.0000 0.0000 324.0000 192.0000 418.0000 253.0000 1.4520 1.5380 3.5509 -6.3871 1.9674 19.5978 1.5206 0.9946
Car 0.0000 0.0000 0.0000 -1135.0000 215.0000 -19.0000 609.0000 1.4314 1.5785 3.6679 -6.6172 1.8139 4.8607 1.5120 0.9936
Car 0.0000 0.0000 0.0000 1021.0000 151.0000 1086.0000 185.0000 1.5704 1.6188 3.8399 21.7339 0.5176 35.1313 -0.7180 0.9910
Car 0.0000 0.0000 0.0000 936.0000 163.0000 985.0000 189.0000 1.4584 1.5914 3.6707 20.4167 0.8642 41.8839 -1.3893 0.9834
Car 0.0000 0.0000 0.0000 1062.0000 158.0000 1169.0000 196.0000 1.5731 1.6358 3.9348 22.1491 0.9302 31.6936 1.4628 0.9818
Car 0.0000 0.0000 0.0000 980.0000 154.0000 1082.0000 187.0000 1.6585 1.7375 4.2982 22.2503 0.6747 38.0919 0.0765 0.9807
Car 0.0000 0.0000 0.0000 801.0000 156.0000 859.0000 174.0000 1.6561 1.7625 4.9707 21.0760 -0.0203 68.7261 0.0217 0.9791
