Car 0.0000 0.0000 0.0000 715.0000 168.0000 807.0000 243.0000 1.9432 1.8088 4.7001 4.3013 1.8086 21.1401 1.5708 0.9999
Car 0.0000 0.0000 0.0000 363.0000 188.0000 476.0000 263.0000 1.4636 1.6226 3.9948 -4.2879 1.8290 16.7594 1.5516 0.9999
Car 0.0000 0.0000 0.0000 -128.0000 193.0000 323.0000 430.0000 1.6049 1.7692 4.1074 -4.5588 1.8446 7.2612 1.5243 0.9999
Car 0.0000 0.0000 0.0000 244.0000 193.0000 417.0000 301.0000 1.4561 1.5898 3.6234 -4.5054 1.8249 12.1196 1.5406 0.9997
Car 0.0000 0.0000 0.0000 553.0000 178.0000 582.0000 204.0000 1.4875 1.6301 3.9199 -2.4853 1.7517 43.5019 1.5148 0.9978
Car 0.0000 0.0000 0.0000 713.0000 181.0000 766.0000 224.0000 1.4939 1.6484 4.0719 4.8748 1.7631 27.2748 -1.4671 0.9964
Car 0.0000 0.0000 0.0000 702.0000 181.0000 750.0000 216.0000 1.5068 1.6129 3.7485 5.2968 1.8235 33.0114 1.5708 0.9954
Car 0.0000 0.0000 0.0000 494.0000 174.0000 548.0000 196.0000 1.5784 1.5910 3.7458 -6.5005 1.5995 53.7907 0.0764 0.9952
Car 0.0000 0.0000 0.0000 -83.0000 179.0000 100.0000 243.0000 1.6424 1.6152 3.8074 -17.2333 1.8149 20.7653 -0.9082 0.9922
Car 0.0000 0.0000 0.0000 605.0000 178.0000 624.0000 194.0000 1.4837 1.6575 3.7359 0.5506 1.8821 70.3001 1.5457 0.9864
Car 0.0000 0.0000 0.0000 695.0000 176.0000 732.0000 206.0000 1.4836 1.5650 3.6976 5.4953 1.6258 38.1358 1.5708 0.9861
Car 0.0000 0.0000 0.0000 -14883.0000 247.0000 -36.0000 5571.0000 1.4891 1.7373 3.9275 -4.6783 1.9074 2.2138 1.5708 0.9780
