Car 0.0000 0.0000 0.0000 448.0000 186.0000 506.0000 223.0000 1.4825 1.6783 3.9486 -5.8028 2.0612 32.0549 1.5708 0.9999
Car 0.0000 0.0000 0.0000 65.0000 188.0000 201.0000 241.0000 1.4828 1.6392 3.6109 -14.8427 1.9561 22.6697 -1.4584 0.9998
Car 0.0000 0.0000 0.0000 596.0000 184.0000 666.0000 249.0000 1.5547 1.6693 3.5640 0.4805 1.8298 19.3054 1.5474 0.9997
Car 0.0000 0.0000 0.0000 413.0000 186.0000 466.0000 215.0000 1.4985 1.6490 4.1397 -9.5067 2.1984 40.6243 -1.4709 0.9996
Car 0.0000 0.0000 0.0000 142.0000 197.0000 338.0000 297.0000 1.5452 1.7897 3.9928 -6.9104 2.0447 13.9512 1.5606 0.9996
Car 0.0000 0.0000 0.0000 330.0000 185.0000 398.0000 228.0000 1.6513 1.6504 4.0745 -10.2738 2.1314 30.4192 1.5293 0.9995
Car 0.0000 0.0000 0.0000 785.0000 179.0000 964.0000 276.0000 1.4937 1.6582 3.9738 4.9876 1.6119 13.3291 -0.8097 0.9995
Car 0.0000 0.0000 0.0000 667.0000 181.0000 755.0000 222.0000 1.5923 1.6130 3.8078 4.3857 1.9141 30.7341 -0.7245 0.9986
Car 0.0000 0.0000 0.0000 693.0000 181.0000 798.0000 233.0000 1.6102 1.5911 3.7058 4.6968 1.8774 24.5172 -0.7380 0.9982
Car 0.0000 0.0000 0.0000 247.0000 193.0000 355.0000 244.0000 1.5129 1.5803 3.5572 -10.3478 2.2109 24.3871 -1.3563 0.9975
Car 0.0000 0.0000 0.0000 527.0000 183.0000 555.0000 207.0000 1.4674 1.6319 3.9202 -4.5146 2.1162 48.3572 1.5493 0.9953
Car 0.0000 0.0000 0.0000 580.0000 182.0000 600.0000 198.0000 1.4660 1.6578 4.0336 -1.7427 2.2317 68.3310 1.5708 0.9936
Car 0.0000 0.0000 0.0000 495.0000 183.0000 527.0000 206.0000 1.5832 1.6340 3.9599 -7.1966 2.2792 53.2768 1.5708 0.9746
Car 0.0000 0.0000 0.0000 -801.0000 212.0000 -95.0000 417.0000 1.4402 1.6602 4.0667 -10.5100 1.9516 7.7917 1.5708 0.9742
Car 0.0000 0.0000 0.0000 852.0000 174.0000 875.0000 191.0000 1.5780 1.6656 3.6705 25.0253 1.5932 70.6661 -1.3635 0.9650
Car 0.0000 0.0000 0.0000 605.0000 174.0000 636.0000 200.0000 1.4714 1.6050 3.8803 0.7208 1.4882 42.3891 1.5708 0.9609
