Car 0.0000 0.0000 0.0000 747.0000 185.0000 882.0000 271.0000 1.4894 1.6193 3.8655 4.0286 1.7469 14.8651 1.5558 0.9999
Car 0.0000 0.0000 0.0000 811.0000 187.0000 1076.0000 336.0000 1.5196 1.6336 3.8256 4.0683 1.7221 9.5778 1.5428 0.9999
Car 0.0000 0.0000 0.0000 596.0000 177.0000 656.0000 233.0000 1.5451 1.6497 3.4663 0.4385 1.6465 21.6417 1.5691 0.9999
Car 0.0000 0.0000 0.0000 301.0000 178.0000 493.0000 268.0000 1.4852 1.5888 3.7416 -4.1638 1.5885 13.7796 0.6418 0.9997
Car 0.0000 0.0000 0.0000 717.0000 170.0000 812.0000 238.0000 1.7171 1.6514 3.9200 4.1937 1.6310 20.1251 1.5358 0.9996
Car 0.0000 0.0000 0.0000 190.0000 175.0000 344.0000 244.0000 1.4671 1.5246 3.4336 -8.0739 1.5100 17.2728 -1.3437 0.9993
Car 0.0000 0.0000 0.0000 768.0000 165.0000 869.0000 204.0000 1.6148 1.6334 3.9386 9.1673 1.2585 31.7124 -0.0126 0.9992
Car 0.0000 0.0000 0.0000 1073.0000 21.0000 6041.0000 2196.0000 1.8342 1.7295 4.3241 4.1014 1.7139 2.7993 1.5298 0.9991
Car 0.0000 0.0000 0.0000 -29.0000 178.0000 233.0000 290.0000 1.5256 1.6327 3.9309 -8.0333 1.5987 11.8406 1.5435 0.9989
Car 0.0000 0.0000 0.0000 602.0000 172.0000 638.0000 207.0000 1.6157 1.6685 3.9207 0.5390 1.5432 35.3601 1.5708 0.9986
Car 0.0000 0.0000 0.0000 423.0000 174.0000 534.0000 223.0000 1.5724 1.5495 3.5432 -4.5095 1.5873 24.7183 0.5009 0.9984
Car 0.0000 0.0000 0.0000 -519.0000 187.0000 41.0000 380.0000 1.4363 1.5463 3.6117 -8.0105 1.5924 7.3552 1.5392 0.9981
Car 0.0000 0.0000 0.0000 395.0000 176.0000 521.0000 233.0000 1.5826 1.6097 3.7350 -4.6357 1.6673 21.8010 0.6165 0.9975
Car 0.0000 0.0000 0.0000 511.0000 163.0000 582.0000 202.0000 2.3696 1.8362 4.7387 -4.0309 1.7477 46.0397 0.7512 0.9914
Car 0.0000 0.0000 0.0000 -75.0000 172.0000 115.0000 247.0000 1.5908 1.6894 3.8124 -14.1074 1.5796 17.5016 1.5072 0.9888
Car 0.0000 0.0000 0.0000 502.0000 171.0000 555.0000 208.0000 1.5797 1.6743 3.9614 -3.7264 1.4613 32.7567 1.2797 0.9873
Car 0.0000 0.0000 0.0000 -400.0000 175.0000 106.0000 609.0000 1.5606 1.5642 3.4926 -4.5883 1.5886 4.2753 0.6598 0.9838
Car 0.0000 0.0000 0.0000 286.0000 176.0000 384.0000 230.0000 1.5105 1.6115 3.7008 -8.2790 1.5862 22.0267 1.5588 0.9776
Car 0.0000 0.0000 0.0000 -1920.0000 -1889.0000 3381.0000 885.0000 1.5941 1.6596 3.9507 -3.9270 1.5787 0.5401 0.9278 0.9741
