Car 0.0000 0.0000 0.0000 297.0000 190.0000 407.0000 256.0000 1.4586 1.6098 3.6537 -6.5587 1.9126 18.6706 1.5505 0.9999
Car 0.0000 0.0000 0.0000 586.0000 178.0000 633.0000 222.0000 1.5769 1.6790 3.4814 -0.0423 1.7526 28.1872 1.5264 0.9999
Car 0.0000 0.0000 0.0000 864.0000 175.0000 1251.0000 434.0000 1.6965 1.6526 3.9663 4.2150 1.7220 6.6045 -0.6369 0.9997
Car 0.0000 0.0000 0.0000 673.0000 177.0000 790.0000 228.0000 1.6105 1.6279 3.9958 4.2390 1.7225 24.7336 -0.6282 0.9996
Car 0.0000 0.0000 0.0000 433.0000 180.0000 471.0000 204.0000 1.6699 1.8157 4.4545 -11.2311 2.0862 51.9380 1.5643 0.9993
Car 0.0000 0.0000 0.0000 748.0000 173.0000 907.0000 275.0000 1.7191 1.7032 3.8503 4.4092 1.7206 14.2566 -0.8994 0.9992
Car 0.0000 0.0000 0.0000 488.0000 182.0000 513.0000 204.0000 1.4764 1.6404 3.8761 -7.5712 2.0532 50.7881 1.4484 0.9992
Car 0.0000 0.0000 0.0000 411.0000 182.0000 437.0000 201.0000 1.5207 1.6240 3.7833 -15.3420 2.1544 59.8264 1.4399 0.9990
Car 0.0000 0.0000 0.0000 820.0000 172.0000 1053.0000 305.0000 1.6099 1.5971 3.6496 4.8162 1.5908 10.4672 -0.6752 0.9983
Car 0.0000 0.0000 0.0000 639.0000 160.0000 709.0000 195.0000 2.1148 1.8253 4.6331 4.2166 1.2863 46.0032 -0.7322 0.9970
Car 0.0000 0.0000 0.0000 669.0000 172.0000 747.0000 211.0000 1.5728 1.6738 4.0762 4.1805 1.5005 31.0604 1.2547 0.9967
Car 0.0000 0.0000 0.0000 454.0000 179.0000 489.0000 200.0000 1.5898 1.6715 4.2853 -11.1002 2.0339 58.4886 1.5708 0.9953
Car 0.0000 0.0000 0.0000 1296.0000 174.0000 3704.0000 1556.0000 1.5842 1.6368 3.9566 4.0936 1.5974 2.8806 -0.8969 0.9663
