Car 0.0000 0.0000 0.0000 676.0000 170.0000 758.0000 240.0000 1.8847 1.7457 4.1482 3.1249 1.7940 21.6844 1.5483 0.9997
Car 0.0000 0.0000 0.0000 321.0000 182.0000 391.0000 222.0000 1.6728 1.7583 4.1636 -11.4410 2.0698 32.8392 1.5663 0.9996
Car 0.0000 0.0000 0.0000 587.0000 186.0000 664.0000 255.0000 1.4486 1.6195 3.6681 0.2843 1.7585 17.3415 1.5348 0.9996
Car 0.0000 0.0000 0.0000 181.0000 187.0000 302.0000 242.0000 1.5452 1.7355 4.0067 -11.4977 1.9739 22.7836 1.5708 0.9994
Car 0.0000 0.0000 0.0000 576.0000 181.0000 620.0000 223.0000 1.5690 1.6975 3.8158 -0.4194 1.8915 29.8459 1.5708 0.9990
Car 0.0000 0.0000 0.0000 664.0000 182.0000 709.0000 216.0000 1.4499 1.5582 3.6997 3.4799 1.8100 32.7441 1.5475 0.9983
Car 0.0000 0.0000 0.0000 410.0000 181.0000 515.0000 232.0000 1.5804 1.5957 3.5986 -4.9640 1.8225 24.0742 0.7200 0.9980
Car 0.0000 0.0000 0.0000 439.0000 182.0000 537.0000 221.0000 1.5371 1.5765 3.6570 -5.0139 1.9017 29.7931 0.2569 0.9966
Car 0.0000 0.0000 0.0000 482.0000 180.0000 558.0000 211.0000 1.5848 1.6121 3.7419 -4.6954 1.8936 37.7741 0.5411 0.9918
Car 0.0000 0.0000 0.0000 512.0000 179.0000 570.0000 202.0000 1.5929 1.5927 3.7965 -4.7858 1.9651 50.9506 0.5027 0.9871
Car 0.0000 0.0000 0.0000 476.0000 166.0000 509.0000 188.0000 1.4783 1.6046 3.6783 -8.1345 0.9596 50.4414 1.5708 0.9690
