Car 0.0000 0.0000 0.0000 413.0000 192.0000 480.0000 236.0000 1.5003 1.6266 3.9684 -6.2064 2.2221 27.8063 1.5708 0.9998
Car 0.0000 0.0000 0.0000 363.0000 194.0000 448.0000 249.0000 1.4829 1.6319 3.4971 -6.2454 2.1516 22.3481 1.5700 0.9998
Car 0.0000 0.0000 0.0000 662.0000 178.0000 720.0000 225.0000 1.5730 1.6519 3.8740 2.8786 1.7202 25.9901 1.5708 0.9997
Car 0.0000 0.0000 0.0000 -10.0000 203.0000 87.0000 246.0000 1.5435 1.6842 4.1004 -23.7727 2.8162 30.1269 1.3256 0.9995
Car 0.0000 0.0000 0.0000 -194.0000 211.0000 -65.0000 255.0000 1.5235 1.6353 3.9014 -30.8308 3.1639 30.1667 1.4803 0.9994
Car 0.0000 0.0000 0.0000 459.0000 186.0000 507.0000 220.0000 1.5828 1.6860 4.2213 -6.2699 2.1982 36.1867 1.5641 0.9993
Car 0.0000 0.0000 0.0000 1047.0000 135.0000 1164.0000 182.0000 2.1730 1.9163 4.9275 24.3804 0.3972 35.5970 1.4253 0.9985
Car 0.0000 0.0000 0.0000 36.0000 201.0000 153.0000 246.0000 1.5423 1.7550 4.2458 -20.8741 2.7340 29.4143 1.5708 0.9984
Car 0.0000 0.0000 0.0000 -73.0000 204.0000 35.0000 248.0000 1.5227 1.7061 4.1674 -26.1775 2.8792 30.1546 1.3443 0.9980
Car 0.0000 0.0000 0.0000 1146.0000 131.0000 1261.0000 167.0000 1.6637 1.7513 4.1128 29.1886 -0.3782 35.4449 0.0503 0.9975
Car 0.0000 0.0000 0.0000 483.0000 183.0000 520.0000 211.0000 1.5810 1.6398 4.0399 -6.3590 2.1226 43.0162 1.5663 0.9864
Car 0.0000 0.0000 0.0000 -1067.0000 236.0000 -588.0000 347.0000 1.6689 1.6679 4.1916 -27.8751 3.0407 14.1883 -0.3707 0.9845
Car 0.0000 0.0000 0.0000 506.0000 180.0000 536.0000 202.0000 1.4963 1.6657 3.8660 -6.3868 1.9373 52.3069 1.3251 0.9814
Car 0.0000 0.0000 0.0000 105.0000 194.0000 208.0000 239.0000 1.6024 1.7057 4.3313 -18.3496 2.4692 29.4178 1.4956 0.9737
