Car 0.0000 0.0000 0.0000 509.0000 181.0000 559.0000 222.0000 1.5126 1.6630 3.7178 -2.9991 1.8207 29.3560 1.5659 0.9999
Car 0.0000 0.0000 0.0000 741.0000 186.0000 941.0000 317.0000 1.4793 1.5804 3.5184 2.9836 1.6658 10.1251 1.5438 0.9998
Car 0.0000 0.0000 0.0000 689.0000 178.0000 807.0000 266.0000 1.5541 1.5953 3.5649 2.6547 1.6391 14.6283 1.5412 0.9998
Car 0.0000 0.0000 0.0000 593.0000 178.0000 618.0000 201.0000 1.5327 1.6958 3.5992 -0.2636 1.8279 51.1353 1.5574 0.9992
Car 0.0000 0.0000 0.0000 387.0000 183.0000 454.0000 207.0000 1.4975 1.6379 4.0472 -12.5380 2.1214 48.1512 -0.0072 0.9991
Car 0.0000 0.0000 0.0000 648.0000 179.0000 702.0000 220.0000 1.4981 1.5866 3.9193 2.5284 1.6932 28.3644 1.5315 0.9989
Car 0.0000 0.0000 0.0000 676.0000 176.0000 759.0000 242.0000 1.5421 1.5399 3.1750 2.7072 1.6061 18.6707 1.5296 0.9980
Car 0.0000 0.0000 0.0000 643.0000 177.0000 688.0000 212.0000 1.5183 1.6330 3.9353 2.5714 1.6648 33.5382 1.5388 0.9948
Car 0.0000 0.0000 0.0000 637.0000 175.0000 666.0000 201.0000 1.5071 1.6159 3.8022 2.5629 1.5791 43.3525 1.5708 0.9935
Car 0.0000 0.0000 0.0000 298.0000 179.0000 367.0000 202.0000 1.5022 1.6370 3.9948 -18.4028 1.8323 48.0076 -0.0151 0.9768
