Car 0.0000 0.0000 0.0000 216.0000 181.0000 317.0000 234.0000 1.6767 1.7129 4.2985 -11.9220 1.9467 25.3251 1.5146 0.9998
Car 0.0000 0.0000 0.0000 915.0000 160.0000 1251.0000 405.0000 1.6418 1.6911 4.0883 4.0729 1.5658 7.0269 -1.2579 0.9998
Car 0.0000 0.0000 0.0000 319.0000 178.0000 401.0000 226.0000 1.5309 1.7047 4.2533 -8.7319 1.6933 25.5054 1.4965 0.9997
Car 0.0000 0.0000 0.0000 32.0000 188.0000 162.0000 237.0000 1.4759 1.6919 4.2380 -17.5862 1.9958 24.9600 1.5031 0.9996
Car 0.0000 0.0000 0.0000 458.0000 176.0000 498.0000 212.0000 1.4809 1.6214 3.8377 -5.8332 1.5914 32.3297 1.4272 0.9995
Car 0.0000 0.0000 0.0000 575.0000 172.0000 607.0000 198.0000 1.4885 1.5850 3.6890 -1.1160 1.3729 43.5189 1.4640 0.9995
Car 0.0000 0.0000 0.0000 750.0000 169.0000 827.0000 214.0000 1.6055 1.6940 3.8154 6.8608 1.4551 27.9368 1.4847 0.9994
Car 0.0000 0.0000 0.0000 695.0000 171.0000 770.0000 217.0000 1.5735 1.6768 3.9234 4.5517 1.5047 27.1765 1.4419 0.9983
Car 0.0000 0.0000 0.0000 533.0000 165.0000 587.0000 226.0000 2.0040 1.7458 4.3851 -1.7212 1.7352 26.1177 1.5336 0.9981
Car 0.0000 0.0000 0.0000 -94.0000 190.0000 38.0000 240.0000 1.5319 1.6682 3.8955 -22.1614 2.1200 25.2105 1.4104 0.9980
Car 0.0000 0.0000 0.0000 1133.0000 138.0000 1293.0000 198.0000 2.1200 1.8961 4.8189 23.3943 0.8568 28.1929 1.4688 0.9957
Car 0.0000 0.0000 0.0000 -2762.0000 -1616.0000 1539.0000 567.0000 1.4935 1.6188 3.8636 2.9481 1.6673 1.1934 1.5708 0.9911
Car 0.0000 0.0000 0.0000 835.0000 128.0000 1083.0000 227.0000 2.7346 2.0950 6.2935 10.1850 1.4729 21.3278 -0.0099 0.9851
Car 0.0000 0.0000 0.0000 618.0000 164.0000 645.0000 191.0000 1.9434 1.8780 4.3434 1.7518 1.2592 54.2617 1.5708 0.9783
