Car 0.0000 0.0000 0.0000 581.0000 178.0000 657.0000 248.0000 1.5288 1.6164 3.3927 0.1372 1.6449 17.7632 1.5134 0.9998
Car 0.0000 0.0000 0.0000 743.0000 158.0000 969.0000 293.0000 1.9243 1.8189 4.6092 4.4121 1.7005 12.4954 -0.7731 0.9998
Car 0.0000 0.0000 0.0000 431.0000 178.0000 475.0000 203.0000 1.5581 1.7202 4.1740 -10.3118 1.8468 48.0421 -1.4826 0.9991
Car 0.0000 0.0000 0.0000 1007.0000 144.0000 1389.0000 464.0000 1.7400 1.6853 4.0802 4.9471 1.5785 5.8675 -0.7037 0.9990
Car 0.0000 0.0000 0.0000 89.0000 179.0000 256.0000 260.0000 1.8345 1.8136 4.0355 -10.9333 1.9674 18.3660 1.5681 0.9990
Car 0.0000 0.0000 0.0000 694.0000 164.0000 811.0000 225.0000 1.5007 1.6413 3.7935 4.0276 1.2737 19.8509 -0.9162 0.9982
Car 0.0000 0.0000 0.0000 656.0000 163.0000 750.0000 200.0000 1.8715 1.7800 4.6110 4.9183 1.3040 37.4634 -0.4679 0.9953
Car 0.0000 0.0000 0.0000 -406.0000 186.0000 -266.0000 244.0000 1.5496 1.7044 3.9760 -28.0722 1.9174 21.4911 0.8693 0.9821
Car 0.0000 0.0000 0.0000 226.0000 139.0000 398.0000 265.0000 2.7165 2.0992 5.9774 -7.3542 1.9804 18.6434 1.5497 0.9820
Car 0.0000 0.0000 0.0000 654.0000 163.0000 713.0000 191.0000 1.7290 1.7344 4.3655 5.0478 1.0620 48.2718 -0.8543 0.9693
Car 0.0000 0.0000 0.0000 590.0000 171.0000 638.0000 208.0000 1.5624 1.6376 3.7318 0.2881 1.4579 32.3355 -1.4166 0.9688
