Car 0.0000 0.0000 0.0000 589.0000 178.0000 648.0000 232.0000 1.5082 1.6522 3.4646 0.1980 1.6373 22.1606 1.5407 0.9999
Car 0.0000 0.0000 0.0000 428.0000 183.0000 544.0000 268.0000 1.4290 1.6397 3.8129 -2.3323 1.6277 14.3749 1.5708 0.9998
Car 0.0000 0.0000 0.0000 480.0000 177.0000 554.0000 238.0000 1.5061 1.6381 3.8135 -2.4436 1.5951 19.6750 1.5365 0.9998
Car 0.0000 0.0000 0.0000 501.0000 176.0000 556.0000 223.0000 1.4628 1.5544 3.3656 -2.6740 1.5540 24.3100 1.5465 0.9998
Car 0.0000 0.0000 0.0000 731.0000 176.0000 949.0000 332.0000 1.6878 1.6539 3.8967 2.8137 1.7292 9.7903 1.5572 0.9998
Car 0.0000 0.0000 0.0000 676.0000 175.0000 755.0000 237.0000 1.6115 1.6099 3.4510 2.9714 1.6641 20.7997 1.5316 0.9997
Car 0.0000 0.0000 0.0000 697.0000 176.0000 820.0000 265.0000 1.5326 1.6299 4.2283 2.8561 1.6000 14.7748 1.5680 0.9997
Car 0.0000 0.0000 0.0000 556.0000 177.0000 582.0000 200.0000 1.4416 1.6117 3.5631 -2.6198 1.6229 47.2272 1.5125 0.9997
Car 0.0000 0.0000 0.0000 639.0000 174.0000 679.0000 206.0000 1.6284 1.7362 3.7442 2.6491 1.6544 38.8820 1.5248 0.9995
Car 0.0000 0.0000 0.0000 387.0000 176.0000 420.0000 198.0000 1.5383 1.7038 3.7882 -15.2671 1.7371 53.8284 1.4788 0.9994
Car 0.0000 0.0000 0.0000 268.0000 177.0000 421.0000 252.0000 1.5226 1.6167 3.8597 -6.2409 1.6237 16.7109 0.6983 0.9994
Car 0.0000 0.0000 0.0000 189.0000 182.0000 272.0000 221.0000 1.4188 1.5627 3.5074 -15.0224 1.7459 28.7262 1.5377 0.9991
Car 0.0000 0.0000 0.0000 41.0000 186.0000 314.0000 343.0000 1.4894 1.5652 3.5865 -5.3181 1.6546 8.6552 0.6434 0.9990
Car 0.0000 0.0000 0.0000 -243.0000 178.0000 143.0000 457.0000 1.5618 1.6189 3.7536 -5.5024 1.6135 5.8099 0.6377 0.9979
Car 0.0000 0.0000 0.0000 592.0000 168.0000 630.0000 202.0000 1.5058 1.6695 3.7512 0.0657 1.2401 33.7041 1.5560 0.9963
Car 0.0000 0.0000 0.0000 -1307.0000 217.0000 -241.0000 529.0000 1.4042 1.5353 3.4560 -9.2726 1.8301 5.4769 1.4999 0.9956
Car 0.0000 0.0000 0.0000 408.0000 181.0000 493.0000 225.0000 1.5027 1.6147 3.7053 -5.9161 1.7721 26.5235 0.9132 0.9955
Car 0.0000 0.0000 0.0000 -2615.0000 -1084.0000 1219.0000 1020.0000 2.8022 2.0138 5.7824 3.1083 1.7242 1.8886 1.5393 0.9948
Car 0.0000 0.0000 0.0000 -293.0000 114.0000 150.0000 318.0000 2.2851 2.0011 5.0408 -9.3616 1.6330 10.6818 1.5160 0.9871
Car 0.0000 0.0000 0.0000 -651.0000 170.0000 -82.0000 342.0000 1.6945 1.7091 4.3287 -11.8826 1.6789 9.3670 1.4936 0.9800
