Car 0.0000 0.0000 0.0000 1069.0000 181.0000 1337.0000 345.0000 1.5153 1.5711 3.3785 6.7046 1.6141 8.5833 -1.1611 0.9999
Car 0.0000 0.0000 0.0000 1001.0000 177.0000 1088.0000 239.0000 1.5021 1.5709 3.3333 11.4225 1.5809 19.1015 -1.1480 0.9997
Car 0.0000 0.0000 0.0000 637.0000 178.0000 764.0000 254.0000 1.5507 1.6774 3.9650 2.2558 1.6636 16.9557 -1.0899 0.9997
Car 0.0000 0.0000 0.0000 773.0000 172.0000 837.0000 215.0000 1.5497 1.6714 3.7884 7.5738 1.4812 27.6843 -1.1141 0.9995
Car 0.0000 0.0000 0.0000 8.0000 170.0000 472.0000 368.0000 1.7998 1.7097 4.2429 -3.8668 1.7752 8.1466 -0.3487 0.9995
Car 0.0000 0.0000 0.0000 864.0000 176.0000 908.0000 202.0000 1.5474 1.6053 3.7995 17.3725 1.6912 45.2974 -1.4786 0.9976
Car 0.0000 0.0000 0.0000 806.0000 176.0000 858.0000 210.0000 1.4614 1.5916 3.6926 10.1382 1.5487 32.5688 -1.0842 0.9972
Car 0.0000 0.0000 0.0000 1046.0000 170.0000 1092.0000 194.0000 1.4987 1.6022 3.6301 30.4198 1.2524 47.6954 -1.2878 0.9954
Car 0.0000 0.0000 0.0000 964.0000 168.0000 995.0000 190.0000 1.5231 1.6681 3.8787 26.8029 1.0861 51.9942 -1.0213 0.9904
Car 0.0000 0.0000 0.0000 -208.0000 179.0000 -28.0000 231.0000 1.5181 1.6428 3.8681 -23.6960 1.6986 23.5563 -1.0106 0.9887
Car 0.0000 0.0000 0.0000 834.0000 173.0000 883.0000 203.0000 1.5296 1.6148 4.0255 13.6083 1.4793 39.0470 -1.0059 0.9844
Car 0.0000 0.0000 0.0000 979.0000 170.0000 1050.0000 211.0000 1.6056 1.6702 3.4792 16.8128 1.4741 29.9917 -1.3313 0.9806
Car 0.0000 0.0000 0.0000 1005.0000 174.0000 1078.0000 227.0000 1.5874 1.6038 3.7825 14.1011 1.5846 23.4094 -0.9234 0.9746
Car 0.0000 0.0000 0.0000 596.0000 176.0000 617.0000 192.0000 1.4681 1.6139 3.9508 -0.1552 1.6928 69.8767 -1.4733 0.9660
