Car 0.0000 0.0000 0.0000 586.0000 173.0000 637.0000 220.0000 1.5386 1.6865 3.1944 0.0824 1.5371 25.8241 1.5708 0.9999
Car 0.0000 0.0000 0.0000 774.0000 192.0000 1107.0000 407.0000 1.4874 1.5600 3.4505 2.7790 1.7000 6.9794 1.5484 0.9999
Car 0.0000 0.0000 0.0000 458.0000 184.0000 549.0000 258.0000 1.4087 1.5708 3.4693 -2.2424 1.6510 15.8304 1.5492 0.9999
Car 0.0000 0.0000 0.0000 498.0000 175.0000 569.0000 231.0000 1.4633 1.6589 3.5620 -2.1208 1.5116 20.9195 1.5708 0.9998
Car 0.0000 0.0000 0.0000 652.0000 175.0000 697.0000 212.0000 1.4705 1.5656 3.5411 2.7410 1.5232 30.7237 1.5632 0.9991
Car 0.0000 0.0000 0.0000 265.0000 181.0000 419.0000 257.0000 1.5308 1.6216 3.8655 -6.2180 1.7131 16.4820 0.7134 0.9991
Car 0.0000 0.0000 0.0000 366.0000 176.0000 405.0000 201.0000 1.5953 1.7285 3.7713 -14.8461 1.7167 48.0409 1.4660 0.9988
Car 0.0000 0.0000 0.0000 0.0000 177.0000 269.0000 338.0000 1.5745 1.5801 3.4190 -5.8358 1.6329 8.6864 0.6193 0.9985
Car 0.0000 0.0000 0.0000 637.0000 175.0000 674.0000 203.0000 1.4937 1.5653 3.5872 2.5621 1.5668 40.0162 1.5021 0.9979
Car 0.0000 0.0000 0.0000 394.0000 178.0000 496.0000 225.0000 1.6024 1.6310 3.9338 -6.1773 1.7759 26.8222 0.6864 0.9944
Car 0.0000 0.0000 0.0000 679.0000 103.0000 820.0000 235.0000 2.6805 2.0508 6.0003 3.1446 1.2586 17.6985 1.5316 0.9933
Car 0.0000 0.0000 0.0000 79.0000 174.0000 205.0000 225.0000 1.4860 1.5481 3.6527 -14.7592 1.5043 22.9476 1.5708 0.9923
Car 0.0000 0.0000 0.0000 -367.0000 193.0000 38.0000 493.0000 1.5226 1.6133 3.7095 -5.6974 1.7082 5.7646 0.9196 0.9912
Car 0.0000 0.0000 0.0000 572.0000 176.0000 606.0000 207.0000 1.5132 1.6151 3.8406 -1.0605 1.6247 37.3028 1.5129 0.9882
Car 0.0000 0.0000 0.0000 527.0000 162.0000 557.0000 185.0000 1.5535 1.6582 3.6146 -4.7669 0.7458 51.1103 1.3384 0.9612
