Car 0.0000 0.0000 0.0000 258.0000 190.0000 404.0000 266.0000 1.4787 1.7004 4.3087 -6.3250 1.8835 16.8732 1.5708 0.9998
Car 0.0000 0.0000 0.0000 848.0000 177.0000 998.0000 251.0000 1.5272 1.6979 4.2940 7.1748 1.6036 17.0199 1.5708 0.9998
Car 0.0000 0.0000 0.0000 504.0000 177.0000 563.0000 225.0000 1.4090 1.5643 3.5254 -2.3800 1.5123 23.1665 1.5523 0.9997
Car 0.0000 0.0000 0.0000 590.0000 157.0000 680.0000 254.0000 1.9163 1.7801 3.7254 0.6581 1.5955 16.1667 -1.4758 0.9997
Car 0.0000 0.0000 0.0000 952.0000 166.0000 1103.0000 244.0000 1.6459 1.7105 3.7676 9.6696 1.4917 17.0237 -1.4575 0.9997
Car 0.0000 0.0000 0.0000 673.0000 172.0000 717.0000 210.0000 1.6611 1.7013 3.4034 3.9759 1.5904 33.7380 1.5708 0.9996
Car 0.0000 0.0000 0.0000 111.0000 182.0000 281.0000 266.0000 1.7240 1.6813 3.8756 -9.5435 1.9235 16.9684 1.5708 0.9992
Car 0.0000 0.0000 0.0000 1058.0000 168.0000 1255.0000 244.0000 1.5050 1.6080 3.8891 12.1562 1.4141 16.3703 1.5708 0.9985
Car 0.0000 0.0000 0.0000 722.0000 152.0000 768.0000 195.0000 2.4797 2.1016 5.6246 8.3087 1.2419 44.3348 1.5708 0.9985
Car 0.0000 0.0000 0.0000 -127.0000 191.0000 99.0000 265.0000 1.5419 1.7879 4.3458 -15.1375 1.9940 17.8349 1.5708 0.9981
Car 0.0000 0.0000 0.0000 -3553.0000 -1031.0000 6478.0000 1148.0000 1.6088 1.6494 4.0362 7.1265 1.5264 0.0965 -0.8740 0.9911
Car 0.0000 0.0000 0.0000 1191.0000 67.0000 1881.0000 289.0000 2.6261 1.9990 6.1950 12.0682 1.4033 9.9043 0.1266 0.9811
Car 0.0000 0.0000 0.0000 1720.0000 145.0000 2154.0000 239.0000 1.6200 1.6488 3.7424 25.8233 1.1340 14.3038 1.5337 0.9726
Car 0.0000 0.0000 0.0000 636.0000 153.0000 670.0000 176.0000 1.5382 1.6484 3.7152 3.1066 0.1225 51.3549 1.4071 0.9629
