Car 0.0000 0.0000 0.0000 351.0000 182.0000 424.0000 222.0000 1.6222 1.8147 4.5541 -9.8596 2.0046 32.3431 1.5708 0.9999
Car 0.0000 0.0000 0.0000 568.0000 177.0000 776.0000 373.0000 1.5511 1.6590 3.4962 0.4404 1.5999 7.5273 1.5553 0.9998
Car 0.0000 0.0000 0.0000 40.0000 191.0000 231.0000 271.0000 1.4735 1.6274 3.9530 -10.2981 1.9004 16.0046 1.5708 0.9997
Car 0.0000 0.0000 0.0000 707.0000 168.0000 849.0000 233.0000 1.7783 1.7162 4.5291 5.1168 1.6060 21.5050 -0.6888 0.9997
Car 0.0000 0.0000 0.0000 400.0000 178.0000 450.0000 210.0000 1.6357 1.6490 3.9922 -9.8001 1.8465 38.6614 1.5708 0.9991
Car 0.0000 0.0000 0.0000 679.0000 171.0000 765.0000 215.0000 1.8609 1.7501 4.0200 5.1917 1.7441 32.8358 -0.7342 0.9979
Car 0.0000 0.0000 0.0000 1183.0000 177.0000 1958.0000 740.0000 1.5253 1.6378 3.3537 4.1026 1.5590 3.7752 -0.8645 0.9977
Car 0.0000 0.0000 0.0000 663.0000 172.0000 740.0000 206.0000 1.7753 1.7272 4.2966 5.0776 1.6594 39.2374 -0.7006 0.9974
Car 0.0000 0.0000 0.0000 508.0000 180.0000 537.0000 204.0000 1.4689 1.6249 3.9698 -5.5374 1.8812 46.7065 1.5154 0.9966
Car 0.0000 0.0000 0.0000 457.0000 179.0000 499.0000 202.0000 1.4555 1.6581 4.0876 -8.7992 1.8060 48.7878 -1.4466 0.9966
Car 0.0000 0.0000 0.0000 229.0000 182.0000 319.0000 220.0000 1.5245 1.6627 3.8083 -14.3887 1.8722 31.1213 -1.4157 0.9964
Car 0.0000 0.0000 0.0000 593.0000 177.0000 667.0000 235.0000 1.4868 1.6195 3.6567 0.4831 1.5792 20.3937 1.4684 0.9962
Car 0.0000 0.0000 0.0000 337.0000 179.0000 389.0000 206.0000 1.4402 1.6577 3.8008 -13.9975 1.7418 41.1761 1.5708 0.9880
Car 0.0000 0.0000 0.0000 611.0000 167.0000 650.0000 204.0000 1.5002 1.6187 3.6938 0.9589 1.2343 31.6277 1.5708 0.9793
Car 0.0000 0.0000 0.0000 621.0000 172.0000 644.0000 192.0000 1.5316 1.6355 3.6521 1.9005 1.4310 57.8292 1.5613 0.9708
