Car 0.0000 0.0000 0.0000 206.0000 181.0000 363.0000 241.0000 1.5475 1.5731 3.5591 -8.8233 1.7481 19.6877 0.0147 0.9995
Car 0.0000 0.0000 0.0000 259.0000 179.0000 398.0000 233.0000 1.6270 1.6273 3.7440 -8.8350 1.7955 22.8050 0.0195 0.9994
Car 0.0000 0.0000 0.0000 64.0000 185.0000 287.0000 267.0000 1.4808 1.5440 3.4831 -8.5001 1.7246 14.2578 0.0032 0.9994
Car 0.0000 0.0000 0.0000 340.0000 177.0000 445.0000 219.0000 1.6002 1.6114 3.5973 -8.4544 1.7193 28.2041 0.1148 0.9988
Car 0.0000 0.0000 0.0000 365.0000 177.0000 461.0000 214.0000 1.5740 1.5962 3.7118 -8.5140 1.7123 31.3523 0.2053 0.9975
Car 0.0000 0.0000 0.0000 298.0000 181.0000 422.0000 229.0000 1.6065 1.6154 3.7696 -8.6902 1.8650 25.2395 0.0306 0.9952
Car 0.0000 0.0000 0.0000 742.0000 162.0000 763.0000 180.0000 1.5065 1.6284 3.7543 12.7286 0.5130 63.7790 -1.4035 0.9915
Car 0.0000 0.0000 0.0000 394.0000 175.0000 472.0000 206.0000 1.5700 1.6122 3.7152 -9.3741 1.6523 38.5483 0.0629 0.9901
Car 0.0000 0.0000 0.0000 514.0000 177.0000 535.0000 199.0000 1.9288 1.7976 4.4854 -7.4556 2.1873 64.0506 1.4702 0.9847
Car 0.0000 0.0000 0.0000 764.0000 154.0000 797.0000 173.0000 1.5836 1.7080 3.9976 15.2582 -0.0783 64.0319 1.5160 0.9837
Car 0.0000 0.0000 0.0000 431.0000 170.0000 501.0000 201.0000 1.7979 1.6999 3.8517 -8.7754 1.6016 44.4202 0.2002 0.9700
