Car 0.0000 0.0000 0.0000 466.0000 168.0000 527.0000 218.0000 1.6136 1.6944 3.9860 -3.9475 1.4413 25.7582 1.5342 1.0000
Car 0.0000 0.0000 0.0000 222.0000 179.0000 442.0000 327.0000 1.5497 1.6539 3.7613 -3.4174 1.6280 9.5420 1.5121 0.9999
Car 0.0000 0.0000 0.0000 717.0000 185.0000 852.0000 280.0000 1.5169 1.5647 3.3201 3.1074 1.7485 13.4814 1.5286 0.9999
Car 0.0000 0.0000 0.0000 673.0000 180.0000 755.0000 241.0000 1.5473 1.5496 3.1772 2.8280 1.7210 20.1336 1.4847 0.9999
Car 0.0000 0.0000 0.0000 762.0000 191.0000 1057.0000 367.0000 1.4418 1.6167 4.0888 3.0188 1.6866 8.3103 1.5537 0.9997
Car 0.0000 0.0000 0.0000 652.0000 176.0000 713.0000 225.0000 1.5274 1.5920 3.7349 2.4511 1.6255 24.7835 1.5415 0.9996
Car 0.0000 0.0000 0.0000 -699.0000 108.0000 359.0000 808.0000 1.9240 1.7630 4.1041 -2.9361 1.7563 4.0918 1.4973 0.9993
Car 0.0000 0.0000 0.0000 486.0000 173.0000 534.0000 213.0000 1.6241 1.6455 3.9173 -4.2567 1.5920 31.4527 1.5425 0.9992
Car 0.0000 0.0000 0.0000 639.0000 178.0000 691.0000 217.0000 1.5196 1.6320 4.1809 2.2924 1.6889 30.6089 1.5144 0.9990
Car 0.0000 0.0000 0.0000 610.0000 173.0000 634.0000 190.0000 1.4100 1.5685 3.6570 1.1952 1.3777 63.7796 1.4359 0.9990
Car 0.0000 0.0000 0.0000 1038.0000 205.0000 7637.0000 3194.0000 1.5536 1.6592 4.2265 3.6344 1.7514 2.5518 1.5374 0.9961
Car 0.0000 0.0000 0.0000 744.0000 152.0000 783.0000 176.0000 1.6410 1.7603 4.1191 10.9232 0.1478 50.9755 1.5440 0.9907
Car 0.0000 0.0000 0.0000 298.0000 152.0000 418.0000 225.0000 2.0574 1.7074 3.9079 -7.7564 1.4562 22.5657 -1.3403 0.9834
Car 0.0000 0.0000 0.0000 629.0000 168.0000 660.0000 195.0000 1.5024 1.5997 3.6733 2.0568 1.1817 42.4763 1.5516 0.9762
Car 0.0000 0.0000 0.0000 508.0000 173.0000 545.0000 201.0000 1.5259 1.6601 4.0725 -4.7376 1.5001 41.8491 1.5671 0.9643
