Car 0.0000 0.0000 0.0000 433.0000 184.0000 521.0000 254.0000 1.5100 1.6143 4.2040 -3.2002 1.7695 18.0676 1.5240 0.9999
Car 0.0000 0.0000 0.0000 304.0000 187.0000 402.0000 242.0000 1.4393 1.5991 3.7088 -7.4402 1.8392 21.2363 1.5633 0.9998
Car 0.0000 0.0000 0.0000 -184.0000 195.0000 362.0000 487.0000 1.4702 1.6502 3.8380 -3.5118 1.6933 5.7970 1.5646 0.9996
Car 0.0000 0.0000 0.0000 577.0000 181.0000 623.0000 216.0000 1.6060 1.7908 3.6714 -0.5010 1.9410 35.2733 1.4439 0.9991
Car 0.0000 0.0000 0.0000 399.0000 180.0000 460.0000 218.0000 1.5138 1.6992 3.9812 -7.6408 1.7684 30.9774 1.5452 0.9989
Car 0.0000 0.0000 0.0000 273.0000 184.0000 344.0000 224.0000 1.5024 1.6520 3.8854 -12.4063 1.9271 29.9011 1.4726 0.9981
Car 0.0000 0.0000 0.0000 485.0000 181.0000 531.0000 215.0000 1.4674 1.6724 4.2150 -4.6614 1.7811 33.6199 1.5412 0.9979
Car 0.0000 0.0000 0.0000 44.0000 182.0000 220.0000 248.0000 1.4912 1.6730 4.3194 -12.2024 1.7064 18.7511 1.5708 0.9951
Car 0.0000 0.0000 0.0000 522.0000 151.0000 568.0000 194.0000 2.7522 2.1227 5.7818 -4.2740 1.3279 49.3284 -1.4800 0.9946
Car 0.0000 0.0000 0.0000 -84.0000 183.0000 219.0000 309.0000 1.4587 1.5713 3.7208 -7.4711 1.6106 10.3865 1.5708 0.9925
Car 0.0000 0.0000 0.0000 -235.0000 184.0000 73.0000 289.0000 1.4693 1.6418 3.8185 -11.4565 1.6701 12.3252 1.5664 0.9920
