Car 0.0000 0.0000 0.0000 698.0000 176.0000 809.0000 263.0000 1.6263 1.6022 3.4300 2.9377 1.6935 15.4308 1.5539 0.9998
Car 0.0000 0.0000 0.0000 343.0000 192.0000 465.0000 271.0000 1.4773 1.6631 3.9627 -4.4487 1.9129 16.1142 1.5534 0.9998
Car 0.0000 0.0000 0.0000 732.0000 177.0000 975.0000 334.0000 1.5627 1.6479 4.0305 2.7646 1.6157 9.2475 1.5469 0.9998
Car 0.0000 0.0000 0.0000 671.0000 175.0000 735.0000 229.0000 1.6312 1.6223 3.7755 3.0351 1.6908 24.0396 1.5708 0.9998
Car 0.0000 0.0000 0.0000 417.0000 179.0000 496.0000 244.0000 1.7505 1.6218 3.6132 -4.4792 1.9123 21.5064 1.5534 0.9997
Car 0.0000 0.0000 0.0000 459.0000 177.0000 524.0000 228.0000 1.7452 1.7438 4.3512 -4.3296 1.8854 27.0761 1.5708 0.9996
Car 0.0000 0.0000 0.0000 -149.0000 198.0000 174.0000 303.0000 1.4832 1.5850 3.8925 -9.3724 1.9007 11.4532 0.0258 0.9991
Car 0.0000 0.0000 0.0000 -17378.0000 -8472.0000 1483.0000 524.0000 1.5171 1.5565 3.3893 3.0436 1.5626 1.5440 1.5708 0.9987
Car 0.0000 0.0000 0.0000 533.0000 181.0000 555.0000 199.0000 1.4846 1.6291 3.5761 -5.5695 2.1257 61.9028 1.3989 0.9899
Car 0.0000 0.0000 0.0000 661.0000 175.0000 713.0000 216.0000 1.5843 1.6282 4.0724 3.1661 1.6525 30.0188 1.5501 0.9894
