Car 0.0000 0.0000 0.0000 581.0000 178.0000 635.0000 228.0000 1.5364 1.6770 3.3171 -0.1198 1.6882 24.3047 1.5352 0.9999
Car 0.0000 0.0000 0.0000 242.0000 159.0000 468.0000 274.0000 1.7435 1.7092 4.1078 -4.6124 1.5383 12.7465 0.6201 0.9996
Car 0.0000 0.0000 0.0000 107.0000 169.0000 376.0000 316.0000 1.6058 1.6178 3.8059 -5.0480 1.5805 9.6341 0.6144 0.9992
Car 0.0000 0.0000 0.0000 646.0000 153.0000 702.0000 209.0000 2.6718 2.0626 5.6340 3.2699 1.6769 37.2509 1.5130 0.9986
Car 0.0000 0.0000 0.0000 580.0000 174.0000 616.0000 206.0000 1.5236 1.6405 3.6567 -0.6013 1.5561 37.2811 1.5071 0.9984
Car 0.0000 0.0000 0.0000 361.0000 167.0000 502.0000 231.0000 1.6360 1.6100 3.7147 -5.0034 1.4813 20.0643 0.5146 0.9973
Car 0.0000 0.0000 0.0000 457.0000 171.0000 544.0000 212.0000 1.8687 1.6672 3.8163 -5.1668 1.7566 34.1994 0.5129 0.9955
Car 0.0000 0.0000 0.0000 -12508.0000 -3077.0000 -188.0000 6078.0000 2.4135 1.9431 5.1208 -4.5726 1.5352 2.6550 0.7655 0.9920
Car 0.0000 0.0000 0.0000 76.0000 182.0000 260.0000 268.0000 1.5197 1.5883 3.5674 -8.7707 1.6860 14.6378 1.5589 0.9888
Car 0.0000 0.0000 0.0000 388.0000 162.0000 512.0000 221.0000 1.7234 1.6059 3.6092 -5.0397 1.3773 23.0420 -0.8218 0.9862
