Car 0.0000 0.0000 0.0000 306.0000 187.0000 442.0000 274.0000 1.4106 1.5670 3.4157 -4.4165 1.6933 13.9203 1.5572 0.9999
Car 0.0000 0.0000 0.0000 423.0000 179.0000 498.0000 228.0000 1.4871 1.6868 4.1162 -4.8740 1.6546 23.9882 1.5568 0.9999
Car 0.0000 0.0000 0.0000 482.0000 182.0000 525.0000 214.0000 1.3960 1.5519 3.4396 -4.8484 1.7699 33.2743 1.5463 0.9998
Car 0.0000 0.0000 0.0000 577.0000 174.0000 612.0000 208.0000 1.6448 1.7548 3.6173 -0.7881 1.6895 37.8118 1.5379 0.9998
Car 0.0000 0.0000 0.0000 50.0000 163.0000 231.0000 243.0000 1.8634 1.8640 4.7525 -12.2977 1.6303 19.3147 1.5407 0.9995
Car 0.0000 0.0000 0.0000 279.0000 180.0000 377.0000 236.0000 1.5647 1.6733 3.4782 -8.5709 1.7603 22.1954 1.5592 0.9995
Car 0.0000 0.0000 0.0000 -47.0000 194.0000 211.0000 302.0000 1.3984 1.6204 3.7034 -8.3514 1.7761 11.7918 1.5355 0.9991
Car 0.0000 0.0000 0.0000 370.0000 181.0000 429.0000 218.0000 1.4669 1.6254 3.7854 -8.8392 1.7661 30.6168 1.5046 0.9967
Car 0.0000 0.0000 0.0000 468.0000 178.0000 493.0000 200.0000 1.5234 1.6918 3.7309 -9.3233 1.8280 52.5209 1.4246 0.9966
Car 0.0000 0.0000 0.0000 422.0000 180.0000 466.0000 207.0000 1.5049 1.6451 3.7857 -9.4422 1.8368 41.4755 1.5691 0.9950
Car 0.0000 0.0000 0.0000 -2914.0000 215.0000 156.0000 1440.0000 1.4672 1.7267 4.0084 -4.0823 1.7462 2.9926 1.5708 0.9904
