Car 0.0000 0.0000 0.0000 449.0000 181.0000 510.0000 226.0000 1.5213 1.6034 3.3674 -4.7466 1.8096 26.6657 1.5708 0.9999
Car 0.0000 0.0000 0.0000 757.0000 182.0000 962.0000 311.0000 1.5546 1.6745 3.7819 3.4365 1.6900 10.7494 1.5538 0.9999
Car 0.0000 0.0000 0.0000 696.0000 181.0000 778.0000 237.0000 1.5282 1.6358 4.0694 3.7386 1.7408 21.7639 1.5520 0.9998
Car 0.0000 0.0000 0.0000 724.0000 183.0000 835.0000 263.0000 1.5757 1.6103 3.6681 3.6756 1.7839 16.1917 1.5708 0.9997
Car 0.0000 0.0000 0.0000 846.0000 192.0000 1458.0000 499.0000 1.4401 1.6334 4.0612 3.3725 1.6310 5.6493 1.5407 0.9997
Car 0.0000 0.0000 0.0000 478.0000 180.0000 531.0000 217.0000 1.4847 1.7069 3.8833 -4.4836 1.7475 31.2804 1.5708 0.9997
Car 0.0000 0.0000 0.0000 138.0000 193.0000 389.0000 325.0000 1.4722 1.7027 4.3101 -4.8404 1.8113 10.7824 1.5673 0.9997
Car 0.0000 0.0000 0.0000 -526.0000 207.0000 223.0000 535.0000 1.4536 1.6556 3.8590 -4.8529 1.7909 5.4894 1.5668 0.9995
Car 0.0000 0.0000 0.0000 689.0000 172.0000 751.0000 221.0000 1.7264 1.6339 3.7080 4.1305 1.6720 27.3818 1.5383 0.9990
Car 0.0000 0.0000 0.0000 642.0000 176.0000 692.0000 193.0000 1.5304 1.6907 4.4430 5.2871 1.7025 65.2709 0.0531 0.9982
Car 0.0000 0.0000 0.0000 9.0000 180.0000 147.0000 232.0000 1.5470 1.5490 3.3945 -16.6336 1.7515 22.5877 0.1612 0.9907
