Car 0.0000 0.0000 0.0000 585.0000 175.0000 651.0000 237.0000 1.6398 1.7294 3.8435 0.1728 1.6888 21.1619 1.5464 0.9996
Car 0.0000 0.0000 0.0000 241.0000 179.0000 348.0000 236.0000 1.8198 1.8195 4.4512 -10.9232 2.0104 25.3373 1.5695 0.9994
Car 0.0000 0.0000 0.0000 326.0000 179.0000 398.0000 219.0000 1.6140 1.7323 4.1243 -10.7897 1.8620 31.7155 1.5708 0.9992
Car 0.0000 0.0000 0.0000 691.0000 162.0000 840.0000 240.0000 1.8704 1.7648 4.2810 4.2697 1.5850 19.3397 -0.7427 0.9989
Car 0.0000 0.0000 0.0000 781.0000 163.0000 994.0000 281.0000 1.7577 1.7336 4.3326 5.0619 1.6028 12.8520 -0.7291 0.9985
Car 0.0000 0.0000 0.0000 701.0000 169.0000 749.0000 216.0000 1.5843 1.6145 3.7357 4.2089 1.4214 26.2708 -1.4146 0.9982
Car 0.0000 0.0000 0.0000 842.0000 173.0000 1092.0000 348.0000 1.6362 1.6376 3.8597 4.4451 1.6394 8.7111 -0.8131 0.9975
Car 0.0000 0.0000 0.0000 970.0000 137.0000 1414.0000 556.0000 1.6872 1.6796 4.0738 4.1035 1.5414 4.8894 -0.7467 0.9965
Car 0.0000 0.0000 0.0000 386.0000 181.0000 438.0000 211.0000 1.4602 1.5977 3.8896 -10.5267 1.8702 38.6873 1.5708 0.9954
Car 0.0000 0.0000 0.0000 658.0000 161.0000 705.0000 188.0000 1.5983 1.7209 3.9048 4.5199 0.8448 44.3948 -1.1524 0.9950
Car 0.0000 0.0000 0.0000 449.0000 154.0000 505.0000 208.0000 2.7128 2.1099 5.7949 -7.0975 1.7284 39.3529 1.5551 0.9946
Car 0.0000 0.0000 0.0000 -140.0000 184.0000 -73.0000 227.0000 1.5577 1.6521 3.7250 -28.0697 1.9513 28.2784 0.8476 0.9928
