Car 0.0000 0.0000 0.0000 301.0000 197.0000 414.0000 265.0000 1.4674 1.6356 3.4942 -6.2113 2.0838 18.1116 1.5665 0.9999
Car 0.0000 0.0000 0.0000 443.0000 184.0000 495.0000 221.0000 1.4866 1.6319 4.0425 -6.1773 1.9650 32.0326 1.5433 0.9998
Car 0.0000 0.0000 0.0000 375.0000 191.0000 462.0000 245.0000 1.5207 1.6972 4.1167 -6.1757 2.1341 23.7663 1.5708 0.9997
Car 0.0000 0.0000 0.0000 672.0000 181.0000 745.0000 238.0000 1.5417 1.6380 3.7889 2.8951 1.7785 21.7260 1.5699 0.9996
Car 0.0000 0.0000 0.0000 -118.0000 204.0000 16.0000 255.0000 1.5467 1.6586 4.0961 -23.5960 2.6895 25.9186 1.3869 0.9994
Car 0.0000 0.0000 0.0000 526.0000 183.0000 554.0000 201.0000 1.5481 1.7366 4.1885 -6.0734 2.3440 64.4821 -1.4737 0.9985
Car 0.0000 0.0000 0.0000 -194.0000 207.0000 -42.0000 261.0000 1.5847 1.7234 4.1133 -25.9943 2.8760 25.9035 1.4180 0.9981
Car 0.0000 0.0000 0.0000 1107.0000 132.0000 1254.0000 190.0000 2.3214 1.9442 5.2190 24.6309 0.6587 31.3301 1.4869 0.9972
Car 0.0000 0.0000 0.0000 -69.0000 199.0000 61.0000 247.0000 1.4122 1.6290 3.4086 -20.8403 2.3123 24.6119 1.5499 0.9958
Car 0.0000 0.0000 0.0000 563.0000 182.0000 582.0000 198.0000 1.5323 1.6924 4.0749 -3.4775 2.2827 70.0517 1.5647 0.9948
Car 0.0000 0.0000 0.0000 1216.0000 129.0000 1365.0000 178.0000 1.9857 1.9125 4.5190 29.5519 0.1309 31.3230 0.0595 0.9914
Car 0.0000 0.0000 0.0000 631.0000 179.0000 648.0000 195.0000 1.4771 1.6503 3.8030 3.0498 1.9692 70.8312 1.5708 0.9908
Car 0.0000 0.0000 0.0000 1513.0000 130.0000 1633.0000 180.0000 1.8623 1.8386 4.3092 38.7597 0.2183 29.0821 -0.9006 0.9781
Car 0.0000 0.0000 0.0000 770.0000 170.0000 831.0000 193.0000 1.5275 1.6145 3.8512 13.4062 1.2681 50.4788 0.8867 0.9764
