Car 0.0000 0.0000 0.0000 223.0000 182.0000 358.0000 251.0000 1.5197 1.6846 3.9235 -7.8952 1.7474 18.1703 1.5643 0.9999
Car 0.0000 0.0000 0.0000 659.0000 169.0000 717.0000 217.0000 1.6454 1.6539 3.6456 2.8129 1.4955 26.5537 1.5528 0.9999
Car 0.0000 0.0000 0.0000 -128.0000 196.0000 205.0000 332.0000 1.4655 1.6603 4.1133 -7.8495 1.8489 10.4422 1.5452 0.9998
Car 0.0000 0.0000 0.0000 735.0000 175.0000 976.0000 339.0000 1.5025 1.5877 3.3960 2.5461 1.5376 8.3778 1.5578 0.9998
Car 0.0000 0.0000 0.0000 581.0000 175.0000 619.0000 210.0000 1.5683 1.6868 3.6311 -0.4560 1.6396 34.2812 1.5545 0.9995
Car 0.0000 0.0000 0.0000 714.0000 176.0000 849.0000 275.0000 1.5651 1.5858 3.4454 2.9722 1.6121 13.1683 1.5590 0.9993
Car 0.0000 0.0000 0.0000 898.0000 191.0000 2916.0000 1179.0000 1.5137 1.6278 3.9700 2.8219 1.6262 3.1360 1.5708 0.9983
Car 0.0000 0.0000 0.0000 636.0000 169.0000 664.0000 191.0000 1.5012 1.6467 3.7713 2.9143 1.2024 51.4706 1.5481 0.9971
Car 0.0000 0.0000 0.0000 648.0000 174.0000 692.0000 208.0000 1.5652 1.5963 3.7954 2.9248 1.5887 34.9888 1.5124 0.9944
Car 0.0000 0.0000 0.0000 -1326.0000 224.0000 -96.0000 614.0000 1.3824 1.6072 3.8736 -7.5783 1.8597 5.0285 1.4807 0.9830
Car 0.0000 0.0000 0.0000 603.0000 168.0000 633.0000 196.0000 1.5442 1.5958 3.6075 0.5039 1.2350 42.4724 1.5370 0.9773
