Car 0.0000 0.0000 0.0000 399.0000 176.0000 486.0000 231.0000 1.4525 1.6592 3.8902 -4.8266 1.5271 21.2876 1.5704 0.9999
Car 0.0000 0.0000 0.0000 471.0000 178.0000 519.0000 214.0000 1.4256 1.6037 3.4843 -4.8049 1.5902 30.6031 1.5400 0.9999
Car 0.0000 0.0000 0.0000 226.0000 187.0000 416.0000 299.0000 1.4346 1.5994 3.5254 -4.3414 1.6661 11.3264 1.5634 0.9998
Car 0.0000 0.0000 0.0000 576.0000 175.0000 611.0000 209.0000 1.6354 1.7389 3.6720 -0.7551 1.7286 37.3707 1.5708 0.9998
Car 0.0000 0.0000 0.0000 -49.0000 163.0000 175.0000 251.0000 1.7422 1.8146 4.5051 -12.3119 1.5496 16.6325 1.5598 0.9997
Car 0.0000 0.0000 0.0000 351.0000 175.0000 416.0000 215.0000 1.4398 1.6566 4.0078 -8.8055 1.5011 28.3686 1.4796 0.9996
Car 0.0000 0.0000 0.0000 230.0000 177.0000 351.0000 241.0000 1.5581 1.6914 3.8628 -8.5480 1.6523 19.6372 1.5379 0.9992
Car 0.0000 0.0000 0.0000 -262.0000 193.0000 125.0000 338.0000 1.4022 1.5951 3.6397 -8.2523 1.6930 9.2340 1.5565 0.9981
Car 0.0000 0.0000 0.0000 458.0000 166.0000 493.0000 198.0000 2.0927 1.8013 4.4394 -9.2433 1.5954 50.1950 1.5211 0.9932
Car 0.0000 0.0000 0.0000 570.0000 177.0000 588.0000 194.0000 1.5646 1.7076 4.0330 -2.8290 1.8507 69.9785 1.5371 0.9892
Car 0.0000 0.0000 0.0000 408.0000 177.0000 457.0000 206.0000 1.4706 1.5998 3.6202 -9.4223 1.6239 38.7177 1.5708 0.9859
Car 0.0000 0.0000 0.0000 269.0000 169.0000 344.0000 210.0000 1.5261 1.6197 3.8848 -12.1137 1.3436 29.0334 1.4972 0.9766
Car 0.0000 0.0000 0.0000 487.0000 164.0000 517.0000 191.0000 2.3667 1.9692 5.3562 -9.6866 1.4894 65.8529 1.5540 0.9733
Car 0.0000 0.0000 0.0000 397.0000 177.0000 431.0000 201.0000 1.4700 1.5849 3.6765 -12.5613 1.7056 46.5111 1.4606 0.9658
