Car 0.0000 0.0000 0.0000 257.0000 173.0000 402.0000 232.0000 1.6868 1.6540 3.7919 -8.5125 1.6869 22.0566 0.0065 0.9998
Car 0.0000 0.0000 0.0000 31.0000 184.0000 275.0000 274.0000 1.5562 1.5827 3.5920 -8.5303 1.7673 13.6265 -0.0184 0.9996
Car 0.0000 0.0000 0.0000 -378.0000 194.0000 72.0000 346.0000 1.4758 1.5277 3.4171 -8.3568 1.7302 8.0710 -0.0115 0.9992
Car 0.0000 0.0000 0.0000 301.0000 181.0000 428.0000 229.0000 1.5900 1.6139 3.8330 -8.4447 1.8522 24.9916 0.0284 0.9991
Car 0.0000 0.0000 0.0000 140.0000 176.0000 327.0000 255.0000 1.7088 1.6244 3.4879 -8.6628 1.7867 16.7174 0.0537 0.9989
Car 0.0000 0.0000 0.0000 217.0000 186.0000 371.0000 249.0000 1.5555 1.5859 3.6094 -8.4827 1.9060 19.4037 0.2642 0.9984
Car 0.0000 0.0000 0.0000 357.0000 180.0000 449.0000 218.0000 1.6497 1.6074 3.5990 -9.1885 1.9337 32.1897 0.1072 0.9962
Car 0.0000 0.0000 0.0000 343.0000 180.0000 442.0000 219.0000 1.5432 1.5667 3.5460 -8.8632 1.7890 29.5198 0.1170 0.9950
Car 0.0000 0.0000 0.0000 425.0000 178.0000 501.0000 208.0000 1.6229 1.6199 3.9417 -8.2487 1.8725 40.9930 0.0596 0.9935
Car 0.0000 0.0000 0.0000 400.0000 181.0000 482.0000 214.0000 1.5953 1.5633 3.6710 -8.3842 1.9661 35.9039 0.2631 0.9931
Car 0.0000 0.0000 0.0000 409.0000 176.0000 484.0000 208.0000 1.6312 1.5876 3.5642 -8.5060 1.7434 37.9582 0.0270 0.9880
