Car 0.0000 0.0000 0.0000 635.0000 175.0000 690.0000 214.0000 1.5150 1.6233 3.9676 2.1719 1.5874 30.3448 1.4770 0.9998
Car 0.0000 0.0000 0.0000 661.0000 177.0000 755.0000 247.0000 1.5079 1.6233 3.9488 2.2897 1.6072 17.8312 1.5319 0.9997
Car 0.0000 0.0000 0.0000 515.0000 175.0000 559.0000 213.0000 1.5151 1.6563 3.6127 -3.0891 1.5877 31.2609 1.5390 0.9997
Car 0.0000 0.0000 0.0000 167.0000 188.0000 432.0000 350.0000 1.4475 1.6285 4.0071 -3.4375 1.6518 8.7679 1.5325 0.9997
Car 0.0000 0.0000 0.0000 -584.0000 189.0000 403.0000 717.0000 1.5270 1.7432 4.2204 -2.7762 1.6541 4.2770 1.5708 0.9974
Car 0.0000 0.0000 0.0000 540.0000 176.0000 568.0000 202.0000 1.5495 1.6153 3.9047 -3.5148 1.6799 45.4150 1.4653 0.9972
Car 0.0000 0.0000 0.0000 903.0000 196.0000 15237.0000 12821.0000 1.4918 1.5662 3.6983 2.3781 1.6024 1.9708 1.5247 0.9972
Car 0.0000 0.0000 0.0000 624.0000 167.0000 656.0000 194.0000 1.6700 1.7013 3.9028 2.0106 1.2380 46.9063 1.5280 0.9961
Car 0.0000 0.0000 0.0000 523.0000 159.0000 559.0000 193.0000 1.5943 1.6558 3.8050 -3.4312 0.9088 36.7035 1.5133 0.9931
Car 0.0000 0.0000 0.0000 215.0000 178.0000 366.0000 233.0000 1.5409 1.5498 3.7636 -9.3771 1.6674 21.3065 -0.0019 0.9872
