Car 0.0000 0.0000 0.0000 654.0000 178.0000 691.0000 208.0000 1.4904 1.6104 3.7741 3.3313 1.7158 38.0285 1.5708 0.9999
Car 0.0000 0.0000 0.0000 793.0000 190.0000 1726.0000 734.0000 1.5824 1.6733 4.1819 2.5384 1.7179 4.3221 1.5209 0.9998
Car 0.0000 0.0000 0.0000 108.0000 186.0000 363.0000 281.0000 1.4940 1.5665 3.5905 -6.3515 1.7210 12.4115 0.0337 0.9995
Car 0.0000 0.0000 0.0000 433.0000 164.0000 543.0000 209.0000 2.0623 1.8399 4.9508 -5.7880 1.6249 34.7489 0.0307 0.9992
Car 0.0000 0.0000 0.0000 360.0000 181.0000 491.0000 234.0000 1.5336 1.5840 3.6696 -5.6749 1.7781 22.4413 0.0158 0.9990
Car 0.0000 0.0000 0.0000 386.0000 181.0000 507.0000 228.0000 1.5584 1.6127 3.7419 -5.5579 1.8048 24.8083 0.1023 0.9987
Car 0.0000 0.0000 0.0000 183.0000 181.0000 384.0000 262.0000 1.5471 1.5755 3.4196 -6.6408 1.7072 14.8362 -0.0046 0.9985
Car 0.0000 0.0000 0.0000 -284.0000 192.0000 221.0000 358.0000 1.5110 1.6139 3.9620 -6.5736 1.7385 7.6225 0.0210 0.9982
Car 0.0000 0.0000 0.0000 315.0000 177.0000 467.0000 239.0000 1.6145 1.6169 3.6944 -5.9957 1.7260 19.9732 0.0148 0.9982
Car 0.0000 0.0000 0.0000 445.0000 182.0000 534.0000 217.0000 1.4947 1.5664 3.7080 -5.3153 1.8526 32.1898 -0.0094 0.9965
Car 0.0000 0.0000 0.0000 406.0000 182.0000 514.0000 226.0000 1.6015 1.6192 3.8014 -5.7027 1.9517 27.7623 0.0625 0.9928
Car 0.0000 0.0000 0.0000 -287.0000 -963.0000 2789.0000 652.0000 1.3992 1.5464 3.7683 -2.5917 1.7484 0.7845 1.5637 0.9787
