Car 0.0000 0.0000 0.0000 667.0000 180.0000 734.0000 234.0000 1.5164 1.5532 3.3319 2.7048 1.6976 22.1135 1.5507 0.9998
Car 0.0000 0.0000 0.0000 443.0000 187.0000 513.0000 239.0000 1.4024 1.5475 3.6139 -3.9743 1.8353 22.2375 1.5541 0.9998
Car 0.0000 0.0000 0.0000 -505.0000 215.0000 300.0000 672.0000 1.4535 1.5733 3.5863 -3.4085 1.8011 4.4327 1.5041 0.9997
Car 0.0000 0.0000 0.0000 721.0000 187.0000 953.0000 336.0000 1.4622 1.6190 4.0070 2.6045 1.6553 9.3525 1.5397 0.9997
Car 0.0000 0.0000 0.0000 166.0000 202.0000 427.0000 362.0000 1.4445 1.6527 3.6921 -3.5840 1.8606 8.9340 1.5644 0.9994
Car 0.0000 0.0000 0.0000 465.0000 169.0000 527.0000 228.0000 2.0563 1.8316 4.5290 -4.2235 1.9074 27.4888 1.5318 0.9994
Car 0.0000 0.0000 0.0000 647.0000 178.0000 709.0000 224.0000 1.5709 1.6653 4.1825 2.4439 1.7276 26.7119 1.5163 0.9993
Car 0.0000 0.0000 0.0000 597.0000 170.0000 619.0000 192.0000 1.6986 1.7288 3.5722 -0.0335 1.4193 57.7151 1.5708 0.9991
Car 0.0000 0.0000 0.0000 721.0000 154.0000 789.0000 181.0000 1.8765 1.7896 4.5307 10.5841 0.4943 52.2841 -0.0051 0.9966
Car 0.0000 0.0000 0.0000 -1771.0000 -1001.0000 1618.0000 590.0000 1.4316 1.5593 3.7971 2.8278 1.5640 0.8773 1.5708 0.9858
Car 0.0000 0.0000 0.0000 557.0000 172.0000 579.0000 190.0000 1.5193 1.6539 4.0303 -3.6550 1.3557 64.5025 1.4306 0.9840
Car 0.0000 0.0000 0.0000 341.0000 160.0000 434.0000 201.0000 1.9719 1.7222 4.0651 -10.9628 1.3148 35.7162 0.0742 0.9743
Car 0.0000 0.0000 0.0000 711.0000 173.0000 751.0000 199.0000 1.4656 1.6098 3.7566 7.2289 1.4435 42.7886 1.5415 0.9679
Car 0.0000 0.0000 0.0000 675.0000 156.0000 713.0000 187.0000 1.5318 1.6286 3.7926 4.5998 0.6558 38.4471 -1.3575 0.9626
