Car 0.0000 0.0000 0.0000 675.0000 181.0000 755.0000 242.0000 1.5038 1.5830 3.4083 2.7636 1.7000 19.6392 1.5453 0.9999
Car 0.0000 0.0000 0.0000 652.0000 174.0000 715.0000 229.0000 1.7209 1.6652 3.7098 2.4677 1.7422 24.8083 1.5428 0.9998
Car 0.0000 0.0000 0.0000 644.0000 171.0000 693.0000 213.0000 1.6451 1.6329 3.7646 2.4060 1.5371 30.0312 1.5508 0.9996
Car 0.0000 0.0000 0.0000 399.0000 186.0000 474.0000 238.0000 1.4249 1.5402 3.4092 -5.1594 1.7994 21.8040 1.5462 0.9991
Car 0.0000 0.0000 0.0000 540.0000 175.0000 563.0000 196.0000 1.7427 1.7387 4.4093 -4.8882 1.8741 62.1186 1.5538 0.9985
Car 0.0000 0.0000 0.0000 85.0000 50.0000 504.0000 391.0000 2.1730 1.9648 5.7020 -2.4753 1.3990 7.4783 1.5496 0.9973
Car 0.0000 0.0000 0.0000 946.0000 22.0000 3990.0000 1053.0000 1.6441 1.6798 4.0351 3.3924 1.4280 2.1674 0.0936 0.9970
Car 0.0000 0.0000 0.0000 -135.0000 199.0000 229.0000 392.0000 1.4584 1.6001 3.6985 -5.6600 1.7888 7.8213 1.3888 0.9955
Car 0.0000 0.0000 0.0000 681.0000 152.0000 712.0000 183.0000 2.4088 1.9811 5.1083 7.3324 0.7101 60.2326 1.5708 0.9868
Car 0.0000 0.0000 0.0000 -2419.0000 227.0000 -43.0000 1044.0000 1.4335 1.6143 3.6755 -5.5454 1.8080 3.3340 1.5603 0.9857
Car 0.0000 0.0000 0.0000 312.0000 180.0000 432.0000 252.0000 1.4576 1.5245 3.6299 -5.3258 1.6124 16.5553 1.5708 0.9781
Car 0.0000 0.0000 0.0000 1030.0000 197.0000 1714.0000 642.0000 1.5421 1.6082 3.7946 3.9829 1.7451 4.7151 -1.1906 0.9671
