Car 0.0000 0.0000 0.0000 336.0000 187.0000 430.0000 241.0000 1.4870 1.6940 3.9593 -7.0185 1.9260 22.6754 1.5708 0.9999
Car 0.0000 0.0000 0.0000 586.0000 174.0000 639.0000 222.0000 1.6222 1.7248 3.9861 0.0606 1.6304 26.4213 1.5260 0.9998
Car 0.0000 0.0000 0.0000 745.0000 176.0000 952.0000 289.0000 1.6882 1.6801 4.0818 4.3441 1.7432 12.8360 -0.7259 0.9995
Car 0.0000 0.0000 0.0000 418.0000 176.0000 458.0000 202.0000 1.5702 1.7150 4.1920 -10.9763 1.7175 46.5291 1.5445 0.9994
Car 0.0000 0.0000 0.0000 649.0000 160.0000 744.0000 206.0000 2.0159 1.8399 4.7441 4.2221 1.4114 34.2594 -0.7533 0.9991
Car 0.0000 0.0000 0.0000 383.0000 176.0000 434.0000 211.0000 1.8060 1.7174 4.1233 -11.0093 1.9409 39.8699 1.5605 0.9977
Car 0.0000 0.0000 0.0000 689.0000 173.0000 830.0000 240.0000 1.6374 1.6912 4.2309 4.1820 1.6257 19.7254 -0.7659 0.9975
Car 0.0000 0.0000 0.0000 360.0000 177.0000 403.0000 200.0000 1.5158 1.6044 3.7750 -15.1269 1.6990 48.0951 1.5708 0.9945
Car 0.0000 0.0000 0.0000 1546.0000 173.0000 28789.0000 13843.0000 1.6397 1.6420 3.9700 4.2436 1.6505 2.0286 -0.7405 0.9930
Car 0.0000 0.0000 0.0000 717.0000 174.0000 777.0000 229.0000 1.6129 1.6571 4.0463 4.3362 1.6277 23.1925 -1.4388 0.9863
Car 0.0000 0.0000 0.0000 450.0000 180.0000 473.0000 202.0000 1.5433 1.5711 3.6599 -10.8926 1.9976 53.0511 1.3551 0.9841
Car 0.0000 0.0000 0.0000 645.0000 173.0000 678.0000 200.0000 1.5165 1.6126 3.7154 3.1189 1.4543 41.9888 -1.4153 0.9741
Car 0.0000 0.0000 0.0000 682.0000 169.0000 801.0000 218.0000 1.7481 1.6909 4.2400 4.8782 1.5847 27.0002 0.0696 0.9632
