Car 0.0000 0.0000 0.0000 654.0000 177.0000 682.0000 203.0000 1.5562 1.7360 4.0420 3.7436 1.7487 46.0300 1.5708 0.9998
Car 0.0000 0.0000 0.0000 733.0000 167.0000 934.0000 234.0000 1.5963 1.7274 4.5988 5.6263 1.4450 18.4783 -0.0111 0.9997
Car 0.0000 0.0000 0.0000 452.0000 186.0000 509.0000 229.0000 1.5091 1.6866 4.0902 -4.9501 2.0015 28.0640 1.5196 0.9996
Car 0.0000 0.0000 0.0000 1047.0000 135.0000 1157.0000 171.0000 1.5469 1.6440 3.8263 22.1486 -0.1467 32.4257 0.0081 0.9996
Car 0.0000 0.0000 0.0000 478.0000 185.0000 524.0000 220.0000 1.5609 1.6416 3.9941 -5.1085 2.0887 34.4148 1.5585 0.9994
Car 0.0000 0.0000 0.0000 604.0000 178.0000 627.0000 199.0000 1.6178 1.7067 3.9578 0.5592 1.9687 57.7989 1.5708 0.9991
Car 0.0000 0.0000 0.0000 540.0000 183.0000 575.0000 213.0000 1.5196 1.6621 3.8071 -2.7188 1.9942 38.8023 1.5616 0.9985
Car 0.0000 0.0000 0.0000 888.0000 156.0000 941.0000 184.0000 1.6980 1.6341 3.6621 19.6218 0.6036 46.3686 1.5005 0.9984
Car 0.0000 0.0000 0.0000 764.0000 168.0000 802.0000 198.0000 1.4794 1.6007 3.7680 9.2300 1.2100 37.9658 -1.2445 0.9978
Car 0.0000 0.0000 0.0000 1247.0000 137.0000 1423.0000 189.0000 1.5471 1.6136 3.7698 22.6001 0.4474 22.5336 0.0421 0.9971
Car 0.0000 0.0000 0.0000 860.0000 160.0000 895.0000 182.0000 1.5279 1.6662 3.8246 18.9403 0.5741 50.8759 -1.3802 0.9951
Car 0.0000 0.0000 0.0000 922.0000 152.0000 983.0000 179.0000 1.6618 1.7728 3.9613 22.2331 0.2936 46.7611 1.4731 0.9945
Car 0.0000 0.0000 0.0000 498.0000 186.0000 534.0000 216.0000 1.5510 1.5975 3.9614 -5.1854 2.2590 40.4332 1.5386 0.9940
Car 0.0000 0.0000 0.0000 1009.0000 147.0000 1118.0000 183.0000 1.6715 1.7014 4.1227 22.0717 0.4412 35.0550 0.8695 0.9922
Car 0.0000 0.0000 0.0000 690.0000 158.0000 753.0000 183.0000 1.6651 1.7038 4.2308 7.9105 0.6238 50.5337 0.0803 0.9842
Car 0.0000 0.0000 0.0000 1393.0000 119.0000 1639.0000 186.0000 1.6038 1.7054 4.1309 23.1276 0.2858 18.4854 0.0012 0.9769
