Car 0.0000 0.0000 0.0000 273.0000 193.0000 411.0000 266.0000 1.5155 1.6131 3.9038 -6.5303 1.9912 17.3109 0.7888 0.9996
Car 0.0000 0.0000 0.0000 338.0000 181.0000 431.0000 216.0000 1.5252 1.6183 3.7702 -10.2692 1.8790 33.1399 -0.0154 0.9993
Car 0.0000 0.0000 0.0000 748.0000 180.0000 850.0000 242.0000 1.4645 1.6598 4.0661 4.8797 1.6303 19.0984 1.5708 0.9991
Car 0.0000 0.0000 0.0000 666.0000 180.0000 735.0000 238.0000 1.4780 1.7387 3.9507 2.5054 1.6647 20.6405 1.5708 0.9991
Car 0.0000 0.0000 0.0000 394.0000 156.0000 677.0000 315.0000 2.0236 1.8099 4.7562 -1.3932 1.8193 11.4412 0.7662 0.9990
Car 0.0000 0.0000 0.0000 154.0000 190.0000 215.0000 235.0000 1.6115 1.6920 3.8907 -16.9119 2.2816 28.5865 0.9416 0.9986
Car 0.0000 0.0000 0.0000 279.0000 183.0000 370.0000 213.0000 1.4795 1.6400 4.1429 -14.8396 1.9577 37.6789 0.0065 0.9981
Car 0.0000 0.0000 0.0000 -119.0000 196.0000 -42.0000 233.0000 1.5689 1.6505 3.8366 -33.4560 2.7059 34.9833 1.0976 0.9962
Car 0.0000 0.0000 0.0000 89.0000 187.0000 122.0000 208.0000 1.5396 1.7160 3.8084 -38.4651 2.5256 55.0812 1.0467 0.9878
Car 0.0000 0.0000 0.0000 -381.0000 204.0000 -85.0000 387.0000 1.6090 1.7241 4.1528 -10.1182 2.0445 8.9694 0.8758 0.9740
Car 0.0000 0.0000 0.0000 129.0000 186.0000 175.0000 222.0000 1.5004 1.5950 3.7235 -20.7726 2.0457 32.6816 0.9623 0.9662
