Car 0.0000 0.0000 0.0000 592.0000 179.0000 636.0000 222.0000 1.6250 1.6816 3.6186 0.1625 1.8470 29.5097 1.5516 0.9996
Car 0.0000 0.0000 0.0000 505.0000 182.0000 538.0000 204.0000 1.5033 1.6817 4.0524 -6.3724 2.1396 53.1721 1.5708 0.9993
Car 0.0000 0.0000 0.0000 743.0000 160.0000 950.0000 283.0000 1.7430 1.7295 4.1367 4.1494 1.5521 12.2602 -0.8104 0.9992
Car 0.0000 0.0000 0.0000 701.0000 166.0000 889.0000 261.0000 1.8175 1.7573 4.3776 4.1745 1.6656 15.9004 -0.6894 0.9991
Car 0.0000 0.0000 0.0000 856.0000 167.0000 1104.0000 340.0000 1.6868 1.6248 3.7750 4.6873 1.6265 8.9165 -0.7793 0.9984
Car 0.0000 0.0000 0.0000 687.0000 173.0000 805.0000 231.0000 1.6507 1.6735 4.0245 4.3835 1.6410 22.6988 -0.7873 0.9983
Car 0.0000 0.0000 0.0000 1025.0000 125.0000 1432.0000 474.0000 1.6860 1.6125 3.6759 4.6450 1.4530 5.2633 -0.6825 0.9965
Car 0.0000 0.0000 0.0000 -523.0000 186.0000 1.0000 357.0000 1.6569 1.7341 4.1831 -10.5193 1.8346 9.2883 1.5626 0.9963
Car 0.0000 0.0000 0.0000 479.0000 179.0000 504.0000 196.0000 1.5311 1.7326 3.7067 -10.9302 1.9816 67.3015 1.5624 0.9949
Car 0.0000 0.0000 0.0000 691.0000 177.0000 747.0000 218.0000 1.5818 1.6257 3.8911 4.5804 1.7011 29.5857 -1.2424 0.9892
Car 0.0000 0.0000 0.0000 649.0000 175.0000 674.0000 199.0000 1.4997 1.6072 3.7223 3.5271 1.5818 47.7946 -1.4788 0.9849
Car 0.0000 0.0000 0.0000 635.0000 166.0000 685.0000 191.0000 2.0252 1.7966 4.2084 4.4024 1.4049 61.5152 -0.7125 0.9804
Car 0.0000 0.0000 0.0000 677.0000 173.0000 713.0000 204.0000 1.6456 1.6858 4.3020 4.8599 1.5887 40.1562 -1.3787 0.9691
