Car 0.0000 0.0000 0.0000 520.0000 181.0000 558.0000 213.0000 1.4300 1.6321 3.6583 -3.3858 1.8013 35.2553 1.5363 0.9999
Car 0.0000 0.0000 0.0000 560.0000 183.0000 617.0000 236.0000 1.5228 1.6766 3.2069 -0.6852 1.8205 22.8353 1.5368 0.9999
Car 0.0000 0.0000 0.0000 738.0000 183.0000 976.0000 355.0000 1.6157 1.5776 3.3380 2.6470 1.7332 8.5825 1.5375 0.9998
Car 0.0000 0.0000 0.0000 354.0000 188.0000 495.0000 290.0000 1.4380 1.5486 3.4021 -3.0236 1.7085 12.2859 1.5645 0.9998
Car 0.0000 0.0000 0.0000 121.0000 187.0000 230.0000 234.0000 1.5330 1.6931 3.9197 -15.6888 2.0414 26.2478 1.5399 0.9997
Car 0.0000 0.0000 0.0000 168.0000 194.0000 465.0000 399.0000 1.5107 1.7038 3.8332 -2.7133 1.7633 7.5584 1.5266 0.9997
Car 0.0000 0.0000 0.0000 639.0000 183.0000 692.0000 225.0000 1.4224 1.5472 3.4901 2.0068 1.7511 26.6240 1.5399 0.9993
Car 0.0000 0.0000 0.0000 -176.0000 195.0000 34.0000 268.0000 1.4092 1.5609 3.6372 -15.4763 1.9351 16.6261 1.5160 0.9993
Car 0.0000 0.0000 0.0000 879.0000 194.0000 4359.0000 1973.0000 1.4766 1.6279 4.0247 2.5695 1.5993 2.6613 1.5514 0.9992
Car 0.0000 0.0000 0.0000 421.0000 182.0000 499.0000 214.0000 1.5204 1.5892 3.7934 -7.3862 1.9124 35.6023 0.6209 0.9980
Car 0.0000 0.0000 0.0000 577.0000 174.0000 614.0000 208.0000 1.5881 1.7118 3.6572 -0.6394 1.5939 35.0470 1.5674 0.9975
Car 0.0000 0.0000 0.0000 -5331.0000 221.0000 336.0000 3363.0000 1.4543 1.6355 3.7553 -2.4487 1.7178 2.2605 1.5708 0.9969
Car 0.0000 0.0000 0.0000 614.0000 176.0000 640.0000 198.0000 1.4732 1.6212 3.7955 1.2672 1.6080 50.4700 1.5519 0.9904
Car 0.0000 0.0000 0.0000 386.0000 182.0000 446.0000 227.0000 1.4458 1.5362 3.6683 -6.9009 1.7313 25.4341 1.1743 0.9862
Car 0.0000 0.0000 0.0000 462.0000 177.0000 526.0000 203.0000 1.6086 1.6203 3.9549 -7.3725 1.8308 46.0946 0.5900 0.9829
Car 0.0000 0.0000 0.0000 199.0000 185.0000 377.0000 272.0000 1.5232 1.5895 3.5922 -6.4992 1.7633 14.4051 0.5958 0.9736
Car 0.0000 0.0000 0.0000 -982.0000 207.0000 -161.0000 657.0000 1.4917 1.5673 3.5447 -6.3330 1.7678 4.4726 0.8871 0.9733
Car 0.0000 0.0000 0.0000 302.0000 179.0000 358.0000 206.0000 1.4829 1.6752 3.8774 -16.1408 1.7828 41.8683 1.5708 0.9721
Car 0.0000 0.0000 0.0000 301.0000 186.0000 381.0000 258.0000 1.5229 1.6182 3.6955 -6.7093 1.8399 17.7248 1.1567 0.9613
