Car 0.0000 0.0000 0.0000 719.0000 160.0000 884.0000 283.0000 1.9399 1.8023 4.3721 3.3514 1.7368 13.5795 1.5402 0.9999
Car 0.0000 0.0000 0.0000 688.0000 185.0000 754.0000 233.0000 1.4690 1.5997 3.7303 3.6773 1.8460 24.3252 1.5670 0.9998
Car 0.0000 0.0000 0.0000 587.0000 180.0000 660.0000 245.0000 1.5361 1.6956 3.7685 0.2650 1.6910 18.9375 1.5426 0.9997
Car 0.0000 0.0000 0.0000 303.0000 178.0000 470.0000 259.0000 1.5522 1.6284 3.8683 -4.9680 1.6666 15.7240 0.6934 0.9995
Car 0.0000 0.0000 0.0000 666.0000 177.0000 727.0000 217.0000 1.6197 1.6676 4.0918 3.7842 1.7840 31.7582 1.4431 0.9995
Car 0.0000 0.0000 0.0000 -78.0000 173.0000 155.0000 264.0000 1.5877 1.6555 3.8969 -11.3192 1.5845 14.6208 1.5672 0.9994
Car 0.0000 0.0000 0.0000 589.0000 177.0000 631.0000 215.0000 1.5522 1.6846 3.7509 0.0387 1.6984 31.4250 1.5708 0.9993
Car 0.0000 0.0000 0.0000 400.0000 175.0000 518.0000 234.0000 1.6410 1.5815 3.4921 -4.6199 1.6918 21.8659 0.6465 0.9990
Car 0.0000 0.0000 0.0000 455.0000 174.0000 547.0000 216.0000 1.6129 1.5967 3.8419 -4.5019 1.6570 29.5811 0.7029 0.9985
Car 0.0000 0.0000 0.0000 170.0000 170.0000 291.0000 234.0000 1.7274 1.7126 4.1485 -11.3064 1.6551 21.8014 1.5023 0.9980
Car 0.0000 0.0000 0.0000 500.0000 174.0000 566.0000 203.0000 1.6418 1.5638 3.7081 -4.5054 1.6739 42.7587 0.5352 0.9968
Car 0.0000 0.0000 0.0000 344.0000 183.0000 491.0000 248.0000 1.5675 1.5358 3.3797 -4.9698 1.8285 18.7075 0.2746 0.9948
Car 0.0000 0.0000 0.0000 276.0000 176.0000 340.0000 210.0000 1.5000 1.6158 3.9586 -14.3612 1.6125 34.5665 1.5118 0.9927
Car 0.0000 0.0000 0.0000 659.0000 162.0000 691.0000 187.0000 1.6001 1.7186 3.8938 4.4420 0.8610 48.9411 1.5488 0.9859
Car 0.0000 0.0000 0.0000 659.0000 164.0000 682.0000 185.0000 1.4931 1.6122 3.8370 4.7293 0.8062 55.3552 1.5708 0.9625
