Car 0.0000 0.0000 0.0000 677.0000 183.0000 747.0000 235.0000 1.4824 1.5674 3.2906 3.1444 1.7882 22.6658 1.5226 0.9999
Car 0.0000 0.0000 0.0000 755.0000 184.0000 997.0000 342.0000 1.5832 1.6589 3.7924 3.0882 1.7251 9.2636 1.5628 0.9999
Car 0.0000 0.0000 0.0000 268.0000 179.0000 434.0000 246.0000 1.5361 1.5615 3.5014 -6.2727 1.6763 17.6536 -0.0108 0.9997
Car 0.0000 0.0000 0.0000 877.0000 198.0000 1769.0000 685.0000 1.5054 1.5995 3.5820 3.0077 1.7036 4.1887 1.5611 0.9992
Car 0.0000 0.0000 0.0000 125.0000 174.0000 367.0000 273.0000 1.6539 1.6045 3.5851 -6.5024 1.6707 13.0889 0.0038 0.9991
Car 0.0000 0.0000 0.0000 321.0000 182.0000 477.0000 242.0000 1.5583 1.6186 3.8656 -5.8158 1.8136 20.1162 0.0667 0.9989
Car 0.0000 0.0000 0.0000 346.0000 173.0000 481.0000 230.0000 1.6600 1.6288 3.7734 -6.0643 1.6586 22.5023 0.0078 0.9989
Car 0.0000 0.0000 0.0000 434.0000 166.0000 523.0000 202.0000 1.7371 1.7021 4.1851 -6.5926 1.3523 36.6752 0.0087 0.9985
Car 0.0000 0.0000 0.0000 727.0000 179.0000 829.0000 218.0000 1.5609 1.6217 3.8261 6.9613 1.7737 29.9392 0.0077 0.9981
Car 0.0000 0.0000 0.0000 219.0000 184.0000 428.0000 264.0000 1.5673 1.5984 3.8034 -5.9777 1.8025 15.2848 0.0014 0.9979
Car 0.0000 0.0000 0.0000 -275.0000 175.0000 215.0000 342.0000 1.5524 1.5969 3.8038 -6.5492 1.5849 7.6161 0.0090 0.9979
Car 0.0000 0.0000 0.0000 639.0000 168.0000 669.0000 204.0000 2.3430 1.9260 5.0102 3.0528 1.9488 49.7186 1.5708 0.9973
Car 0.0000 0.0000 0.0000 389.0000 178.0000 497.0000 222.0000 1.5851 1.5993 3.7296 -6.2795 1.7684 27.3792 0.0301 0.9960
Car 0.0000 0.0000 0.0000 705.0000 178.0000 798.0000 214.0000 1.5588 1.6232 3.9485 6.4065 1.7606 32.6196 0.0577 0.9923
