Car 0.0000 0.0000 0.0000 407.0000 185.0000 521.0000 275.0000 1.4549 1.6622 4.1616 -2.7439 1.7059 14.2694 1.5068 0.9999
Car 0.0000 0.0000 0.0000 676.0000 168.0000 804.0000 272.0000 1.7635 1.6753 3.8911 2.4216 1.6887 14.3813 1.5260 0.9999
Car 0.0000 0.0000 0.0000 503.0000 186.0000 553.0000 228.0000 1.4859 1.6176 3.8403 -3.0792 1.9621 27.8552 1.5380 0.9999
Car 0.0000 0.0000 0.0000 648.0000 184.0000 713.0000 231.0000 1.4655 1.5778 3.7539 2.3285 1.8107 24.5561 1.4978 0.9996
Car 0.0000 0.0000 0.0000 546.0000 183.0000 579.0000 206.0000 1.4625 1.6252 3.7939 -3.1401 2.0785 49.2758 -1.4717 0.9986
Car 0.0000 0.0000 0.0000 670.0000 182.0000 751.0000 244.0000 1.5034 1.5726 3.5636 2.6192 1.7252 19.4701 1.5423 0.9977
Car 0.0000 0.0000 0.0000 698.0000 146.0000 742.0000 181.0000 1.5977 1.6689 3.7353 5.3432 0.3368 34.9107 1.5708 0.9867
Car 0.0000 0.0000 0.0000 565.0000 181.0000 583.0000 197.0000 1.4781 1.5798 3.8296 -3.2930 2.1028 67.5600 1.5065 0.9865
Car 0.0000 0.0000 0.0000 619.0000 179.0000 643.0000 200.0000 1.5310 1.5436 3.7737 1.6475 1.9377 54.5324 1.5301 0.9823
Car 0.0000 0.0000 0.0000 618.0000 172.0000 639.0000 189.0000 1.5757 1.6443 3.6974 1.8947 1.4407 69.9196 1.5044 0.9712
Car 0.0000 0.0000 0.0000 680.0000 198.0000 699.0000 216.0000 1.4970 1.5988 3.7038 7.5227 3.8212 66.9992 -1.4812 0.9689
