Car 0.0000 0.0000 0.0000 466.0000 193.0000 555.0000 259.0000 1.4840 1.5788 3.4988 -2.5052 2.0207 18.8152 1.5708 0.9999
Car 0.0000 0.0000 0.0000 722.0000 200.0000 987.0000 383.0000 1.4670 1.6194 3.8390 2.4118 1.8325 8.2128 1.5465 0.9999
Car 0.0000 0.0000 0.0000 676.0000 193.0000 702.0000 213.0000 1.4634 1.5928 3.2938 6.3882 2.9641 56.9135 -1.3420 0.9999
Car 0.0000 0.0000 0.0000 560.0000 190.0000 606.0000 232.0000 1.5809 1.6853 4.1213 -1.0443 2.2991 30.3984 1.5708 0.9999
Car 0.0000 0.0000 0.0000 518.0000 180.0000 580.0000 243.0000 1.8970 1.6910 4.3044 -1.9582 2.1288 24.4196 1.5708 0.9998
Car 0.0000 0.0000 0.0000 -635.0000 221.0000 376.0000 886.0000 1.5361 1.6222 3.5300 -2.5869 1.8881 3.6867 1.5434 0.9993
Car 0.0000 0.0000 0.0000 614.0000 188.0000 658.0000 219.0000 1.7840 1.8343 4.4036 1.8157 2.7223 46.0173 -1.3071 0.9986
Car 0.0000 0.0000 0.0000 881.0000 204.0000 2363.0000 1063.0000 1.5233 1.5703 3.4753 2.7534 1.7219 3.1928 1.4704 0.9980
Car 0.0000 0.0000 0.0000 651.0000 188.0000 685.0000 211.0000 1.5063 1.5704 3.7334 4.3016 2.5691 51.7752 -1.2611 0.9879
Car 0.0000 0.0000 0.0000 583.0000 190.0000 616.0000 222.0000 1.5118 1.5777 3.8207 -0.4617 2.3802 37.2507 1.5708 0.9661
