Car 0.0000 0.0000 0.0000 727.0000 184.0000 938.0000 331.0000 1.5733 1.6063 3.5032 2.7094 1.7251 9.6513 1.5334 0.9999
Car 0.0000 0.0000 0.0000 661.0000 183.0000 727.0000 233.0000 1.4866 1.6011 3.5418 2.6644 1.7887 23.4156 1.5361 0.9999
Car 0.0000 0.0000 0.0000 15.0000 179.0000 348.0000 295.0000 1.5831 1.6503 4.0556 -6.3266 1.6830 10.9078 -0.0078 0.9998
Car 0.0000 0.0000 0.0000 133.0000 165.0000 351.0000 263.0000 1.6726 1.5521 3.2269 -6.7168 1.5391 13.3267 -0.0048 0.9996
Car 0.0000 0.0000 0.0000 -238.0000 178.0000 273.0000 338.0000 1.5900 1.6926 4.4595 -6.5095 1.6605 8.2157 0.0060 0.9993
Car 0.0000 0.0000 0.0000 711.0000 174.0000 822.0000 219.0000 1.6720 1.6884 4.0264 6.1359 1.7005 28.4510 0.0362 0.9991
Car 0.0000 0.0000 0.0000 284.0000 184.0000 451.0000 247.0000 1.5117 1.5871 3.7488 -6.1839 1.8045 18.5904 0.0429 0.9988
Car 0.0000 0.0000 0.0000 326.0000 179.0000 479.0000 236.0000 1.5611 1.6314 3.9477 -5.9390 1.7328 20.9137 0.0337 0.9983
Car 0.0000 0.0000 0.0000 191.0000 177.0000 385.0000 256.0000 1.6236 1.6112 3.5798 -7.0636 1.7201 15.9567 0.0586 0.9978
Car 0.0000 0.0000 0.0000 370.0000 176.0000 496.0000 225.0000 1.6354 1.6658 4.0267 -6.2329 1.7397 25.6835 0.0659 0.9977
Car 0.0000 0.0000 0.0000 435.0000 158.0000 527.0000 196.0000 2.0568 1.8167 4.8259 -7.1082 1.2003 40.3130 0.0183 0.9970
Car 0.0000 0.0000 0.0000 628.0000 177.0000 653.0000 196.0000 1.4730 1.6786 3.7200 2.5371 1.7122 57.1320 1.5366 0.9955
Car 0.0000 0.0000 0.0000 348.0000 172.0000 480.0000 226.0000 1.6646 1.6367 3.8344 -6.2972 1.6292 23.4074 0.0632 0.9952
Car 0.0000 0.0000 0.0000 380.0000 174.0000 483.0000 216.0000 1.6049 1.5699 3.6739 -6.9532 1.6116 28.3449 0.0292 0.9937
Car 0.0000 0.0000 0.0000 671.0000 167.0000 740.0000 195.0000 1.6269 1.6679 4.0655 5.8698 1.2376 44.1068 0.0543 0.9860
Car 0.0000 0.0000 0.0000 529.0000 177.0000 558.0000 197.0000 1.4770 1.6162 3.8622 -4.9593 1.6814 55.2728 1.5708 0.9781
Car 0.0000 0.0000 0.0000 408.0000 177.0000 511.0000 216.0000 1.5795 1.6245 3.9897 -6.3310 1.7209 30.6046 0.0916 0.9629
