Car 0.0000 0.0000 0.0000 592.0000 174.0000 652.0000 228.0000 1.4819 1.6245 3.3735 0.2976 1.5099 21.7981 1.5392 0.9999
Car 0.0000 0.0000 0.0000 760.0000 181.0000 921.0000 279.0000 1.5102 1.6270 3.9467 4.0256 1.6517 13.2923 1.5569 0.9998
Car 0.0000 0.0000 0.0000 844.0000 192.0000 1199.0000 377.0000 1.4573 1.6111 3.8536 4.0638 1.7032 7.9755 1.5403 0.9998
Car 0.0000 0.0000 0.0000 722.0000 165.0000 829.0000 248.0000 1.8743 1.7154 3.9079 4.1108 1.6946 18.4884 1.5391 0.9997
Car 0.0000 0.0000 0.0000 261.0000 176.0000 475.0000 280.0000 1.5032 1.5646 3.5844 -4.1559 1.5614 12.1242 0.6060 0.9995
Car 0.0000 0.0000 0.0000 145.0000 176.0000 318.0000 251.0000 1.4459 1.4939 3.4403 -8.0808 1.4996 15.7036 -1.3621 0.9993
Car 0.0000 0.0000 0.0000 399.0000 169.0000 524.0000 224.0000 1.6475 1.5943 3.6015 -4.6969 1.5183 22.8133 0.3997 0.9992
Car 0.0000 0.0000 0.0000 368.0000 169.0000 497.0000 227.0000 1.5219 1.5352 3.4356 -4.9779 1.4023 20.1288 0.5581 0.9977
Car 0.0000 0.0000 0.0000 -176.0000 180.0000 180.0000 311.0000 1.4650 1.6298 3.8012 -8.1013 1.5681 10.0854 1.5708 0.9959
Car 0.0000 0.0000 0.0000 786.0000 166.0000 890.0000 207.0000 1.6293 1.5941 3.8253 9.5542 1.3111 30.1683 -0.1579 0.9949
Car 0.0000 0.0000 0.0000 479.0000 174.0000 552.0000 212.0000 1.5203 1.6494 3.9945 -4.1156 1.5277 31.0898 1.0217 0.9934
Car 0.0000 0.0000 0.0000 -4507.0000 -1496.0000 1591.0000 518.0000 1.7558 1.7224 4.3045 4.0230 1.6781 1.4214 1.5522 0.9928
Car 0.0000 0.0000 0.0000 -175.0000 167.0000 47.0000 256.0000 1.6404 1.7480 4.0367 -14.2562 1.5310 15.5579 1.3384 0.9898
Car 0.0000 0.0000 0.0000 244.0000 169.0000 356.0000 230.0000 1.5147 1.5856 3.8896 -8.4380 1.4145 19.9560 1.5289 0.9896
Car 0.0000 0.0000 0.0000 605.0000 169.0000 640.0000 203.0000 1.5425 1.6314 3.6798 0.6236 1.3459 35.5488 1.5662 0.9869
Car 0.0000 0.0000 0.0000 -2336.0000 187.0000 -156.0000 1344.0000 1.5538 1.6326 3.5838 -4.6154 1.6223 2.8803 0.8737 0.9759
Car 0.0000 0.0000 0.0000 348.0000 155.0000 418.0000 201.0000 1.5065 1.6373 3.8148 -8.0113 0.9133 25.7269 1.4724 0.9753
