Car 0.0000 0.0000 0.0000 341.0000 192.0000 465.0000 267.0000 1.5167 1.5898 3.6350 -4.9357 1.9540 16.8597 0.9245 0.9998
Car 0.0000 0.0000 0.0000 815.0000 174.0000 937.0000 242.0000 1.4811 1.6629 4.1823 6.4380 1.5065 17.9051 1.5708 0.9996
Car 0.0000 0.0000 0.0000 230.0000 188.0000 279.0000 231.0000 1.5650 1.6559 3.8526 -14.3523 2.1391 29.0836 1.1029 0.9993
Car 0.0000 0.0000 0.0000 736.0000 174.0000 806.0000 237.0000 1.5142 1.6464 3.9205 4.2385 1.5427 19.3942 -1.3980 0.9993
Car 0.0000 0.0000 0.0000 466.0000 160.0000 773.0000 318.0000 1.8941 1.7512 4.5581 -0.0676 1.7578 10.7909 0.7305 0.9989
Car 0.0000 0.0000 0.0000 403.0000 180.0000 494.0000 216.0000 1.5997 1.6179 3.7642 -7.3511 1.8720 33.0758 0.0660 0.9987
Car 0.0000 0.0000 0.0000 -19.0000 193.0000 54.0000 227.0000 1.5556 1.6317 4.0644 -30.2965 2.5898 36.9634 1.2247 0.9986
Car 0.0000 0.0000 0.0000 336.0000 181.0000 425.0000 211.0000 1.4911 1.6198 4.1486 -11.9455 1.8941 37.8134 0.0367 0.9962
Car 0.0000 0.0000 0.0000 -328.0000 203.0000 -6.0000 387.0000 1.5583 1.6907 4.1870 -9.1340 1.9891 8.8721 1.0037 0.9959
Car 0.0000 0.0000 0.0000 174.0000 185.0000 204.0000 206.0000 1.5352 1.6918 3.6403 -33.3333 2.4438 57.2152 1.1345 0.9953
Car 0.0000 0.0000 0.0000 202.0000 182.0000 247.0000 218.0000 1.5287 1.6542 4.2110 -18.0221 1.9361 33.8563 1.1373 0.9799
Car 0.0000 0.0000 0.0000 -195.0000 197.0000 -28.0000 303.0000 1.5094 1.6343 3.5417 -12.5844 1.9547 12.7272 0.9150 0.9698
