Car 0.0000 0.0000 0.0000 427.0000 189.0000 488.0000 229.0000 1.5119 1.6701 3.8900 -6.2349 2.1649 29.9987 1.5708 0.9999
Car 0.0000 0.0000 0.0000 117.0000 199.0000 184.0000 233.0000 1.5476 1.6574 3.9916 -23.7830 2.9189 37.5175 1.3607 0.9997
Car 0.0000 0.0000 0.0000 -306.0000 210.0000 196.0000 435.0000 1.4812 1.6048 3.7488 -6.0471 1.9359 7.2065 1.5575 0.9994
Car 0.0000 0.0000 0.0000 456.0000 187.0000 506.0000 220.0000 1.4739 1.6919 3.9792 -6.2515 2.1327 35.4404 1.5708 0.9994
Car 0.0000 0.0000 0.0000 646.0000 177.0000 694.0000 214.0000 1.6046 1.7133 4.1881 2.7907 1.7689 33.6763 1.5298 0.9993
Car 0.0000 0.0000 0.0000 980.0000 196.0000 3681.0000 1533.0000 1.4842 1.5559 3.5202 2.9145 1.6173 2.6587 1.5708 0.9992
Car 0.0000 0.0000 0.0000 215.0000 192.0000 282.0000 226.0000 1.5560 1.7056 4.3820 -18.3972 2.5369 36.9418 1.4593 0.9986
Car 0.0000 0.0000 0.0000 157.0000 199.0000 239.0000 233.0000 1.5246 1.7562 4.2830 -20.9466 2.8747 36.9136 1.5684 0.9985
Car 0.0000 0.0000 0.0000 67.0000 201.0000 149.0000 235.0000 1.5253 1.7246 3.9685 -26.0014 2.9930 37.4989 1.4976 0.9982
Car 0.0000 0.0000 0.0000 814.0000 167.0000 851.0000 186.0000 1.5148 1.6422 3.7657 18.1320 0.9592 58.4378 1.5351 0.9974
Car 0.0000 0.0000 0.0000 -25.0000 208.0000 47.0000 243.0000 1.5735 1.7029 3.8348 -31.2173 3.4424 37.6554 1.2316 0.9966
Car 0.0000 0.0000 0.0000 484.0000 180.0000 528.0000 208.0000 1.6284 1.7136 4.1560 -6.2323 1.9990 43.9383 -1.4794 0.9945
Car 0.0000 0.0000 0.0000 616.0000 176.0000 644.0000 196.0000 1.4758 1.6206 3.8059 1.7040 1.6562 55.9361 -1.4094 0.9755
