Car 0.0000 0.0000 0.0000 382.0000 176.0000 439.0000 217.0000 1.4341 1.5922 3.7633 -7.5075 1.5339 27.4526 1.4293 0.9998
Car 0.0000 0.0000 0.0000 734.0000 173.0000 818.0000 224.0000 1.5318 1.6267 3.6015 5.3870 1.5186 23.7318 1.4716 0.9998
Car 0.0000 0.0000 0.0000 524.0000 174.0000 562.0000 204.0000 1.5299 1.6488 3.7389 -3.6264 1.5684 38.9985 1.3813 0.9996
Car 0.0000 0.0000 0.0000 52.0000 186.0000 197.0000 255.0000 1.6611 1.6683 4.1011 -13.2867 2.0237 20.0155 1.4508 0.9995
Car 0.0000 0.0000 0.0000 1095.0000 -161.0000 5923.0000 2304.0000 1.8560 1.7396 4.3708 3.7136 1.6176 2.8791 -1.2823 0.9995
Car 0.0000 0.0000 0.0000 467.0000 162.0000 532.0000 233.0000 1.8942 1.7073 3.8062 -3.1567 1.5811 21.2196 1.4721 0.9995
Car 0.0000 0.0000 0.0000 190.0000 187.0000 303.0000 247.0000 1.4660 1.6454 4.3593 -10.1108 1.8517 20.3804 1.3972 0.9995
Car 0.0000 0.0000 0.0000 662.0000 172.0000 754.0000 225.0000 1.5221 1.6977 4.1270 3.0424 1.5031 23.0443 1.3927 0.9993
Car 0.0000 0.0000 0.0000 -203.0000 192.0000 3.0000 258.0000 1.5083 1.7309 4.3955 -19.0138 2.0382 19.5880 1.4363 0.9985
Car 0.0000 0.0000 0.0000 567.0000 157.0000 607.0000 190.0000 2.1859 1.9197 5.0755 -1.5625 1.0954 49.9636 1.3776 0.9971
Car 0.0000 0.0000 0.0000 -380.0000 204.0000 -174.0000 272.0000 1.4986 1.5984 3.5112 -23.5031 2.3821 19.2622 1.3849 0.9968
Car 0.0000 0.0000 0.0000 1085.0000 119.0000 1778.0000 333.0000 1.5770 1.6175 3.9120 6.7694 1.1958 6.4333 0.1754 0.9934
Car 0.0000 0.0000 0.0000 805.0000 172.0000 904.0000 222.0000 1.5221 1.5503 3.4549 8.0337 1.4877 23.8905 1.3721 0.9927
Car 0.0000 0.0000 0.0000 865.0000 120.0000 1130.0000 236.0000 2.5658 1.9583 5.9002 9.4223 1.3507 17.5644 -0.2533 0.9917
Car 0.0000 0.0000 0.0000 1137.0000 139.0000 1334.0000 208.0000 2.1386 1.8727 5.1409 21.6703 1.0679 25.2642 1.3819 0.9646
