Car 0.0000 0.0000 0.0000 839.0000 186.0000 1613.0000 581.0000 1.5074 1.6741 4.1773 3.0906 1.6218 4.9511 1.5542 0.9997
Car 0.0000 0.0000 0.0000 633.0000 184.0000 677.0000 218.0000 1.4512 1.5959 3.6147 2.1165 1.9690 34.3452 1.4965 0.9997
Car 0.0000 0.0000 0.0000 475.0000 190.0000 510.0000 222.0000 1.5184 1.6210 3.5620 -5.9796 2.3453 36.7009 1.3653 0.9997
Car 0.0000 0.0000 0.0000 605.0000 184.0000 643.0000 212.0000 1.5099 1.5814 3.8144 0.8268 2.0688 41.1535 1.4279 0.9996
Car 0.0000 0.0000 0.0000 577.0000 184.0000 605.0000 207.0000 1.5965 1.7016 3.9791 -1.3489 2.3534 53.3045 1.4479 0.9994
Car 0.0000 0.0000 0.0000 557.0000 185.0000 578.0000 203.0000 1.4594 1.5916 3.7299 -3.6278 2.4801 63.3146 1.4325 0.9994
Car 0.0000 0.0000 0.0000 674.0000 172.0000 764.0000 246.0000 1.8272 1.7152 4.3117 2.9215 1.7938 20.0393 1.5452 0.9993
Car 0.0000 0.0000 0.0000 663.0000 183.0000 723.0000 231.0000 1.5056 1.5635 3.7733 2.8587 1.8569 25.3768 1.5458 0.9986
Car 0.0000 0.0000 0.0000 628.0000 175.0000 651.0000 196.0000 1.4824 1.6811 4.0161 2.3165 1.5746 54.2455 1.5708 0.9969
Car 0.0000 0.0000 0.0000 695.0000 88.0000 902.0000 283.0000 2.6930 2.0412 5.7523 2.9553 1.5269 12.8768 1.5518 0.9937
Car 0.0000 0.0000 0.0000 -27376.0000 225.0000 22.0000 10183.0000 1.5650 1.8109 3.9975 -4.3229 1.8519 2.1317 1.5670 0.9808
Car 0.0000 0.0000 0.0000 449.0000 184.0000 473.0000 199.0000 1.4919 1.6191 3.6894 -14.5511 2.4485 71.3091 1.5708 0.9773
