Car 0.0000 0.0000 0.0000 798.0000 192.0000 1194.0000 424.0000 1.4701 1.6286 3.7007 3.0461 1.6817 6.6809 1.5590 0.9997
Car 0.0000 0.0000 0.0000 647.0000 187.0000 715.0000 231.0000 1.5342 1.6117 3.6899 2.7289 2.0839 28.1517 1.3656 0.9997
Car 0.0000 0.0000 0.0000 591.0000 189.0000 631.0000 217.0000 1.4905 1.5606 3.5018 0.0806 2.4249 42.6828 1.3388 0.9996
Car 0.0000 0.0000 0.0000 -156.0000 212.0000 363.0000 497.0000 1.4980 1.7491 3.8408 -3.7024 1.9231 6.1800 1.5708 0.9995
Car 0.0000 0.0000 0.0000 802.0000 178.0000 942.0000 236.0000 1.5273 1.5812 3.5355 7.2955 1.6476 20.2736 0.3082 0.9987
Car 0.0000 0.0000 0.0000 545.0000 187.0000 597.0000 209.0000 1.6098 1.6244 4.0168 -3.0027 2.7066 58.1658 -0.7444 0.9970
Car 0.0000 0.0000 0.0000 1157.0000 139.0000 1478.0000 247.0000 1.8685 1.7016 4.0495 13.0546 1.2883 13.5478 0.1536 0.9892
Car 0.0000 0.0000 0.0000 978.0000 174.0000 1154.0000 236.0000 1.5630 1.5736 3.6169 12.0700 1.5905 19.2308 0.1428 0.9842
Car 0.0000 0.0000 0.0000 -4814.0000 -2211.0000 1408.0000 525.0000 1.4657 1.6227 4.0282 3.0080 1.6949 1.4955 1.5708 0.9794
Car 0.0000 0.0000 0.0000 627.0000 182.0000 659.0000 204.0000 1.5726 1.5667 3.7501 2.6384 2.2081 54.6176 -1.2832 0.9603
