Car 0.0000 0.0000 0.0000 782.0000 199.0000 1100.0000 390.0000 1.4695 1.6251 4.0104 3.2251 1.8147 8.0242 1.5563 0.9999
Car 0.0000 0.0000 0.0000 560.0000 186.0000 615.0000 237.0000 1.5361 1.6908 3.7166 -0.6890 1.9475 23.9182 1.5674 0.9998
Car 0.0000 0.0000 0.0000 324.0000 183.0000 471.0000 240.0000 1.5019 1.5994 3.7361 -5.9738 1.7757 20.3259 0.3070 0.9997
Car 0.0000 0.0000 0.0000 295.0000 188.0000 353.0000 218.0000 1.4389 1.6172 3.6832 -15.1853 2.2395 38.5499 1.5708 0.9995
Car 0.0000 0.0000 0.0000 643.0000 167.0000 712.0000 235.0000 2.4720 1.9961 5.2288 2.6139 2.2388 28.8155 1.5187 0.9987
Car 0.0000 0.0000 0.0000 537.0000 185.0000 579.0000 214.0000 1.4923 1.6562 3.8333 -2.8250 2.1409 40.5757 -1.4605 0.9981
Car 0.0000 0.0000 0.0000 393.0000 167.0000 451.0000 210.0000 2.0505 1.9530 4.7738 -9.5211 1.7364 36.9521 1.5162 0.9980
Car 0.0000 0.0000 0.0000 582.0000 184.0000 631.0000 221.0000 1.5614 1.6409 4.0401 -0.0530 2.0377 32.8389 -1.4332 0.9968
Car 0.0000 0.0000 0.0000 -435.0000 197.0000 53.0000 607.0000 1.4950 1.5363 3.4047 -4.9650 1.6619 4.3333 0.6138 0.9932
Car 0.0000 0.0000 0.0000 -866.0000 196.0000 -311.0000 340.0000 1.4431 1.5701 3.4015 -15.0449 1.7787 9.3924 1.5708 0.9864
Car 0.0000 0.0000 0.0000 422.0000 183.0000 519.0000 220.0000 1.5458 1.6189 3.9059 -6.0832 1.9528 31.6666 0.2741 0.9857
Car 0.0000 0.0000 0.0000 444.0000 186.0000 525.0000 221.0000 1.6019 1.5836 3.4879 -5.9549 2.2141 34.4615 0.2936 0.9841
Car 0.0000 0.0000 0.0000 618.0000 187.0000 638.0000 205.0000 1.4932 1.6361 3.8896 1.7495 2.7176 65.2656 1.5438 0.9815
Car 0.0000 0.0000 0.0000 -192.0000 193.0000 -19.0000 243.0000 1.4477 1.5935 3.9977 -23.5934 2.1091 23.9408 1.5708 0.9685
Car 0.0000 0.0000 0.0000 -2104.0000 221.0000 -349.0000 678.0000 1.3988 1.5433 3.6417 -9.0987 1.8048 4.4364 1.4997 0.9649
