Car 0.0000 0.0000 0.0000 631.0000 190.0000 674.0000 226.0000 1.5205 1.6500 3.5935 2.0150 2.3276 34.2519 1.5222 0.9999
Car 0.0000 0.0000 0.0000 572.0000 189.0000 631.0000 245.0000 1.5519 1.6777 3.4508 -0.2194 2.0504 22.3650 1.5708 0.9999
Car 0.0000 0.0000 0.0000 317.0000 194.0000 507.0000 331.0000 1.4345 1.5898 3.5464 -2.4818 1.7487 9.7652 1.5708 0.9999
Car 0.0000 0.0000 0.0000 428.0000 185.0000 524.0000 265.0000 1.4347 1.5942 3.5825 -2.6988 1.6850 15.0789 1.4917 0.9998
Car 0.0000 0.0000 0.0000 90.0000 189.0000 208.0000 237.0000 1.4194 1.6027 3.7360 -15.3624 1.9504 24.2217 1.5637 0.9997
Car 0.0000 0.0000 0.0000 682.0000 189.0000 785.0000 268.0000 1.5074 1.5818 3.4816 2.6489 1.8848 16.2319 1.5330 0.9997
Car 0.0000 0.0000 0.0000 712.0000 192.0000 912.0000 328.0000 1.4693 1.6421 3.9613 2.5769 1.7717 10.2319 1.5494 0.9996
Car 0.0000 0.0000 0.0000 789.0000 200.0000 1336.0000 544.0000 1.5312 1.6279 3.7617 2.6258 1.7873 5.3577 1.5527 0.9996
Car 0.0000 0.0000 0.0000 246.0000 187.0000 312.0000 222.0000 1.4869 1.5960 3.7905 -15.4986 2.1478 33.9809 1.4933 0.9996
Car 0.0000 0.0000 0.0000 126.0000 195.0000 328.0000 299.0000 1.4109 1.5852 3.8017 -6.5178 1.8000 12.0529 0.6665 0.9992
Car 0.0000 0.0000 0.0000 458.0000 186.0000 531.0000 247.0000 1.4795 1.5504 3.4078 -3.1074 1.8427 19.9342 1.5400 0.9991
Car 0.0000 0.0000 0.0000 535.0000 185.0000 570.0000 213.0000 1.5099 1.6931 4.1665 -3.3161 2.2195 43.1107 1.5708 0.9988
Car 0.0000 0.0000 0.0000 346.0000 186.0000 466.0000 241.0000 1.5084 1.6153 3.7943 -6.2561 1.8907 21.9227 0.6905 0.9941
Car 0.0000 0.0000 0.0000 579.0000 182.0000 617.0000 215.0000 1.4508 1.6187 3.8487 -0.5783 1.8531 34.1719 1.5069 0.9932
Car 0.0000 0.0000 0.0000 479.0000 182.0000 535.0000 203.0000 1.5549 1.5865 3.8895 -7.5871 2.1388 53.5812 0.4165 0.9630
