Car 0.0000 0.0000 0.0000 538.0000 179.0000 721.0000 287.0000 1.7571 1.8296 4.6759 0.5950 1.8712 14.3029 -1.1086 0.9997
Car 0.0000 0.0000 0.0000 240.0000 190.0000 425.0000 260.0000 1.5292 1.7551 4.3117 -7.0517 1.9831 18.7310 -1.0305 0.9995
Car 0.0000 0.0000 0.0000 834.0000 174.0000 915.0000 239.0000 1.4807 1.6025 3.5525 6.8520 1.5032 18.4734 -1.1226 0.9995
Car 0.0000 0.0000 0.0000 992.0000 164.0000 1150.0000 294.0000 1.6082 1.6826 3.8807 6.8142 1.4979 11.0273 -1.0884 0.9993
Car 0.0000 0.0000 0.0000 412.0000 188.0000 593.0000 274.0000 1.5771 1.7011 4.1077 -2.2143 1.9199 15.8695 -1.0193 0.9989
Car 0.0000 0.0000 0.0000 1717.0000 140.0000 2490.0000 341.0000 1.6205 1.6907 3.7884 15.2231 1.3593 7.8801 -1.1081 0.9987
Car 0.0000 0.0000 0.0000 1117.0000 146.0000 1193.0000 207.0000 2.6017 2.0951 5.4770 25.4366 1.4241 33.4358 -0.7944 0.9983
Car 0.0000 0.0000 0.0000 157.0000 194.0000 301.0000 252.0000 1.4592 1.5828 3.4580 -11.0171 2.0880 21.0581 -1.1421 0.9983
Car 0.0000 0.0000 0.0000 2175.0000 155.0000 3494.0000 400.0000 1.4738 1.6038 3.4800 17.4447 1.3691 6.2135 -1.0288 0.9849
Car 0.0000 0.0000 0.0000 -208.0000 213.0000 -75.0000 280.0000 1.5889 1.6399 4.0650 -21.1228 2.7377 20.1796 0.5166 0.9786
