Car 0.0000 0.0000 0.0000 124.0000 191.0000 377.0000 325.0000 1.4390 1.6639 3.8462 -4.7044 1.7099 10.0476 1.5526 0.9998
Car 0.0000 0.0000 0.0000 579.0000 173.0000 639.0000 230.0000 1.6749 1.7704 3.2219 -0.0579 1.6778 22.9733 1.5478 0.9998
Car 0.0000 0.0000 0.0000 493.0000 173.0000 540.0000 211.0000 1.5503 1.6430 3.8538 -4.0701 1.5356 32.0358 1.5608 0.9996
Car 0.0000 0.0000 0.0000 -318.0000 195.0000 137.0000 357.0000 1.4786 1.6946 4.2845 -8.3091 1.8040 9.1966 1.5631 0.9992
Car 0.0000 0.0000 0.0000 284.0000 177.0000 384.0000 231.0000 1.4900 1.6581 4.2567 -8.4583 1.6031 22.4471 1.5227 0.9992
Car 0.0000 0.0000 0.0000 391.0000 137.0000 503.0000 248.0000 2.7165 2.0180 5.3651 -4.3980 1.8247 20.4373 1.5582 0.9968
Car 0.0000 0.0000 0.0000 -352.0000 188.0000 -22.0000 298.0000 1.4637 1.6046 3.6525 -12.7095 1.7154 11.8333 1.4711 0.9966
Car 0.0000 0.0000 0.0000 267.0000 177.0000 343.0000 213.0000 1.4774 1.6646 3.8352 -13.0770 1.6038 31.1552 1.5708 0.9959
Car 0.0000 0.0000 0.0000 364.0000 174.0000 418.0000 213.0000 1.4989 1.6046 3.8435 -8.9075 1.5113 29.6415 1.4116 0.9940
Car 0.0000 0.0000 0.0000 574.0000 174.0000 615.0000 210.0000 1.4937 1.6055 3.7230 -0.7081 1.5173 32.5474 1.4910 0.9925
Car 0.0000 0.0000 0.0000 514.0000 174.0000 544.0000 200.0000 1.5061 1.5887 3.8665 -4.8940 1.5561 44.6142 1.5228 0.9801
