Car 0.0000 0.0000 0.0000 728.0000 189.0000 895.0000 294.0000 1.4639 1.6601 3.9933 3.2653 1.7623 12.5195 1.5443 0.9999
Car 0.0000 0.0000 0.0000 569.0000 179.0000 624.0000 229.0000 1.5003 1.6515 3.6673 -0.3920 1.6761 23.7318 1.5704 0.9998
Car 0.0000 0.0000 0.0000 389.0000 174.0000 508.0000 222.0000 1.5949 1.6150 3.6901 -5.5769 1.6064 25.0241 0.3076 0.9998
Car 0.0000 0.0000 0.0000 -362.0000 187.0000 59.0000 341.0000 1.4811 1.6023 3.6055 -9.0863 1.6790 9.0606 1.5229 0.9996
Car 0.0000 0.0000 0.0000 650.0000 160.0000 709.0000 222.0000 2.5979 2.0120 5.3173 3.1314 2.0378 33.0513 1.5401 0.9995
Car 0.0000 0.0000 0.0000 -36.0000 181.0000 79.0000 222.0000 1.4763 1.5871 3.9143 -23.3803 1.7851 28.7928 1.5234 0.9995
Car 0.0000 0.0000 0.0000 590.0000 174.0000 629.0000 212.0000 1.5897 1.6567 4.0046 0.0469 1.6244 32.7890 1.5708 0.9995
Car 0.0000 0.0000 0.0000 76.0000 184.0000 360.0000 336.0000 1.5055 1.6004 3.7298 -4.9875 1.6473 8.9450 0.6098 0.9993
Car 0.0000 0.0000 0.0000 -342.0000 186.0000 -38.0000 278.0000 1.4804 1.6027 3.7611 -14.9345 1.7259 13.7556 1.5708 0.9992
Car 0.0000 0.0000 0.0000 554.0000 179.0000 582.0000 204.0000 1.4419 1.6681 3.8021 -2.5196 1.7872 45.1014 1.5376 0.9986
Car 0.0000 0.0000 0.0000 -2570.0000 201.0000 -193.0000 1331.0000 1.5050 1.5700 3.5418 -5.0053 1.6687 2.9157 0.9386 0.9982
Car 0.0000 0.0000 0.0000 337.0000 179.0000 383.0000 207.0000 1.6062 1.6480 3.7776 -14.7660 1.8966 42.8873 1.5209 0.9982
Car 0.0000 0.0000 0.0000 430.0000 155.0000 476.0000 186.0000 1.6789 1.7049 3.9759 -8.9112 0.6825 41.4041 1.5708 0.9923
Car 0.0000 0.0000 0.0000 458.0000 177.0000 538.0000 208.0000 1.5036 1.5818 3.6617 -5.5886 1.6585 36.2399 0.4143 0.9917
Car 0.0000 0.0000 0.0000 -135.0000 176.0000 -2.0000 217.0000 1.4360 1.5621 3.7796 -26.0817 1.5415 27.8450 1.5708 0.9763
Car 0.0000 0.0000 0.0000 624.0000 180.0000 643.0000 196.0000 1.4829 1.6487 4.0044 2.3819 2.0856 69.7055 1.5670 0.9758
