Car 0.0000 0.0000 0.0000 752.0000 183.0000 954.0000 321.0000 1.5586 1.6092 3.3041 3.1087 1.7020 9.9455 1.5570 0.9999
Car 0.0000 0.0000 0.0000 701.0000 178.0000 828.0000 268.0000 1.5725 1.6401 4.1451 2.9706 1.6609 14.7405 1.5574 0.9998
Car 0.0000 0.0000 0.0000 242.0000 196.0000 439.0000 323.0000 1.3994 1.5240 3.5517 -3.6133 1.7567 10.2330 1.5503 0.9998
Car 0.0000 0.0000 0.0000 635.0000 169.0000 658.0000 188.0000 1.6038 1.7002 3.4722 3.3005 1.2291 63.4811 1.5363 0.9991
Car 0.0000 0.0000 0.0000 363.0000 159.0000 496.0000 275.0000 2.1172 1.7673 4.4975 -3.6960 1.8644 15.5378 1.5614 0.9990
Car 0.0000 0.0000 0.0000 721.0000 160.0000 789.0000 207.0000 1.5676 1.6895 3.8695 5.3868 1.1207 26.2473 -1.1767 0.9983
Car 0.0000 0.0000 0.0000 608.0000 170.0000 641.0000 200.0000 1.8056 1.7077 3.9037 0.9638 1.5980 45.8995 1.4897 0.9983
Car 0.0000 0.0000 0.0000 699.0000 179.0000 760.0000 235.0000 1.5071 1.5992 3.3888 3.4343 1.6601 21.0354 -1.4480 0.9982
Car 0.0000 0.0000 0.0000 564.0000 167.0000 588.0000 188.0000 1.4804 1.6483 3.7581 -2.3976 1.0028 52.6123 1.5092 0.9982
Car 0.0000 0.0000 0.0000 1235.0000 159.0000 1966.0000 377.0000 1.5502 1.6063 3.9892 7.9353 1.4638 6.0688 -0.0168 0.9963
Car 0.0000 0.0000 0.0000 499.0000 178.0000 532.0000 202.0000 1.4868 1.6813 4.2693 -5.9044 1.7235 45.7759 1.5297 0.9960
Car 0.0000 0.0000 0.0000 360.0000 178.0000 401.0000 202.0000 1.4571 1.6084 3.8122 -14.6326 1.7036 46.2619 1.5076 0.9838
Car 0.0000 0.0000 0.0000 689.0000 189.0000 714.0000 212.0000 1.5049 1.5674 3.8038 6.4043 2.5570 49.7393 -1.4772 0.9828
Car 0.0000 0.0000 0.0000 778.0000 157.0000 882.0000 203.0000 2.4572 1.9100 5.1731 12.2580 1.5840 40.1523 0.0071 0.9823
Car 0.0000 0.0000 0.0000 766.0000 172.0000 862.0000 212.0000 1.6019 1.5815 3.8024 8.6378 1.5218 30.2823 -0.4772 0.9773
