Car 0.0000 0.0000 0.0000 400.0000 187.0000 517.0000 265.0000 1.5177 1.6528 3.8701 -3.3061 1.8357 16.3943 1.5708 0.9999
Car 0.0000 0.0000 0.0000 741.0000 183.0000 865.0000 267.0000 1.5517 1.6258 3.7243 3.9930 1.7720 15.5027 1.5642 0.9999
Car 0.0000 0.0000 0.0000 788.0000 186.0000 1003.0000 322.0000 1.5414 1.6219 3.3183 3.7479 1.7355 10.1194 1.5436 0.9999
Car 0.0000 0.0000 0.0000 465.0000 185.0000 544.0000 241.0000 1.5200 1.5830 3.4654 -3.1102 1.8883 21.8729 -1.4739 0.9998
Car 0.0000 0.0000 0.0000 -723.0000 213.0000 295.0000 702.0000 1.4756 1.7230 3.9627 -3.7482 1.8192 4.4404 1.5708 0.9997
Car 0.0000 0.0000 0.0000 561.0000 183.0000 615.0000 215.0000 1.4760 1.6199 3.7697 -0.9879 1.9533 36.2416 -1.2791 0.9996
Car 0.0000 0.0000 0.0000 513.0000 183.0000 564.0000 224.0000 1.5275 1.6289 3.9013 -2.8160 1.9113 29.2470 1.5708 0.9995
Car 0.0000 0.0000 0.0000 708.0000 182.0000 788.0000 236.0000 1.4944 1.6634 4.1190 4.2151 1.7658 22.4684 1.5686 0.9991
Car 0.0000 0.0000 0.0000 704.0000 181.0000 750.0000 220.0000 1.5064 1.6548 3.7087 4.7971 1.8034 29.7244 -1.4683 0.9987
Car 0.0000 0.0000 0.0000 658.0000 178.0000 687.0000 204.0000 1.6238 1.7849 3.9092 4.1432 1.8743 46.5939 -1.4712 0.9966
Car 0.0000 0.0000 0.0000 315.0000 186.0000 345.0000 204.0000 1.6217 1.7911 4.0352 -27.1536 2.8307 70.2438 1.4539 0.9925
