Car 0.0000 0.0000 0.0000 450.0000 188.0000 578.0000 269.0000 1.4770 1.5685 3.4794 -2.1780 1.8018 15.4537 1.0755 0.9999
Car 0.0000 0.0000 0.0000 345.0000 185.0000 402.0000 227.0000 1.5219 1.6130 3.7222 -9.5924 1.9908 29.0942 1.1022 0.9998
Car 0.0000 0.0000 0.0000 585.0000 168.0000 942.0000 360.0000 1.7296 1.6822 4.3084 1.5051 1.7014 8.7494 1.0048 0.9997
Car 0.0000 0.0000 0.0000 -264.0000 209.0000 60.0000 404.0000 1.4876 1.6101 3.9410 -7.7090 1.9745 8.2348 1.0742 0.9996
Car 0.0000 0.0000 0.0000 1001.0000 169.0000 1166.0000 258.0000 1.5126 1.6276 3.8679 9.1959 1.4430 14.3418 -1.2949 0.9994
Car 0.0000 0.0000 0.0000 890.0000 166.0000 987.0000 241.0000 1.4956 1.6187 3.7994 7.3869 1.3603 16.4870 -1.2424 0.9991
Car 0.0000 0.0000 0.0000 144.0000 190.0000 196.0000 220.0000 1.5387 1.6520 3.8073 -23.8859 2.4147 39.2755 1.2288 0.9986
Car 0.0000 0.0000 0.0000 -65.0000 200.0000 98.0000 311.0000 1.5180 1.5907 3.6638 -10.1303 2.0275 12.5198 1.0531 0.9975
Car 0.0000 0.0000 0.0000 331.0000 181.0000 371.0000 217.0000 1.5650 1.6479 4.0179 -12.2882 1.9028 34.1339 1.1902 0.9958
Car 0.0000 0.0000 0.0000 528.0000 173.0000 616.0000 213.0000 1.7100 1.6124 3.5967 -1.6051 1.6907 31.7402 0.1615 0.9955
Car 0.0000 0.0000 0.0000 446.0000 173.0000 532.0000 204.0000 1.5292 1.6402 4.1004 -6.2147 1.5136 37.4606 0.1675 0.9910
Car 0.0000 0.0000 0.0000 311.0000 182.0000 334.0000 201.0000 1.5140 1.6704 3.6925 -23.8253 2.2010 60.0078 1.2038 0.9895
Car 0.0000 0.0000 0.0000 511.0000 174.0000 599.0000 209.0000 1.6346 1.6402 4.0309 -2.5676 1.6470 34.7397 0.0401 0.9888
