Car 0.0000 0.0000 0.0000 582.0000 182.0000 664.0000 258.0000 1.5512 1.6797 3.5098 0.2376 1.7459 16.7748 1.5559 0.9997
Car 0.0000 0.0000 0.0000 776.0000 150.0000 1045.0000 328.0000 1.9844 1.7779 4.6985 4.4620 1.7240 10.3073 -0.7560 0.9994
Car 0.0000 0.0000 0.0000 1101.0000 180.0000 1245.0000 224.0000 1.4860 1.6007 3.9294 20.1847 1.7202 25.8731 -0.0096 0.9994
Car 0.0000 0.0000 0.0000 703.0000 167.0000 842.0000 236.0000 1.5134 1.6903 4.1117 4.1141 1.3614 17.7926 -0.8903 0.9992
Car 0.0000 0.0000 0.0000 426.0000 182.0000 468.0000 206.0000 1.4702 1.6468 4.0052 -10.2244 1.9609 45.7282 1.5708 0.9991
Car 0.0000 0.0000 0.0000 -527.0000 190.0000 -348.0000 262.0000 1.6931 1.7600 4.1104 -28.0940 2.1520 19.4674 0.8578 0.9976
Car 0.0000 0.0000 0.0000 311.0000 186.0000 386.0000 227.0000 1.5007 1.6532 3.9718 -10.6352 2.0314 29.6141 1.5692 0.9950
Car 0.0000 0.0000 0.0000 654.0000 171.0000 721.0000 198.0000 1.6473 1.6713 4.2731 5.0741 1.4840 46.2237 -0.6578 0.9944
Car 0.0000 0.0000 0.0000 670.0000 164.0000 735.0000 198.0000 1.5770 1.6920 4.0480 4.6878 1.1323 35.5036 -1.0297 0.9927
Car 0.0000 0.0000 0.0000 607.0000 166.0000 627.0000 184.0000 1.5732 1.7083 3.8295 0.7568 0.9039 64.5552 1.5708 0.9804
Car 0.0000 0.0000 0.0000 -135.0000 113.0000 291.0000 360.0000 2.6946 2.0733 6.0244 -7.2018 2.0522 10.9136 1.5611 0.9772
