Car 0.0000 0.0000 0.0000 733.0000 180.0000 915.0000 264.0000 1.6429 1.6969 4.3796 4.9490 1.8042 16.3937 -0.6495 0.9999
Car 0.0000 0.0000 0.0000 360.0000 192.0000 449.0000 245.0000 1.5149 1.7291 4.0464 -6.6613 2.1687 23.8181 1.5708 0.9998
Car 0.0000 0.0000 0.0000 283.0000 191.0000 380.0000 239.0000 1.5578 1.7876 4.2212 -10.2064 2.2420 26.7810 1.5708 0.9997
Car 0.0000 0.0000 0.0000 599.0000 185.0000 674.0000 256.0000 1.5406 1.6575 3.6485 0.5795 1.8423 18.0207 1.5640 0.9997
Car 0.0000 0.0000 0.0000 137.0000 191.0000 251.0000 238.0000 1.4901 1.6200 3.6832 -14.7117 2.1199 25.7293 -1.4451 0.9995
Car 0.0000 0.0000 0.0000 664.0000 181.0000 754.0000 218.0000 1.6129 1.6265 4.0475 4.7068 1.9502 33.7495 -0.5698 0.9991
Car 0.0000 0.0000 0.0000 690.0000 180.0000 785.0000 223.0000 1.4915 1.6947 4.0021 4.9430 1.7399 27.4473 -0.8470 0.9987
Car 0.0000 0.0000 0.0000 -316.0000 206.0000 65.0000 339.0000 1.4390 1.6077 4.0244 -10.4432 1.9928 10.7047 1.5601 0.9987
Car 0.0000 0.0000 0.0000 431.0000 186.0000 475.0000 214.0000 1.5463 1.6538 4.1469 -9.3712 2.3212 43.6704 1.5708 0.9985
Car 0.0000 0.0000 0.0000 365.0000 179.0000 415.0000 212.0000 1.4591 1.6101 3.8733 -10.2551 1.6915 33.9519 1.4461 0.9963
Car 0.0000 0.0000 0.0000 502.0000 188.0000 539.0000 216.0000 1.5020 1.5944 3.8658 -5.0447 2.3233 41.6423 1.5708 0.9960
Car 0.0000 0.0000 0.0000 554.0000 183.0000 579.0000 202.0000 1.4515 1.6196 3.8653 -3.3610 2.2120 57.9046 1.5708 0.9881
Car 0.0000 0.0000 0.0000 588.0000 185.0000 611.0000 206.0000 1.4598 1.5818 3.8409 -0.6470 2.2934 53.3500 1.5708 0.9772
Car 0.0000 0.0000 0.0000 -1701.0000 -271.0000 4590.0000 1684.0000 1.4676 1.6058 4.2167 5.5031 1.4364 -0.7883 1.0814 0.9657
