Car 0.0000 0.0000 0.0000 345.0000 182.0000 497.0000 289.0000 1.6071 1.7263 4.2469 -3.2485 1.7683 13.1455 1.5512 0.9999
Car 0.0000 0.0000 0.0000 261.0000 184.0000 369.0000 242.0000 1.4416 1.6341 3.5321 -8.2059 1.7520 20.3480 1.5572 0.9998
Car 0.0000 0.0000 0.0000 467.0000 177.0000 525.0000 221.0000 1.5167 1.7033 3.7826 -4.1466 1.6428 26.8034 1.5283 0.9998
Car 0.0000 0.0000 0.0000 -138.0000 179.0000 204.0000 326.0000 1.6551 1.7584 3.9231 -7.7391 1.7399 10.1950 1.5507 0.9996
Car 0.0000 0.0000 0.0000 561.0000 175.0000 611.0000 222.0000 1.6698 1.7611 3.7417 -0.9596 1.7389 27.9447 1.5018 0.9996
Car 0.0000 0.0000 0.0000 95.0000 180.0000 233.0000 237.0000 1.4794 1.6451 4.0032 -12.8188 1.6566 21.0138 1.5424 0.9996
Car 0.0000 0.0000 0.0000 514.0000 170.0000 548.0000 199.0000 1.4723 1.5812 3.8943 -4.1778 1.3020 38.8017 1.5210 0.9995
Car 0.0000 0.0000 0.0000 238.0000 183.0000 323.0000 225.0000 1.4835 1.6703 3.8898 -12.7081 1.8452 28.0531 1.5333 0.9984
Car 0.0000 0.0000 0.0000 393.0000 174.0000 450.0000 208.0000 1.4605 1.6426 3.7994 -8.4535 1.4780 32.7463 1.5631 0.9971
Car 0.0000 0.0000 0.0000 346.0000 179.0000 396.0000 222.0000 1.4709 1.5774 3.6266 -8.9010 1.6583 26.7416 1.2023 0.9944
