Car 0.0000 0.0000 0.0000 470.0000 188.0000 522.0000 228.0000 1.5772 1.7058 3.9745 -4.9159 2.2351 31.7791 1.5658 0.9999
Car 0.0000 0.0000 0.0000 704.0000 186.0000 841.0000 289.0000 1.5020 1.5703 3.3608 2.6577 1.7388 12.5515 1.5570 0.9999
Car 0.0000 0.0000 0.0000 86.0000 209.0000 380.0000 382.0000 1.4622 1.6081 3.6884 -4.1814 1.9704 8.6315 1.5661 0.9998
Car 0.0000 0.0000 0.0000 651.0000 181.0000 707.0000 223.0000 1.5335 1.6372 3.6514 2.6646 1.8104 28.2398 1.5266 0.9998
Car 0.0000 0.0000 0.0000 517.0000 186.0000 546.0000 210.0000 1.4999 1.6222 3.9302 -5.0473 2.2971 47.4486 1.5219 0.9998
Car 0.0000 0.0000 0.0000 364.0000 189.0000 480.0000 273.0000 1.7514 1.7922 4.1481 -4.4325 2.1494 17.5946 1.5631 0.9997
Car 0.0000 0.0000 0.0000 546.0000 188.0000 566.0000 205.0000 1.4557 1.6264 3.8314 -4.8357 2.7816 66.1938 1.5487 0.9996
Car 0.0000 0.0000 0.0000 633.0000 180.0000 653.0000 196.0000 1.4916 1.6352 3.7987 3.2615 2.0500 68.3611 1.5633 0.9994
Car 0.0000 0.0000 0.0000 970.0000 194.0000 6843.0000 2938.0000 1.5524 1.6011 3.7330 2.8510 1.6647 2.2944 1.5708 0.9989
Car 0.0000 0.0000 0.0000 659.0000 166.0000 691.0000 189.0000 1.5420 1.6148 3.6023 4.6205 1.0479 50.6047 1.4943 0.9837
Car 0.0000 0.0000 0.0000 697.0000 176.0000 723.0000 199.0000 1.4545 1.6048 3.7393 6.5678 1.5759 46.7003 -1.4265 0.9828
