Car 0.0000 0.0000 0.0000 -179.0000 204.0000 290.0000 432.0000 1.4303 1.6216 3.9388 -4.7786 1.7993 6.9894 1.5394 0.9999
Car 0.0000 0.0000 0.0000 362.0000 186.0000 469.0000 254.0000 1.4479 1.6273 4.0525 -4.6942 1.7604 17.9034 1.5502 0.9999
Car 0.0000 0.0000 0.0000 828.0000 189.0000 1172.0000 384.0000 1.4982 1.6201 3.5102 3.6508 1.6899 7.5495 1.5492 0.9999
Car 0.0000 0.0000 0.0000 496.0000 181.0000 539.0000 215.0000 1.5266 1.5702 3.4603 -4.2626 1.8497 33.9022 1.5708 0.9998
Car 0.0000 0.0000 0.0000 242.0000 194.0000 417.0000 299.0000 1.4619 1.6222 3.8288 -4.6844 1.8538 12.5792 1.5541 0.9997
Car 0.0000 0.0000 0.0000 739.0000 185.0000 906.0000 289.0000 1.5123 1.6589 4.0677 3.5548 1.7362 12.8624 1.5418 0.9996
Car 0.0000 0.0000 0.0000 711.0000 179.0000 809.0000 247.0000 1.5085 1.6136 3.9053 3.6230 1.6376 18.0496 1.5708 0.9994
Car 0.0000 0.0000 0.0000 700.0000 180.0000 766.0000 231.0000 1.5133 1.5795 3.6580 3.9482 1.7225 23.5245 1.5708 0.9991
Car 0.0000 0.0000 0.0000 687.0000 179.0000 743.0000 221.0000 1.5518 1.6229 3.8076 4.1619 1.7506 28.8022 1.5672 0.9988
Car 0.0000 0.0000 0.0000 516.0000 177.0000 554.0000 207.0000 1.4847 1.5920 3.6727 -3.9128 1.6782 38.6429 1.5708 0.9983
Car 0.0000 0.0000 0.0000 1121.0000 204.0000 14089.0000 5031.0000 1.4696 1.5804 3.8034 3.6278 1.6317 2.1423 1.5708 0.9937
Car 0.0000 0.0000 0.0000 517.0000 161.0000 540.0000 183.0000 1.6528 1.7233 4.0140 -6.2731 0.7037 56.1599 1.4441 0.9603
