Car 0.0000 0.0000 0.0000 629.0000 185.0000 692.0000 233.0000 1.4551 1.6461 4.1763 1.6427 1.8434 24.3324 1.5280 0.9998
Car 0.0000 0.0000 0.0000 235.0000 184.0000 416.0000 248.0000 1.4933 1.6104 3.9728 -7.1455 1.7842 18.3221 0.0060 0.9996
Car 0.0000 0.0000 0.0000 -507.0000 119.0000 146.0000 362.0000 2.0203 1.7688 4.3657 -7.3402 1.5744 7.0329 -0.0310 0.9994
Car 0.0000 0.0000 0.0000 818.0000 167.0000 1110.0000 287.0000 1.6266 1.5968 3.6145 5.1894 1.5543 10.8745 -0.0412 0.9990
Car 0.0000 0.0000 0.0000 615.0000 178.0000 649.0000 208.0000 1.5584 1.6224 3.6838 1.2294 1.7929 39.4102 1.5460 0.9983
Car 0.0000 0.0000 0.0000 856.0000 170.0000 1264.0000 318.0000 1.5450 1.6022 3.8550 5.1134 1.5298 8.5655 -0.0193 0.9981
Car 0.0000 0.0000 0.0000 295.0000 183.0000 440.0000 240.0000 1.5868 1.5948 3.6811 -7.0380 1.8586 21.0466 0.1081 0.9957
Car 0.0000 0.0000 0.0000 1005.0000 173.0000 1767.0000 417.0000 1.5666 1.6623 4.1998 5.6194 1.5912 5.6311 -0.0170 0.9928
Car 0.0000 0.0000 0.0000 607.0000 177.0000 638.0000 202.0000 1.4675 1.5529 3.4687 0.8117 1.6921 44.4368 1.4782 0.9908
Car 0.0000 0.0000 0.0000 421.0000 179.0000 506.0000 213.0000 1.5783 1.6167 3.8038 -7.0863 1.8283 35.2233 0.0051 0.9813
Car 0.0000 0.0000 0.0000 -1060.0000 185.0000 -59.0000 494.0000 1.5711 1.5687 3.7094 -6.9990 1.6682 4.6476 -0.0501 0.9674
Car 0.0000 0.0000 0.0000 355.0000 175.0000 412.0000 224.0000 1.6120 1.5936 3.6749 -8.1686 1.6747 25.8338 1.1739 0.9633
