Car 0.0000 0.0000 0.0000 762.0000 181.0000 1039.0000 362.0000 1.6149 1.6604 3.8001 3.0262 1.7158 8.4607 1.5599 0.9999
Car 0.0000 0.0000 0.0000 394.0000 185.0000 478.0000 243.0000 1.4071 1.5636 3.5147 -4.6709 1.7344 19.7661 1.5341 0.9998
Car 0.0000 0.0000 0.0000 126.0000 186.0000 379.0000 335.0000 1.5222 1.6348 3.5972 -4.3788 1.7000 9.4067 1.5317 0.9998
Car 0.0000 0.0000 0.0000 457.0000 179.0000 514.0000 222.0000 1.4275 1.6400 4.0194 -4.5211 1.6289 26.6305 1.5104 0.9996
Car 0.0000 0.0000 0.0000 419.0000 171.0000 456.0000 202.0000 1.7287 1.8219 4.1578 -10.0340 1.5714 42.3030 1.4046 0.9996
Car 0.0000 0.0000 0.0000 576.0000 181.0000 621.0000 220.0000 1.5918 1.7221 3.8320 -0.5314 1.8874 31.5801 1.5017 0.9995
Car 0.0000 0.0000 0.0000 269.0000 163.0000 380.0000 232.0000 1.9250 1.8597 4.9013 -8.8090 1.6450 22.7401 1.5057 0.9994
Car 0.0000 0.0000 0.0000 616.0000 183.0000 645.0000 204.0000 1.4952 1.6076 3.5840 1.5543 2.1390 52.4051 1.4450 0.9990
Car 0.0000 0.0000 0.0000 386.0000 181.0000 447.0000 218.0000 1.4877 1.6363 3.7711 -8.4167 1.8141 31.7193 1.5708 0.9990
Car 0.0000 0.0000 0.0000 70.0000 170.0000 265.0000 264.0000 1.6185 1.7264 3.9843 -8.6845 1.5665 14.5553 1.4975 0.9980
Car 0.0000 0.0000 0.0000 -424.0000 196.0000 73.0000 373.0000 1.4633 1.6684 3.7367 -8.3961 1.7650 8.2497 1.5594 0.9929
Car 0.0000 0.0000 0.0000 474.0000 181.0000 520.0000 213.0000 1.4205 1.5922 3.7357 -5.2278 1.7566 33.9668 1.5580 0.9928
Car 0.0000 0.0000 0.0000 509.0000 180.0000 535.0000 204.0000 1.4728 1.5813 3.8629 -5.6312 1.8818 47.0767 1.4750 0.9835
Car 0.0000 0.0000 0.0000 536.0000 180.0000 554.0000 196.0000 1.4511 1.6386 3.6934 -6.2189 2.0974 70.9271 1.5050 0.9678
