Car 0.0000 0.0000 0.0000 640.0000 174.0000 682.0000 209.0000 1.4569 1.6098 3.4493 2.2675 1.4686 32.0446 1.5708 0.9998
Car 0.0000 0.0000 0.0000 -36.0000 190.0000 191.0000 280.0000 1.5323 1.5969 3.7014 -10.6820 1.9011 14.7711 -1.4055 0.9995
Car 0.0000 0.0000 0.0000 600.0000 169.0000 634.0000 202.0000 1.6866 1.7696 4.1657 0.5044 1.4727 39.7718 1.5708 0.9994
Car 0.0000 0.0000 0.0000 -682.0000 205.0000 -27.0000 410.0000 1.4594 1.7451 4.3633 -9.7540 1.8901 8.0082 1.4504 0.9989
Car 0.0000 0.0000 0.0000 660.0000 173.0000 690.0000 201.0000 1.5505 1.6199 3.8303 3.9210 1.4955 42.3379 -1.4433 0.9985
Car 0.0000 0.0000 0.0000 926.0000 154.0000 1026.0000 190.0000 1.5666 1.6295 3.9538 16.7481 0.6807 32.8823 -0.2641 0.9973
Car 0.0000 0.0000 0.0000 1174.0000 119.0000 1353.0000 185.0000 1.6925 1.6894 4.1001 17.8453 0.2773 19.6818 -0.2788 0.9967
Car 0.0000 0.0000 0.0000 1434.0000 99.0000 1756.0000 194.0000 1.7290 1.6791 3.9686 19.3928 0.3542 14.3121 0.0250 0.9935
Car 0.0000 0.0000 0.0000 1287.0000 133.0000 1552.0000 212.0000 1.6428 1.6141 3.8238 18.8610 0.8083 17.0205 1.2600 0.9933
Car 0.0000 0.0000 0.0000 -65.0000 200.0000 22.0000 229.0000 1.5553 1.5561 3.6423 -37.4690 3.1358 42.8270 -0.3986 0.9908
Car 0.0000 0.0000 0.0000 805.0000 136.0000 879.0000 178.0000 1.6150 1.6725 4.0410 9.6961 0.1528 30.2818 1.5380 0.9845
Car 0.0000 0.0000 0.0000 994.0000 141.0000 1107.0000 183.0000 1.6761 1.6945 4.1801 18.7056 0.3658 30.7608 1.3676 0.9821
Car 0.0000 0.0000 0.0000 200.0000 188.0000 229.0000 205.0000 1.4779 1.6443 3.8871 -34.9899 2.7133 63.9678 1.2476 0.9819
Car 0.0000 0.0000 0.0000 423.0000 175.0000 451.0000 191.0000 1.5731 1.6560 3.8668 -17.0020 1.6440 71.5234 1.5708 0.9722
