Car 0.0000 0.0000 0.0000 628.0000 182.0000 684.0000 227.0000 1.5407 1.6518 4.1740 1.6802 1.8520 27.2143 1.5300 0.9998
Car 0.0000 0.0000 0.0000 286.0000 181.0000 440.0000 236.0000 1.5268 1.6131 3.9981 -7.2001 1.7476 21.2708 0.0119 0.9996
Car 0.0000 0.0000 0.0000 -138.0000 142.0000 269.0000 304.0000 1.9869 1.7583 4.2917 -7.3184 1.6123 9.9750 -0.0283 0.9995
Car 0.0000 0.0000 0.0000 781.0000 171.0000 1004.0000 263.0000 1.6226 1.6217 3.6257 5.3169 1.5904 13.8663 -0.0494 0.9995
Car 0.0000 0.0000 0.0000 336.0000 179.0000 464.0000 230.0000 1.5947 1.6117 3.7489 -6.8759 1.7799 23.8695 0.0307 0.9992
Car 0.0000 0.0000 0.0000 789.0000 180.0000 1087.0000 285.0000 1.5084 1.6122 3.9942 5.0505 1.6228 11.4776 -0.0092 0.9986
Car 0.0000 0.0000 0.0000 -334.0000 172.0000 161.0000 353.0000 1.6128 1.5964 3.5003 -6.9477 1.6199 7.4484 -0.0546 0.9977
Car 0.0000 0.0000 0.0000 891.0000 177.0000 1320.0000 322.0000 1.5418 1.6146 4.0177 5.6856 1.6025 8.6509 0.0098 0.9972
Car 0.0000 0.0000 0.0000 614.0000 181.0000 645.0000 207.0000 1.4496 1.5496 3.6515 1.1806 1.8547 42.2960 1.5371 0.9966
Car 0.0000 0.0000 0.0000 1057.0000 168.0000 1652.0000 382.0000 1.5404 1.5457 3.4684 5.9793 1.5181 6.0993 -0.0260 0.9964
Car 0.0000 0.0000 0.0000 432.0000 168.0000 473.0000 200.0000 1.5279 1.6876 3.9136 -7.7659 1.2477 36.0006 1.4401 0.9763
