Car 0.0000 0.0000 0.0000 555.0000 181.0000 615.0000 230.0000 1.4808 1.7315 3.8936 -0.7352 1.7122 23.7604 1.5708 0.9999
Car 0.0000 0.0000 0.0000 153.0000 171.0000 387.0000 274.0000 1.6277 1.6166 3.5528 -5.9652 1.6011 12.6664 0.3033 0.9997
Car 0.0000 0.0000 0.0000 369.0000 179.0000 482.0000 229.0000 1.5303 1.6013 3.7554 -6.1940 1.7333 24.0982 0.6130 0.9997
Car 0.0000 0.0000 0.0000 518.0000 183.0000 557.0000 218.0000 1.4672 1.6152 3.8152 -3.2223 1.8919 32.9203 1.5194 0.9996
Car 0.0000 0.0000 0.0000 638.0000 177.0000 691.0000 222.0000 1.6443 1.6156 3.7214 2.1285 1.7964 28.6092 1.5296 0.9994
Car 0.0000 0.0000 0.0000 651.0000 135.0000 757.0000 234.0000 2.5188 2.0210 5.4318 2.5747 1.5385 21.1087 1.4990 0.9991
Car 0.0000 0.0000 0.0000 577.0000 176.0000 615.0000 212.0000 1.5427 1.6531 3.8609 -0.5575 1.6498 32.8723 1.5708 0.9990
Car 0.0000 0.0000 0.0000 389.0000 178.0000 496.0000 223.0000 1.5937 1.5766 3.5756 -6.1978 1.7569 26.8551 0.2250 0.9969
Car 0.0000 0.0000 0.0000 493.0000 178.0000 527.0000 202.0000 1.4488 1.5945 3.8453 -6.1525 1.6917 45.3256 1.5705 0.9964
Car 0.0000 0.0000 0.0000 633.0000 182.0000 678.0000 215.0000 1.4488 1.6030 3.9424 2.0981 1.8099 33.4521 1.5264 0.9938
Car 0.0000 0.0000 0.0000 533.0000 169.0000 569.0000 198.0000 1.4499 1.5900 3.7160 -3.0491 1.1983 38.4107 1.5708 0.9937
Car 0.0000 0.0000 0.0000 205.0000 177.0000 285.0000 214.0000 1.4531 1.5968 3.8239 -15.5500 1.6040 30.9499 1.5387 0.9915
Car 0.0000 0.0000 0.0000 313.0000 145.0000 411.0000 223.0000 2.8144 2.0984 5.9215 -9.8812 1.7920 29.3904 1.5456 0.9893
Car 0.0000 0.0000 0.0000 633.0000 176.0000 668.0000 204.0000 1.4943 1.6007 3.9538 2.2384 1.5971 39.5866 1.5435 0.9884
Car 0.0000 0.0000 0.0000 614.0000 177.0000 636.0000 196.0000 1.4299 1.6122 3.6715 1.2680 1.6951 57.4576 1.5586 0.9844
Car 0.0000 0.0000 0.0000 554.0000 180.0000 573.0000 197.0000 1.4193 1.5926 3.7275 -4.1368 2.0142 65.7710 1.4835 0.9805
Car 0.0000 0.0000 0.0000 -2368.0000 -969.0000 1647.0000 602.0000 1.4603 1.5975 3.8082 3.2286 1.6213 0.8781 1.5491 0.9729
