Car 0.0000 0.0000 0.0000 722.0000 179.0000 894.0000 296.0000 1.5912 1.6801 4.0837 3.0214 1.6863 11.9293 1.5657 0.9999
Car 0.0000 0.0000 0.0000 793.0000 190.0000 1103.0000 385.0000 1.4827 1.5622 3.2696 3.0641 1.6750 7.3363 1.5541 0.9998
Car 0.0000 0.0000 0.0000 75.0000 200.0000 394.0000 393.0000 1.4306 1.5396 3.5600 -3.5855 1.7641 7.5610 1.5571 0.9998
Car 0.0000 0.0000 0.0000 493.0000 176.0000 531.0000 203.0000 1.5134 1.7015 4.2442 -5.7650 1.6586 43.1565 1.5708 0.9997
Car 0.0000 0.0000 0.0000 707.0000 178.0000 790.0000 245.0000 1.5351 1.6405 3.4851 3.4212 1.6513 18.3564 1.5708 0.9993
Car 0.0000 0.0000 0.0000 636.0000 167.0000 663.0000 187.0000 1.5762 1.7008 3.6244 3.4246 1.0611 60.6688 1.4813 0.9993
Car 0.0000 0.0000 0.0000 610.0000 168.0000 645.0000 201.0000 1.8395 1.7360 3.9454 1.0720 1.5237 43.1820 1.5061 0.9992
Car 0.0000 0.0000 0.0000 304.0000 161.0000 477.0000 301.0000 2.0498 1.7601 4.4924 -3.6721 1.8888 12.8831 1.5594 0.9987
Car 0.0000 0.0000 0.0000 741.0000 166.0000 808.0000 221.0000 1.6213 1.6562 3.5317 5.4279 1.4091 23.3982 -1.2213 0.9983
Car 0.0000 0.0000 0.0000 436.0000 162.0000 481.0000 195.0000 1.8459 1.7324 4.1650 -9.0064 1.1870 43.3081 1.5708 0.9947
Car 0.0000 0.0000 0.0000 788.0000 170.0000 896.0000 215.0000 1.6058 1.5990 3.9460 8.9871 1.4808 27.7179 -0.4538 0.9945
Car 0.0000 0.0000 0.0000 714.0000 172.0000 756.0000 200.0000 1.5604 1.6399 4.0460 7.6332 1.4927 43.9608 1.5157 0.9932
Car 0.0000 0.0000 0.0000 465.0000 152.0000 499.0000 182.0000 2.2092 1.8832 4.4990 -9.6884 0.6314 55.4192 1.5567 0.9924
Car 0.0000 0.0000 0.0000 675.0000 167.0000 695.0000 184.0000 1.6064 1.6784 3.6735 7.5147 0.9542 70.8330 1.5708 0.9901
Car 0.0000 0.0000 0.0000 1614.0000 154.0000 3470.0000 594.0000 1.5361 1.6331 4.1496 7.9392 1.4955 3.3735 0.0142 0.9855
Car 0.0000 0.0000 0.0000 564.0000 170.0000 589.0000 192.0000 1.4460 1.5977 3.5913 -2.1987 1.2194 49.8370 1.5586 0.9853
