Car 0.0000 0.0000 0.0000 677.0000 185.0000 783.0000 259.0000 1.4703 1.6645 4.2355 2.6525 1.7507 16.8652 1.5458 0.9999
Car 0.0000 0.0000 0.0000 295.0000 181.0000 468.0000 247.0000 1.5273 1.6026 3.8437 -5.6455 1.7325 18.0929 -0.0075 0.9996
Car 0.0000 0.0000 0.0000 294.0000 156.0000 484.0000 234.0000 2.0927 1.8379 4.8330 -6.2091 1.6371 20.5568 0.0486 0.9996
Car 0.0000 0.0000 0.0000 183.0000 172.0000 356.0000 254.0000 1.5710 1.5231 3.2216 -7.2484 1.5488 15.5963 -1.1969 0.9992
Car 0.0000 0.0000 0.0000 413.0000 176.0000 517.0000 214.0000 1.5378 1.6261 4.0361 -6.1069 1.6667 30.7240 0.0451 0.9991
Car 0.0000 0.0000 0.0000 751.0000 178.0000 891.0000 231.0000 1.5143 1.5909 3.7684 6.2812 1.6627 21.6769 0.0759 0.9991
Car 0.0000 0.0000 0.0000 122.0000 183.0000 367.0000 272.0000 1.5163 1.5828 3.7527 -6.6856 1.7098 13.3473 0.0588 0.9991
Car 0.0000 0.0000 0.0000 -154.0000 178.0000 300.0000 324.0000 1.5520 1.6725 4.2903 -6.2925 1.6282 8.7297 0.0085 0.9991
Car 0.0000 0.0000 0.0000 -22.0000 181.0000 278.0000 290.0000 1.5149 1.5512 3.5691 -7.2469 1.6401 11.0147 0.0078 0.9987
Car 0.0000 0.0000 0.0000 390.0000 177.0000 498.0000 219.0000 1.5542 1.5965 3.8476 -6.4342 1.6956 28.3048 0.0433 0.9979
Car 0.0000 0.0000 0.0000 448.0000 179.0000 530.0000 212.0000 1.5582 1.5959 3.6879 -5.8610 1.8047 35.3434 0.0782 0.9975
Car 0.0000 0.0000 0.0000 668.0000 176.0000 736.0000 202.0000 1.5648 1.6546 4.0854 5.8192 1.6944 45.4324 0.0114 0.9971
Car 0.0000 0.0000 0.0000 696.0000 172.0000 785.0000 206.0000 1.6101 1.6647 4.1194 6.5020 1.5407 35.8711 0.0429 0.9944
Car 0.0000 0.0000 0.0000 -331.0000 -374.0000 1760.0000 606.0000 2.4678 2.0824 5.3470 2.7437 1.6267 0.2896 -1.3762 0.9901
Car 0.0000 0.0000 0.0000 630.0000 180.0000 652.0000 198.0000 1.4561 1.6224 3.7853 2.6627 1.9293 60.0911 1.5615 0.9856
