Car 0.0000 0.0000 0.0000 577.0000 176.0000 612.0000 206.0000 1.5612 1.7255 4.1289 -0.8516 1.6963 40.7108 1.4931 0.9996
Car 0.0000 0.0000 0.0000 475.0000 184.0000 522.0000 220.0000 1.4081 1.5360 3.5396 -4.6960 1.8637 30.8767 1.5475 0.9995
Car 0.0000 0.0000 0.0000 408.0000 184.0000 498.0000 243.0000 1.4364 1.6120 4.0430 -4.2240 1.7216 19.9440 1.5663 0.9993
Car 0.0000 0.0000 0.0000 362.0000 181.0000 431.0000 219.0000 1.4283 1.6154 3.7192 -8.5075 1.7120 29.0850 1.5708 0.9992
Car 0.0000 0.0000 0.0000 535.0000 172.0000 558.0000 197.0000 2.2278 1.8006 4.7731 -5.7427 2.0970 67.0012 1.5486 0.9987
Car 0.0000 0.0000 0.0000 400.0000 181.0000 439.0000 203.0000 1.4514 1.6667 3.8250 -12.8997 1.9253 49.2373 1.5547 0.9982
Car 0.0000 0.0000 0.0000 425.0000 180.0000 465.0000 208.0000 1.4619 1.6102 3.7398 -9.0139 1.8070 39.7785 1.4851 0.9975
Car 0.0000 0.0000 0.0000 505.0000 181.0000 540.0000 208.0000 1.4564 1.5757 3.7912 -4.8896 1.8863 41.1747 1.5551 0.9922
Car 0.0000 0.0000 0.0000 -240.0000 -5.0000 382.0000 468.0000 2.8140 2.0423 5.6952 -4.1560 1.7576 7.1499 1.5453 0.9907
Car 0.0000 0.0000 0.0000 458.0000 181.0000 490.0000 203.0000 1.4193 1.6386 3.9314 -8.9673 1.8697 48.2067 1.5110 0.9894
Car 0.0000 0.0000 0.0000 494.0000 180.0000 514.0000 196.0000 1.5264 1.6779 3.8614 -10.1274 2.0759 69.9659 1.4723 0.9859
Car 0.0000 0.0000 0.0000 520.0000 180.0000 549.0000 202.0000 1.4534 1.5928 3.8545 -5.1580 1.8833 50.3633 1.5708 0.9819
Car 0.0000 0.0000 0.0000 677.0000 172.0000 716.0000 201.0000 1.5234 1.5926 3.7175 4.8659 1.4290 40.3398 1.5434 0.9654
