Car 0.0000 0.0000 0.0000 447.0000 184.0000 500.0000 218.0000 1.4841 1.6333 3.5513 -6.3653 1.9848 34.1588 1.5708 1.0000
Car 0.0000 0.0000 0.0000 576.0000 181.0000 754.0000 353.0000 1.5727 1.6400 3.5057 0.4511 1.6627 8.4373 1.5523 0.9999
Car 0.0000 0.0000 0.0000 40.0000 192.0000 232.0000 271.0000 1.4513 1.6221 4.0366 -10.3212 1.9057 16.0616 1.5708 0.9998
Car 0.0000 0.0000 0.0000 352.0000 185.0000 422.0000 221.0000 1.4751 1.7152 4.5101 -9.8660 1.9855 32.3510 1.5708 0.9996
Car 0.0000 0.0000 0.0000 227.0000 182.0000 318.0000 221.0000 1.5399 1.7015 4.1513 -14.4675 1.8931 31.2053 1.5708 0.9996
Car 0.0000 0.0000 0.0000 719.0000 176.0000 835.0000 231.0000 1.4880 1.6453 3.7821 5.0335 1.5539 21.4011 -0.8118 0.9996
Car 0.0000 0.0000 0.0000 400.0000 178.0000 449.0000 211.0000 1.6336 1.6294 4.0539 -9.7992 1.8832 38.4825 1.5641 0.9993
Car 0.0000 0.0000 0.0000 683.0000 176.0000 762.0000 215.0000 1.6686 1.6466 3.7490 5.1873 1.7688 32.6830 -0.8059 0.9990
Car 0.0000 0.0000 0.0000 1169.0000 166.0000 1992.0000 736.0000 1.5771 1.6568 3.2062 4.0332 1.5648 3.7707 -0.9453 0.9984
Car 0.0000 0.0000 0.0000 555.0000 181.0000 580.0000 200.0000 1.5299 1.7028 4.0626 -3.4274 2.1110 61.1104 1.5708 0.9967
Car 0.0000 0.0000 0.0000 515.0000 179.0000 545.0000 197.0000 1.4685 1.6531 3.8592 -6.6817 1.9347 61.3812 -1.4381 0.9959
Car 0.0000 0.0000 0.0000 22.0000 182.0000 97.0000 224.0000 1.5072 1.5790 3.3767 -21.2724 1.8092 27.9648 1.1596 0.9946
Car 0.0000 0.0000 0.0000 668.0000 173.0000 722.0000 201.0000 1.4668 1.6526 3.7418 4.7390 1.4260 39.1897 -1.0906 0.9937
Car 0.0000 0.0000 0.0000 597.0000 179.0000 653.0000 226.0000 1.4947 1.5901 3.6544 0.4761 1.6724 24.9930 1.4977 0.9931
Car 0.0000 0.0000 0.0000 -567.0000 189.0000 -22.0000 374.0000 1.7085 1.6866 4.1184 -10.5863 1.9347 9.0071 1.5544 0.9918
