Car 0.0000 0.0000 0.0000 585.0000 177.0000 654.0000 241.0000 1.5524 1.6855 3.6227 0.1811 1.6444 19.5118 1.5443 0.9999
Car 0.0000 0.0000 0.0000 738.0000 146.0000 973.0000 319.0000 2.0544 1.8728 4.4906 3.3255 1.7400 10.8693 1.5407 0.9999
Car 0.0000 0.0000 0.0000 697.0000 182.0000 775.0000 238.0000 1.4944 1.6047 3.6715 3.6955 1.7612 21.6114 1.5440 0.9998
Car 0.0000 0.0000 0.0000 -263.0000 163.0000 70.0000 279.0000 1.5895 1.6627 3.9333 -11.2596 1.4549 11.8978 1.5683 0.9997
Car 0.0000 0.0000 0.0000 262.0000 176.0000 442.0000 275.0000 1.5563 1.6182 3.8713 -4.8802 1.6164 13.2930 0.7899 0.9995
Car 0.0000 0.0000 0.0000 370.0000 175.0000 505.0000 238.0000 1.5069 1.5139 3.3096 -4.5302 1.5626 18.8106 0.5392 0.9991
Car 0.0000 0.0000 0.0000 678.0000 172.0000 737.0000 219.0000 1.7703 1.7286 4.1904 3.8902 1.7052 29.0877 1.5581 0.9989
Car 0.0000 0.0000 0.0000 589.0000 176.0000 633.0000 214.0000 1.5727 1.6667 3.6508 0.1241 1.6654 31.9479 1.5708 0.9989
Car 0.0000 0.0000 0.0000 84.0000 162.0000 253.0000 244.0000 1.8673 1.7506 4.3651 -11.2059 1.6170 18.6975 1.5627 0.9987
Car 0.0000 0.0000 0.0000 443.0000 174.0000 542.0000 221.0000 1.6263 1.6061 3.8838 -4.4281 1.6534 26.8963 0.7607 0.9981
Car 0.0000 0.0000 0.0000 288.0000 178.0000 474.0000 255.0000 1.5717 1.5653 3.5740 -4.9935 1.6860 15.8338 0.1984 0.9975
Car 0.0000 0.0000 0.0000 530.0000 170.0000 568.0000 199.0000 1.5547 1.5945 3.6962 -3.3032 1.3540 40.4284 1.5708 0.9971
Car 0.0000 0.0000 0.0000 236.0000 166.0000 326.0000 217.0000 2.0946 1.8664 4.7232 -14.5189 1.7918 32.1553 1.5652 0.9971
Car 0.0000 0.0000 0.0000 664.0000 165.0000 692.0000 192.0000 1.6308 1.6749 3.7444 4.4257 1.0831 46.0848 -1.4820 0.9929
Car 0.0000 0.0000 0.0000 606.0000 167.0000 630.0000 186.0000 1.5316 1.6452 3.7051 0.8302 1.0025 62.4055 1.4697 0.9837
Car 0.0000 0.0000 0.0000 888.0000 130.0000 1026.0000 182.0000 2.0125 1.9337 4.7378 14.3482 0.2886 29.8951 0.0393 0.9698
