Car 0.0000 0.0000 0.0000 98.0000 197.0000 314.0000 307.0000 1.4361 1.6113 3.6729 -6.4849 1.8777 12.0084 1.5462 0.9999
Car 0.0000 0.0000 0.0000 422.0000 176.0000 462.0000 204.0000 1.7969 1.7038 4.3313 -11.2341 1.9508 48.7715 1.5624 0.9999
Car 0.0000 0.0000 0.0000 587.0000 174.0000 634.0000 220.0000 1.6393 1.6794 3.8968 0.0372 1.6795 27.9472 1.5708 0.9997
Car 0.0000 0.0000 0.0000 682.0000 174.0000 814.0000 234.0000 1.6215 1.6670 4.1483 4.2498 1.6356 21.7275 -0.7097 0.9996
Car 0.0000 0.0000 0.0000 467.0000 180.0000 504.0000 206.0000 1.4691 1.7461 4.0183 -7.4263 1.8530 43.6536 1.5320 0.9990
Car 0.0000 0.0000 0.0000 784.0000 164.0000 991.0000 305.0000 1.7900 1.6815 3.9823 4.4125 1.6710 11.1559 -0.8439 0.9983
Car 0.0000 0.0000 0.0000 894.0000 182.0000 1204.0000 389.0000 1.6285 1.5791 3.6338 4.6658 1.7292 7.5160 -0.6665 0.9982
Car 0.0000 0.0000 0.0000 399.0000 180.0000 432.0000 200.0000 1.5114 1.6564 3.8509 -15.2507 2.0204 57.0273 1.5529 0.9979
Car 0.0000 0.0000 0.0000 639.0000 159.0000 716.0000 194.0000 1.9894 1.8166 4.5941 4.1242 1.1497 43.0067 -0.6766 0.9966
Car 0.0000 0.0000 0.0000 678.0000 171.0000 746.0000 217.0000 1.6398 1.6832 4.0168 4.1161 1.5642 28.3108 -1.1846 0.9965
Car 0.0000 0.0000 0.0000 1215.0000 114.0000 2271.0000 891.0000 1.6002 1.6451 3.9864 4.1961 1.4815 3.4649 -0.7818 0.9849
