Car 0.0000 0.0000 0.0000 -91.0000 180.0000 207.0000 293.0000 1.4304 1.6209 3.9073 -8.2121 1.5284 11.1862 1.5708 0.9998
Car 0.0000 0.0000 0.0000 300.0000 181.0000 450.0000 273.0000 1.4961 1.6873 4.1926 -4.3859 1.6540 14.0561 1.5344 0.9997
Car 0.0000 0.0000 0.0000 -319.0000 201.0000 254.0000 475.0000 1.4454 1.5908 3.4175 -4.5547 1.7233 5.8120 1.5708 0.9997
Car 0.0000 0.0000 0.0000 593.0000 174.0000 674.0000 252.0000 1.6344 1.7011 3.7587 0.4864 1.6541 17.1548 1.5708 0.9996
Car 0.0000 0.0000 0.0000 156.0000 177.0000 276.0000 228.0000 1.4540 1.6989 3.9312 -12.2842 1.5604 22.7554 1.5532 0.9995
Car 0.0000 0.0000 0.0000 265.0000 153.0000 361.0000 209.0000 2.1111 1.9279 4.5784 -12.0906 1.3474 29.7286 1.5708 0.9995
Car 0.0000 0.0000 0.0000 -125.0000 180.0000 8.0000 221.0000 1.4536 1.6810 4.0472 -25.7557 1.6879 27.9491 1.4912 0.9986
Car 0.0000 0.0000 0.0000 633.0000 178.0000 669.0000 206.0000 1.4653 1.5654 3.5942 2.3309 1.6828 39.1392 -1.4016 0.9966
Car 0.0000 0.0000 0.0000 297.0000 180.0000 387.0000 230.0000 1.4521 1.5720 3.8173 -8.4182 1.6382 22.9364 1.5324 0.9965
Car 0.0000 0.0000 0.0000 -466.0000 195.0000 -64.0000 319.0000 1.4461 1.5770 3.7628 -12.7091 1.8140 10.8519 1.5272 0.9959
Car 0.0000 0.0000 0.0000 109.0000 181.0000 169.0000 207.0000 1.5539 1.6312 3.6094 -30.0619 2.0123 46.1502 1.5268 0.9920
Car 0.0000 0.0000 0.0000 695.0000 181.0000 716.0000 200.0000 1.5519 1.6502 3.9023 8.3818 2.2014 62.2564 -1.3972 0.9892
