Car 0.0000 0.0000 0.0000 677.0000 178.0000 743.0000 227.0000 1.5328 1.6181 3.8945 3.3843 1.6938 24.8672 1.5425 0.9999
Car 0.0000 0.0000 0.0000 572.0000 173.0000 627.0000 225.0000 1.5461 1.6356 3.4959 -0.3282 1.5252 23.3476 1.5503 0.9999
Car 0.0000 0.0000 0.0000 386.0000 179.0000 504.0000 236.0000 1.5473 1.5437 3.3519 -4.9115 1.7168 21.3190 0.6044 0.9995
Car 0.0000 0.0000 0.0000 824.0000 188.0000 1242.0000 405.0000 1.4974 1.6755 4.2470 3.6693 1.6796 7.3369 1.5523 0.9995
Car 0.0000 0.0000 0.0000 288.0000 180.0000 445.0000 261.0000 1.5080 1.5592 3.5539 -5.2709 1.6631 15.3434 0.7068 0.9994
Car 0.0000 0.0000 0.0000 255.0000 181.0000 348.0000 235.0000 1.4741 1.6338 3.7053 -9.0901 1.6799 21.5267 1.4346 0.9992
Car 0.0000 0.0000 0.0000 -164.0000 180.0000 45.0000 256.0000 1.4918 1.5577 3.5225 -14.8484 1.6453 16.2159 1.5218 0.9988
Car 0.0000 0.0000 0.0000 594.0000 173.0000 632.0000 207.0000 1.4774 1.6699 3.9367 0.2054 1.4669 33.9591 1.5708 0.9985
Car 0.0000 0.0000 0.0000 -16.0000 178.0000 300.0000 375.0000 1.5575 1.6192 3.7633 -5.0425 1.6214 7.5156 0.6575 0.9980
Car 0.0000 0.0000 0.0000 640.0000 170.0000 683.0000 202.0000 1.8756 1.7990 4.9294 3.2187 1.6811 45.1948 1.4617 0.9978
Car 0.0000 0.0000 0.0000 145.0000 179.0000 251.0000 223.0000 1.4514 1.6247 3.9540 -14.8540 1.6465 26.2340 1.5708 0.9976
Car 0.0000 0.0000 0.0000 478.0000 175.0000 552.0000 207.0000 1.5982 1.5795 3.5049 -4.8962 1.6761 37.4123 0.4645 0.9973
Car 0.0000 0.0000 0.0000 -154.0000 193.0000 145.0000 317.0000 1.4256 1.5731 3.7139 -8.7440 1.7492 10.6716 1.4642 0.9970
Car 0.0000 0.0000 0.0000 115.0000 175.0000 180.0000 204.0000 1.5638 1.6996 4.0270 -26.0816 1.6225 40.8169 1.3921 0.9935
Car 0.0000 0.0000 0.0000 -1881.0000 93.0000 -181.0000 610.0000 1.9799 1.7779 4.4068 -8.8246 1.6888 4.9953 1.5506 0.9883
Car 0.0000 0.0000 0.0000 -1534.0000 -614.0000 1442.0000 551.0000 2.4527 1.9108 5.0681 3.2944 1.7135 0.8962 1.4774 0.9879
Car 0.0000 0.0000 0.0000 -426.0000 176.0000 117.0000 634.0000 1.5758 1.6121 3.8464 -4.5953 1.6127 4.3347 0.6949 0.9868
Car 0.0000 0.0000 0.0000 404.0000 177.0000 442.0000 198.0000 1.5291 1.6133 4.0376 -14.3098 1.7715 55.6994 -1.4781 0.9670
