Car 0.0000 0.0000 0.0000 -156.0000 212.0000 249.0000 426.0000 1.4519 1.5877 3.7714 -5.3642 1.9483 7.5046 1.4628 0.9998
Car 0.0000 0.0000 0.0000 790.0000 201.0000 1175.0000 419.0000 1.4232 1.5924 3.8136 3.1494 1.7601 7.0931 1.4998 0.9998
Car 0.0000 0.0000 0.0000 633.0000 187.0000 705.0000 239.0000 1.4419 1.6323 3.9388 1.7590 1.8670 22.4705 1.4940 0.9997
Car 0.0000 0.0000 0.0000 445.0000 188.0000 492.0000 221.0000 1.5624 1.6990 3.9411 -7.2921 2.3259 37.6294 1.5592 0.9995
Car 0.0000 0.0000 0.0000 620.0000 183.0000 679.0000 226.0000 1.5095 1.6489 4.2043 1.4990 1.8901 28.2158 1.4769 0.9990
Car 0.0000 0.0000 0.0000 -5822.0000 243.0000 -11.0000 2492.0000 1.4313 1.6804 4.1017 -4.7836 1.8949 2.7405 1.4100 0.9945
Car 0.0000 0.0000 0.0000 884.0000 165.0000 1022.0000 222.0000 1.5859 1.5808 3.4786 10.2106 1.3535 21.4938 0.6179 0.9922
Car 0.0000 0.0000 0.0000 1276.0000 163.0000 1549.0000 293.0000 1.5188 1.7243 4.0784 11.3694 1.4064 10.5747 -0.9741 0.9892
Car 0.0000 0.0000 0.0000 798.0000 180.0000 909.0000 223.0000 1.5405 1.5986 3.8291 9.5106 1.8070 28.0938 0.5602 0.9878
Car 0.0000 0.0000 0.0000 612.0000 178.0000 635.0000 198.0000 1.4788 1.6717 3.7037 1.1504 1.8299 56.4503 1.5559 0.9871
Car 0.0000 0.0000 0.0000 861.0000 172.0000 988.0000 223.0000 1.6270 1.6141 3.8223 10.6001 1.5928 24.4792 0.3229 0.9647
