Car 0.0000 0.0000 0.0000 408.0000 161.0000 530.0000 212.0000 1.9743 1.7888 4.5815 -5.6261 1.4930 29.2598 -0.0013 0.9998
Car 0.0000 0.0000 0.0000 665.0000 180.0000 712.0000 216.0000 1.5074 1.6382 3.7686 3.5326 1.7846 32.4554 1.5601 0.9995
Car 0.0000 0.0000 0.0000 281.0000 184.0000 467.0000 254.0000 1.5357 1.5935 3.8464 -5.4563 1.7861 16.9375 -0.0087 0.9994
Car 0.0000 0.0000 0.0000 406.0000 179.0000 520.0000 223.0000 1.5389 1.6028 3.8913 -5.3936 1.7374 26.8095 0.0041 0.9994
Car 0.0000 0.0000 0.0000 -329.0000 192.0000 203.0000 369.0000 1.4768 1.5852 3.8005 -6.3520 1.6903 7.0374 0.0314 0.9991
Car 0.0000 0.0000 0.0000 -81.0000 179.0000 258.0000 311.0000 1.5523 1.5386 3.3349 -6.6942 1.6412 9.4319 -0.0008 0.9987
Car 0.0000 0.0000 0.0000 329.0000 181.0000 486.0000 242.0000 1.5286 1.5961 3.7335 -5.4014 1.7502 19.3875 0.1193 0.9986
Car 0.0000 0.0000 0.0000 354.0000 182.0000 493.0000 236.0000 1.5674 1.6273 3.8489 -5.6823 1.8490 22.2488 0.0635 0.9984
Car 0.0000 0.0000 0.0000 189.0000 181.0000 420.0000 264.0000 1.5443 1.6277 3.9971 -6.0923 1.7054 14.6059 0.0081 0.9976
Car 0.0000 0.0000 0.0000 512.0000 156.0000 549.0000 193.0000 2.3439 1.9580 4.9294 -5.1491 1.2316 47.9023 1.5551 0.9611
