Car 0.0000 0.0000 0.0000 743.0000 162.0000 1079.0000 381.0000 1.7011 1.7165 4.1768 2.7427 1.6332 7.7672 1.5333 0.9997
Car 0.0000 0.0000 0.0000 151.0000 156.0000 409.0000 258.0000 1.8726 1.7628 4.3720 -6.4638 1.5691 14.4108 0.0018 0.9997
Car 0.0000 0.0000 0.0000 705.0000 181.0000 838.0000 277.0000 1.4946 1.5573 3.5739 2.7974 1.6439 13.2467 1.5564 0.9996
Car 0.0000 0.0000 0.0000 97.0000 174.0000 356.0000 283.0000 1.6802 1.5881 3.4917 -6.3256 1.7013 12.1092 -0.0177 0.9996
Car 0.0000 0.0000 0.0000 652.0000 175.0000 698.0000 213.0000 1.5133 1.6227 3.9747 2.7470 1.5577 30.8711 1.5708 0.9995
Car 0.0000 0.0000 0.0000 681.0000 177.0000 767.0000 245.0000 1.5858 1.5968 3.5706 2.8538 1.6802 18.6829 1.5566 0.9995
Car 0.0000 0.0000 0.0000 -42.0000 177.0000 287.0000 306.0000 1.6037 1.5700 3.4805 -6.6066 1.6627 9.9779 -0.0287 0.9995
Car 0.0000 0.0000 0.0000 321.0000 170.0000 462.0000 226.0000 1.5762 1.5927 3.6818 -6.4005 1.4819 21.3492 0.0235 0.9993
Car 0.0000 0.0000 0.0000 439.0000 165.0000 520.0000 201.0000 1.6343 1.5869 3.5246 -6.0749 1.2528 33.9736 -0.0118 0.9976
Car 0.0000 0.0000 0.0000 397.0000 178.0000 504.0000 217.0000 1.5323 1.5928 3.9028 -6.4130 1.6984 29.2485 0.1354 0.9968
Car 0.0000 0.0000 0.0000 -260.0000 179.0000 220.0000 353.0000 1.5739 1.6007 3.7140 -6.3444 1.6422 7.4442 0.0797 0.9967
Car 0.0000 0.0000 0.0000 230.0000 160.0000 407.0000 237.0000 1.6717 1.6000 3.4589 -6.6951 1.3905 16.7072 0.1304 0.9953
Car 0.0000 0.0000 0.0000 638.0000 171.0000 673.0000 201.0000 1.6531 1.6201 3.7010 2.6462 1.4813 41.5989 1.5280 0.9949
Car 0.0000 0.0000 0.0000 286.0000 179.0000 446.0000 241.0000 1.5403 1.5735 3.6397 -6.3383 1.6813 18.8649 0.1068 0.9944
Car 0.0000 0.0000 0.0000 535.0000 171.0000 560.0000 194.0000 1.5803 1.6499 3.7727 -4.3940 1.3791 51.9751 1.5164 0.9899
Car 0.0000 0.0000 0.0000 -822.0000 177.0000 63.0000 464.0000 1.5965 1.6022 3.8074 -6.3283 1.6399 4.9429 -0.0229 0.9873
