Car 0.0000 0.0000 0.0000 692.0000 184.0000 787.0000 251.0000 1.4827 1.6398 4.1140 3.2154 1.7671 18.6270 1.5538 0.9998
Car 0.0000 0.0000 0.0000 179.0000 184.0000 390.0000 266.0000 1.4671 1.5310 3.4526 -6.2940 1.6964 14.1306 -0.0102 0.9997
Car 0.0000 0.0000 0.0000 747.0000 192.0000 1077.0000 395.0000 1.4882 1.6638 4.2247 2.7462 1.7294 7.7487 1.5446 0.9997
Car 0.0000 0.0000 0.0000 656.0000 174.0000 697.0000 209.0000 1.6911 1.7567 3.7763 3.4992 1.7378 37.8816 1.5667 0.9997
Car 0.0000 0.0000 0.0000 250.0000 169.0000 423.0000 248.0000 1.6917 1.5891 3.3534 -6.1912 1.6121 16.5185 -0.0023 0.9996
Car 0.0000 0.0000 0.0000 70.0000 190.0000 396.0000 293.0000 1.4756 1.6667 4.4240 -5.9293 1.7744 11.5857 0.0489 0.9995
Car 0.0000 0.0000 0.0000 -514.0000 179.0000 112.0000 408.0000 1.5771 1.6040 3.7294 -6.5169 1.6380 5.9646 0.1153 0.9983
Car 0.0000 0.0000 0.0000 432.0000 177.0000 519.0000 213.0000 1.5770 1.5926 3.6186 -6.0400 1.7276 32.8294 0.0288 0.9982
Car 0.0000 0.0000 0.0000 477.0000 166.0000 553.0000 197.0000 1.8156 1.7526 4.4459 -5.7622 1.3716 44.6384 0.0367 0.9946
Car 0.0000 0.0000 0.0000 454.0000 177.0000 541.0000 211.0000 1.5610 1.6277 3.9431 -5.4126 1.7282 35.1547 0.0236 0.9939
Car 0.0000 0.0000 0.0000 523.0000 162.0000 552.0000 186.0000 1.5085 1.6265 3.6384 -4.7109 0.7629 48.0004 1.5473 0.9913
Car 0.0000 0.0000 0.0000 555.0000 175.0000 574.0000 192.0000 1.4813 1.5879 3.7413 -3.9902 1.6221 65.5575 1.5590 0.9910
Car 0.0000 0.0000 0.0000 689.0000 178.0000 745.0000 226.0000 1.5263 1.6233 3.6785 3.6279 1.6809 24.7904 1.5708 0.9624
