Car 0.0000 0.0000 0.0000 256.0000 162.0000 441.0000 246.0000 1.8950 1.7021 3.9074 -6.2875 1.6541 17.5808 0.0187 0.9997
Car 0.0000 0.0000 0.0000 193.0000 175.0000 390.0000 256.0000 1.5879 1.5693 3.4613 -6.6266 1.6307 15.1849 -0.0203 0.9997
Car 0.0000 0.0000 0.0000 357.0000 171.0000 489.0000 223.0000 1.6183 1.6144 3.8785 -6.0329 1.5441 23.4957 0.0146 0.9996
Car 0.0000 0.0000 0.0000 103.0000 177.0000 365.0000 277.0000 1.5775 1.6041 3.6898 -6.3661 1.6541 12.4226 0.0168 0.9995
Car 0.0000 0.0000 0.0000 -285.0000 154.0000 229.0000 354.0000 1.7989 1.7153 3.9739 -6.4117 1.6448 7.4721 0.0706 0.9993
Car 0.0000 0.0000 0.0000 1013.0000 160.0000 1145.0000 217.0000 1.5612 1.6530 3.7531 14.0456 1.2086 21.8087 1.5708 0.9992
Car 0.0000 0.0000 0.0000 924.0000 133.0000 1089.0000 212.0000 2.0253 1.8412 4.9064 11.2336 0.9913 20.8843 1.5163 0.9990
Car 0.0000 0.0000 0.0000 385.0000 174.0000 502.0000 220.0000 1.5708 1.5882 3.7596 -5.9100 1.6039 25.8698 0.0609 0.9990
Car 0.0000 0.0000 0.0000 481.0000 170.0000 559.0000 198.0000 1.5665 1.6676 4.2452 -5.1401 1.3509 41.8041 0.0492 0.9985
Car 0.0000 0.0000 0.0000 653.0000 166.0000 692.0000 198.0000 1.5784 1.6788 4.2003 3.3940 1.2099 38.9446 1.5631 0.9969
Car 0.0000 0.0000 0.0000 321.0000 180.0000 451.0000 237.0000 1.5637 1.5284 3.2871 -6.4241 1.7518 20.8683 0.0435 0.9956
Car 0.0000 0.0000 0.0000 1077.0000 153.0000 1200.0000 199.0000 1.5280 1.6837 4.0884 19.0890 0.8471 26.2076 1.5708 0.9757
