Car 0.0000 0.0000 0.0000 426.0000 183.0000 522.0000 255.0000 1.5654 1.6689 3.8133 -3.2635 1.8092 17.8817 1.5688 0.9999
Car 0.0000 0.0000 0.0000 774.0000 188.0000 953.0000 302.0000 1.5006 1.6183 3.3479 3.8292 1.7515 11.5090 1.5606 0.9999
Car 0.0000 0.0000 0.0000 734.0000 185.0000 844.0000 258.0000 1.4924 1.6360 3.6853 4.0606 1.7665 16.9282 1.5649 0.9999
Car 0.0000 0.0000 0.0000 479.0000 183.0000 553.0000 234.0000 1.5016 1.5875 3.5970 -2.9447 1.8137 23.2967 -1.4747 0.9997
Car 0.0000 0.0000 0.0000 -206.0000 204.0000 349.0000 492.0000 1.4400 1.6357 3.8676 -3.7005 1.7551 5.8802 1.5708 0.9996
Car 0.0000 0.0000 0.0000 565.0000 183.0000 612.0000 214.0000 1.4944 1.7049 4.0865 -1.0080 1.9845 37.9362 -1.3965 0.9995
Car 0.0000 0.0000 0.0000 656.0000 179.0000 690.0000 203.0000 1.5478 1.6862 3.9851 4.3203 1.8894 48.1175 -1.3420 0.9987
Car 0.0000 0.0000 0.0000 716.0000 181.0000 779.0000 231.0000 1.4863 1.6110 4.1679 4.4613 1.7300 23.7983 1.5708 0.9983
Car 0.0000 0.0000 0.0000 520.0000 181.0000 576.0000 221.0000 1.5842 1.6402 4.0118 -2.5547 1.9029 30.7203 -1.4663 0.9981
Car 0.0000 0.0000 0.0000 702.0000 179.0000 748.0000 217.0000 1.5098 1.6292 3.6810 4.9643 1.7414 31.1693 1.5708 0.9970
Car 0.0000 0.0000 0.0000 -395.0000 197.0000 -184.0000 252.0000 1.4898 1.7303 3.9993 -28.8562 2.3052 23.2888 1.5708 0.9679
