Car 0.0000 0.0000 0.0000 408.0000 175.0000 469.0000 212.0000 1.5050 1.7073 4.3964 -7.3938 1.5612 31.5363 1.5432 0.9997
Car 0.0000 0.0000 0.0000 512.0000 170.0000 548.0000 201.0000 1.5064 1.6312 3.7661 -4.1363 1.3377 38.0814 1.5210 0.9997
Car 0.0000 0.0000 0.0000 815.0000 191.0000 1114.0000 406.0000 1.4523 1.5995 3.5755 3.0013 1.6513 6.9568 -1.4095 0.9997
Car 0.0000 0.0000 0.0000 193.0000 178.0000 281.0000 215.0000 1.4818 1.6897 4.3642 -16.2213 1.6871 31.6449 1.5532 0.9997
Car 0.0000 0.0000 0.0000 762.0000 171.0000 819.0000 207.0000 1.5514 1.6669 4.0568 8.3243 1.4451 33.3778 1.5708 0.9995
Car 0.0000 0.0000 0.0000 92.0000 181.0000 171.0000 218.0000 1.4942 1.6427 3.5003 -21.0354 1.8252 31.8244 1.3942 0.9994
Car 0.0000 0.0000 0.0000 329.0000 164.0000 402.0000 214.0000 2.0069 1.8223 4.7014 -10.5941 1.6385 31.6360 1.5234 0.9992
Car 0.0000 0.0000 0.0000 609.0000 166.0000 640.0000 189.0000 1.4631 1.6299 3.6752 1.0502 0.9723 49.3302 1.4719 0.9992
Car 0.0000 0.0000 0.0000 709.0000 173.0000 770.0000 209.0000 1.5379 1.6668 3.9937 5.8787 1.5183 32.8407 1.4691 0.9976
Car 0.0000 0.0000 0.0000 865.0000 170.0000 1041.0000 250.0000 1.6287 1.6083 3.9660 7.8607 1.5661 16.4421 -0.5082 0.9965
Car 0.0000 0.0000 0.0000 579.0000 160.0000 623.0000 213.0000 2.1961 1.8021 4.8151 -0.3666 1.6334 32.0534 1.5533 0.9962
Car 0.0000 0.0000 0.0000 827.0000 152.0000 954.0000 266.0000 1.5846 1.6899 3.8595 4.7465 1.2973 12.1771 -1.1778 0.9959
Car 0.0000 0.0000 0.0000 649.0000 163.0000 674.0000 184.0000 1.6516 1.7252 3.9650 4.3403 0.8286 59.5330 1.5440 0.9951
Car 0.0000 0.0000 0.0000 -134.0000 186.0000 63.0000 253.0000 1.5369 1.5777 3.6629 -15.7907 1.8501 17.6744 0.1102 0.9923
Car 0.0000 0.0000 0.0000 858.0000 150.0000 1022.0000 216.0000 2.2992 1.8854 5.1559 12.1256 1.4957 26.6108 0.0409 0.9920
Car 0.0000 0.0000 0.0000 -485.0000 -923.0000 2950.0000 585.0000 2.4074 1.9098 4.7294 -3.8590 1.8516 1.0475 1.4600 0.9911
Car 0.0000 0.0000 0.0000 160.0000 176.0000 219.0000 213.0000 1.5651 1.5814 3.7041 -18.9282 1.6809 32.5989 1.2417 0.9888
