Car 0.0000 0.0000 0.0000 463.0000 181.0000 531.0000 239.0000 1.4895 1.6179 3.6283 -3.1618 1.7077 20.7536 1.5093 1.0000
Car 0.0000 0.0000 0.0000 762.0000 186.0000 1036.0000 362.0000 1.5745 1.6598 3.8669 3.0532 1.7423 8.5836 1.5594 0.9999
Car 0.0000 0.0000 0.0000 663.0000 183.0000 718.0000 226.0000 1.4669 1.5916 3.8412 2.9904 1.8257 27.0989 1.5657 0.9998
Car 0.0000 0.0000 0.0000 919.0000 204.0000 2630.0000 1047.0000 1.4929 1.6353 3.8845 3.0811 1.7055 3.3473 1.5610 0.9997
Car 0.0000 0.0000 0.0000 533.0000 180.0000 569.0000 208.0000 1.5319 1.5897 3.9904 -3.3968 1.8710 41.6109 1.3678 0.9990
Car 0.0000 0.0000 0.0000 519.0000 182.0000 557.0000 216.0000 1.4421 1.6111 4.0248 -3.2459 1.8334 33.4437 1.5042 0.9987
Car 0.0000 0.0000 0.0000 650.0000 180.0000 680.0000 207.0000 1.4768 1.6644 3.8884 3.2470 1.8230 42.1134 1.5708 0.9985
Car 0.0000 0.0000 0.0000 685.0000 133.0000 834.0000 273.0000 2.5314 1.9492 5.4057 2.9930 1.8114 15.7678 1.5414 0.9980
Car 0.0000 0.0000 0.0000 551.0000 175.0000 578.0000 199.0000 1.5703 1.7019 4.1494 -3.1011 1.6832 51.1157 1.5664 0.9792
Car 0.0000 0.0000 0.0000 565.0000 177.0000 587.0000 196.0000 1.5991 1.6412 4.2208 -2.8065 1.8558 62.5621 1.5708 0.9778
