Car 0.0000 0.0000 0.0000 336.0000 202.0000 418.0000 273.0000 1.5670 1.5933 3.3737 -6.1944 2.3602 18.9509 1.1231 0.9999
Car 0.0000 0.0000 0.0000 387.0000 202.0000 515.0000 293.0000 1.4863 1.5423 3.5658 -3.3273 2.1084 14.5310 1.0562 0.9999
Car 0.0000 0.0000 0.0000 452.0000 199.0000 655.0000 336.0000 1.4978 1.5913 3.8371 -1.0374 1.9097 10.4535 1.1064 0.9998
Car 0.0000 0.0000 0.0000 560.0000 193.0000 974.0000 455.0000 1.5000 1.5770 3.6140 0.9842 1.7075 6.3015 1.0884 0.9997
Car 0.0000 0.0000 0.0000 -283.0000 219.0000 83.0000 440.0000 1.5372 1.6521 4.0997 -7.3807 2.1617 8.0075 1.1276 0.9995
Car 0.0000 0.0000 0.0000 286.0000 208.0000 337.0000 251.0000 1.5064 1.6093 3.8835 -12.3675 3.0145 30.0686 1.2710 0.9993
Car 0.0000 0.0000 0.0000 -31.0000 229.0000 107.0000 335.0000 1.4820 1.5444 3.4299 -10.6990 2.6446 13.6522 1.0581 0.9990
Car 0.0000 0.0000 0.0000 131.0000 215.0000 193.0000 246.0000 1.5027 1.6038 3.9247 -26.3607 4.0643 42.5999 1.4499 0.9984
Car 0.0000 0.0000 0.0000 83.0000 216.0000 151.0000 276.0000 1.5699 1.6646 3.9417 -15.9411 3.0497 23.4266 1.0149 0.9982
Car 0.0000 0.0000 0.0000 -4774.0000 218.0000 -61.0000 2557.0000 1.5489 1.6794 4.2896 -4.4964 1.8438 2.8284 1.0582 0.9974
Car 0.0000 0.0000 0.0000 1835.0000 118.0000 2423.0000 410.0000 1.8251 1.7023 4.1249 12.5863 1.4760 6.3231 -0.5646 0.9944
Car 0.0000 0.0000 0.0000 369.0000 191.0000 410.0000 214.0000 1.5173 1.6255 4.0421 -15.8238 2.8127 52.0874 1.5708 0.9842
Car 0.0000 0.0000 0.0000 243.0000 209.0000 285.0000 235.0000 1.4932 1.5749 3.7726 -23.5655 3.9951 49.3036 1.4183 0.9833
Car 0.0000 0.0000 0.0000 203.0000 227.0000 300.0000 268.0000 1.5507 1.5282 3.9018 -16.5092 4.1423 33.3789 -0.4317 0.9691
Car 0.0000 0.0000 0.0000 1795.0000 113.0000 2213.0000 299.0000 1.8243 1.7272 4.1892 16.8074 1.2239 8.9720 -0.6355 0.9690
