Car 0.0000 0.0000 0.0000 693.0000 178.0000 825.0000 278.0000 1.6282 1.6161 3.5527 2.6604 1.7143 13.6598 1.5310 0.9999
Car 0.0000 0.0000 0.0000 653.0000 181.0000 707.0000 225.0000 1.5177 1.5742 3.4617 2.6094 1.8144 27.3937 1.5337 0.9998
Car 0.0000 0.0000 0.0000 226.0000 158.0000 406.0000 234.0000 1.6854 1.6179 3.6075 -6.8926 1.3516 17.1205 -0.0026 0.9997
Car 0.0000 0.0000 0.0000 177.0000 177.0000 409.0000 261.0000 1.5736 1.6528 4.0338 -6.4126 1.6681 14.8269 -0.0028 0.9997
Car 0.0000 0.0000 0.0000 371.0000 174.0000 495.0000 225.0000 1.6761 1.6424 3.8806 -6.0318 1.6961 24.9094 0.0108 0.9995
Car 0.0000 0.0000 0.0000 811.0000 196.0000 1640.0000 659.0000 1.4857 1.6391 4.0756 2.6960 1.6827 4.5469 1.5391 0.9994
Car 0.0000 0.0000 0.0000 91.0000 174.0000 374.0000 277.0000 1.5960 1.6403 3.9915 -6.3056 1.6301 12.2556 0.0410 0.9991
Car 0.0000 0.0000 0.0000 341.0000 181.0000 477.0000 234.0000 1.5752 1.6077 3.7887 -6.2353 1.8058 22.6353 0.0435 0.9987
Car 0.0000 0.0000 0.0000 282.0000 174.0000 428.0000 234.0000 1.5928 1.5730 3.5120 -7.0460 1.6123 20.0692 0.0953 0.9975
Car 0.0000 0.0000 0.0000 697.0000 173.0000 796.0000 212.0000 1.6530 1.6790 4.1375 6.1488 1.6382 32.4744 -0.0051 0.9963
Car 0.0000 0.0000 0.0000 628.0000 178.0000 648.0000 196.0000 1.4373 1.6238 3.8860 2.5212 1.7699 61.0726 1.5708 0.9940
Car 0.0000 0.0000 0.0000 660.0000 160.0000 722.0000 185.0000 1.5807 1.6445 3.8182 5.4347 0.6923 47.8606 0.6874 0.9924
Car 0.0000 0.0000 0.0000 397.0000 176.0000 507.0000 220.0000 1.6030 1.6102 3.7726 -5.9602 1.6877 27.4472 0.0786 0.9917
Car 0.0000 0.0000 0.0000 405.0000 173.0000 496.0000 211.0000 1.6184 1.5899 3.6530 -7.0996 1.6209 32.3678 0.0971 0.9901
Car 0.0000 0.0000 0.0000 409.0000 175.0000 505.0000 215.0000 1.5701 1.5766 3.5894 -6.2091 1.6344 29.6456 0.0212 0.9852
Car 0.0000 0.0000 0.0000 451.0000 159.0000 527.0000 191.0000 1.8959 1.7779 4.3210 -7.3078 1.0056 44.1048 0.0127 0.9850
Car 0.0000 0.0000 0.0000 431.0000 174.0000 517.0000 209.0000 1.6159 1.6058 3.7097 -6.4410 1.6336 34.4727 0.0908 0.9705
