Car 0.0000 0.0000 0.0000 179.0000 202.0000 418.0000 347.0000 1.4388 1.6483 3.4608 -3.8643 1.8753 9.5171 1.5708 0.9999
Car 0.0000 0.0000 0.0000 656.0000 184.0000 717.0000 231.0000 1.4799 1.6202 3.9964 2.6030 1.8350 25.1040 1.5501 0.9997
Car 0.0000 0.0000 0.0000 836.0000 166.0000 1041.0000 236.0000 1.5929 1.6723 4.3030 8.0375 1.4414 17.8864 -0.0004 0.9996
Car 0.0000 0.0000 0.0000 420.0000 190.0000 480.0000 231.0000 1.4966 1.6393 3.8221 -6.4334 2.1794 29.3483 1.5576 0.9994
Car 0.0000 0.0000 0.0000 475.0000 189.0000 516.0000 218.0000 1.4823 1.6640 4.0600 -6.3464 2.3471 40.7332 1.5703 0.9993
Car 0.0000 0.0000 0.0000 805.0000 159.0000 983.0000 225.0000 1.8030 1.7522 4.4642 8.1894 1.4150 21.0138 0.0082 0.9992
Car 0.0000 0.0000 0.0000 306.0000 191.0000 406.0000 257.0000 1.4355 1.5709 3.5171 -6.3608 1.9114 18.3481 1.4841 0.9990
Car 0.0000 0.0000 0.0000 754.0000 171.0000 876.0000 215.0000 1.5653 1.6544 4.1266 7.6856 1.4689 27.1495 0.0186 0.9988
Car 0.0000 0.0000 0.0000 1073.0000 158.0000 1194.0000 198.0000 1.5897 1.6155 3.8799 22.1416 0.9719 30.4947 0.8560 0.9968
Car 0.0000 0.0000 0.0000 1043.0000 151.0000 1110.0000 190.0000 1.7302 1.6668 4.1237 22.0244 0.7095 34.0441 -1.2452 0.9963
Car 0.0000 0.0000 0.0000 1115.0000 138.0000 1273.0000 193.0000 1.9868 1.8172 4.4822 21.9331 0.6855 27.1078 -0.0306 0.9961
Car 0.0000 0.0000 0.0000 -9095.0000 227.0000 192.0000 4293.0000 1.4777 1.7635 4.3678 -3.5758 1.8211 2.5452 1.5121 0.9960
Car 0.0000 0.0000 0.0000 694.0000 172.0000 749.0000 195.0000 1.5759 1.6259 3.9126 8.3092 1.4872 52.8878 0.2411 0.9904
Car 0.0000 0.0000 0.0000 396.0000 194.0000 459.0000 242.0000 1.5067 1.6514 4.1425 -6.5071 2.2836 26.1019 1.4587 0.9807
