Car 0.0000 0.0000 0.0000 251.0000 165.0000 455.0000 242.0000 1.7628 1.7465 4.4450 -6.2535 1.5873 17.8604 -0.0001 0.9997
Car 0.0000 0.0000 0.0000 662.0000 181.0000 721.0000 226.0000 1.4816 1.6169 3.9018 2.8886 1.7281 25.9749 1.5584 0.9997
Car 0.0000 0.0000 0.0000 677.0000 186.0000 776.0000 256.0000 1.4041 1.5755 3.8877 2.5920 1.7045 16.8401 1.5465 0.9996
Car 0.0000 0.0000 0.0000 644.0000 175.0000 674.0000 200.0000 1.4818 1.5897 3.7604 3.0674 1.5501 44.5075 1.5708 0.9996
Car 0.0000 0.0000 0.0000 550.0000 178.0000 585.0000 205.0000 1.4448 1.6141 3.7459 -2.2976 1.7029 41.1202 1.5708 0.9996
Car 0.0000 0.0000 0.0000 2.0000 182.0000 343.0000 300.0000 1.5450 1.6193 4.0057 -6.2411 1.6818 10.5249 0.0036 0.9991
Car 0.0000 0.0000 0.0000 358.0000 183.0000 493.0000 233.0000 1.5073 1.6045 3.8484 -5.8294 1.8080 23.0379 0.0637 0.9986
Car 0.0000 0.0000 0.0000 385.0000 179.0000 503.0000 224.0000 1.5615 1.6066 3.7801 -5.9196 1.7603 25.9445 0.1515 0.9972
Car 0.0000 0.0000 0.0000 430.0000 175.0000 518.0000 213.0000 1.6216 1.5855 3.6423 -5.9941 1.7025 32.1974 -0.0047 0.9967
Car 0.0000 0.0000 0.0000 292.0000 175.0000 437.0000 234.0000 1.5800 1.5495 3.5862 -6.9201 1.6340 20.4789 0.1230 0.9931
Car 0.0000 0.0000 0.0000 -922.0000 188.0000 -46.0000 493.0000 1.5520 1.5137 3.3841 -6.5318 1.6690 4.5342 0.0429 0.9692
