Car 0.0000 0.0000 0.0000 849.0000 178.0000 955.0000 248.0000 1.5393 1.6011 3.3873 6.9602 1.6355 17.4823 -1.4315 0.9999
Car 0.0000 0.0000 0.0000 1005.0000 189.0000 1486.0000 449.0000 1.5087 1.5889 3.4403 4.8021 1.6746 6.1718 -1.3612 0.9999
Car 0.0000 0.0000 0.0000 441.0000 184.0000 598.0000 281.0000 1.4884 1.6493 3.9034 -1.5073 1.6910 13.2896 -1.3519 0.9999
Car 0.0000 0.0000 0.0000 612.0000 175.0000 680.0000 223.0000 1.5120 1.6711 3.8593 1.3392 1.5582 24.9029 -1.3384 0.9999
Car 0.0000 0.0000 0.0000 646.0000 175.0000 695.0000 215.0000 1.5752 1.5540 3.4930 2.6366 1.6471 30.1903 -1.3449 0.9997
Car 0.0000 0.0000 0.0000 842.0000 175.0000 913.0000 229.0000 1.5566 1.6254 3.7161 8.3060 1.5955 22.5905 -1.3399 0.9991
Car 0.0000 0.0000 0.0000 672.0000 174.0000 715.0000 205.0000 1.5483 1.5949 3.7337 4.4458 1.5419 37.3477 -1.2919 0.9989
Car 0.0000 0.0000 0.0000 -2671.0000 198.0000 59.0000 1098.0000 1.6328 1.6849 4.2445 -5.3192 1.8090 3.3757 -0.6648 0.9987
Car 0.0000 0.0000 0.0000 712.0000 175.0000 742.0000 201.0000 1.4886 1.6083 3.8693 7.2349 1.5631 44.1766 -1.4603 0.9964
Car 0.0000 0.0000 0.0000 792.0000 168.0000 828.0000 190.0000 1.5525 1.6938 3.8393 14.8354 1.1447 52.8349 -1.0734 0.9960
Car 0.0000 0.0000 0.0000 -348.0000 185.0000 -155.0000 239.0000 1.4608 1.5818 3.3919 -25.9035 1.8049 21.7719 -1.2744 0.9925
Car 0.0000 0.0000 0.0000 455.0000 178.0000 481.0000 193.0000 1.4465 1.6093 3.5403 -13.8488 1.8567 71.1050 1.5708 0.9855
Car 0.0000 0.0000 0.0000 826.0000 170.0000 880.0000 212.0000 1.5843 1.6466 3.8611 9.8745 1.4574 29.3485 -1.3561 0.9740
