Car 0.0000 0.0000 0.0000 189.0000 203.0000 453.0000 378.0000 1.4021 1.5590 3.6533 -2.9911 1.8076 8.1964 1.5659 0.9999
Car 0.0000 0.0000 0.0000 751.0000 179.0000 866.0000 284.0000 1.5233 1.6293 3.0857 3.2195 1.6263 12.2212 -1.3815 0.9999
Car 0.0000 0.0000 0.0000 373.0000 188.0000 520.0000 290.0000 1.5008 1.6618 4.1113 -2.7695 1.7787 13.0169 1.5708 0.9998
Car 0.0000 0.0000 0.0000 481.0000 181.0000 544.0000 235.0000 1.5697 1.5735 3.5328 -3.0407 1.8191 23.0648 1.5636 0.9996
Car 0.0000 0.0000 0.0000 1023.0000 164.0000 1143.0000 212.0000 1.5500 1.6133 3.8915 16.4228 1.2166 24.9446 -0.4142 0.9988
Car 0.0000 0.0000 0.0000 740.0000 168.0000 836.0000 206.0000 1.6028 1.6546 4.0039 7.9826 1.3740 32.0961 0.3385 0.9986
Car 0.0000 0.0000 0.0000 952.0000 163.0000 1048.0000 200.0000 1.6765 1.6672 4.0063 18.5896 1.1642 34.2150 -0.3084 0.9984
Car 0.0000 0.0000 0.0000 514.0000 185.0000 564.0000 227.0000 1.4862 1.6111 3.7635 -2.7896 1.9293 27.9187 1.3969 0.9974
Car 0.0000 0.0000 0.0000 753.0000 175.0000 859.0000 247.0000 1.4672 1.5550 3.3661 4.5828 1.4955 16.5559 -1.0522 0.9963
Car 0.0000 0.0000 0.0000 786.0000 176.0000 911.0000 241.0000 1.6857 1.6346 3.9128 6.9873 1.7715 20.8685 -0.7128 0.9960
Car 0.0000 0.0000 0.0000 547.0000 169.0000 609.0000 191.0000 1.5917 1.6866 4.4561 -2.3247 1.2711 54.9468 -0.2474 0.9959
Car 0.0000 0.0000 0.0000 1158.0000 145.0000 2127.0000 430.0000 1.5684 1.6313 3.9200 6.4811 1.4352 5.0534 0.1482 0.9943
Car 0.0000 0.0000 0.0000 -22105.0000 228.0000 111.0000 10420.0000 1.5397 1.6904 3.6437 -3.5214 1.8205 1.9503 1.5708 0.9913
Car 0.0000 0.0000 0.0000 1008.0000 154.0000 1062.0000 176.0000 1.7684 1.7257 4.1560 36.3687 0.1142 61.3310 -0.3671 0.9818
Car 0.0000 0.0000 0.0000 -3645.0000 -851.0000 2027.0000 514.0000 1.5745 1.6621 4.2170 5.3152 1.4783 1.0619 1.5708 0.9605
