Car 0.0000 0.0000 0.0000 424.0000 183.0000 472.0000 215.0000 1.4651 1.6038 3.4937 -7.7080 1.8903 34.7475 1.5405 0.9999
Car 0.0000 0.0000 0.0000 650.0000 176.0000 673.0000 195.0000 1.4771 1.6331 3.6563 4.1942 1.6593 57.7279 1.5708 0.9992
Car 0.0000 0.0000 0.0000 -468.0000 187.0000 43.0000 358.0000 1.5334 1.5892 3.5393 -8.3042 1.6972 7.4609 0.0189 0.9990
Car 0.0000 0.0000 0.0000 285.0000 185.0000 409.0000 242.0000 1.6591 1.6051 3.5658 -8.3546 2.0310 22.9006 -0.4142 0.9990
Car 0.0000 0.0000 0.0000 -63.0000 183.0000 232.0000 304.0000 1.6941 1.6202 3.7802 -8.4773 1.8734 11.9994 -0.4972 0.9983
Car 0.0000 0.0000 0.0000 61.0000 186.0000 277.0000 274.0000 1.6191 1.5677 3.5619 -9.0154 1.8934 15.0091 -0.3226 0.9974
Car 0.0000 0.0000 0.0000 200.0000 183.0000 339.0000 249.0000 1.6744 1.5502 3.3307 -9.3002 1.9370 19.9185 -0.3208 0.9968
Car 0.0000 0.0000 0.0000 -1411.0000 161.0000 -307.0000 499.0000 1.6783 1.6361 3.5723 -8.5294 1.6396 4.4470 0.0148 0.9964
Car 0.0000 0.0000 0.0000 1343.0000 93.0000 1902.0000 251.0000 1.7882 1.7269 4.3749 14.0422 0.8877 10.4855 1.2512 0.9950
Car 0.0000 0.0000 0.0000 443.0000 179.0000 488.0000 210.0000 1.5666 1.6730 4.0210 -7.8265 1.8628 39.6880 1.5704 0.9939
Car 0.0000 0.0000 0.0000 400.0000 182.0000 439.0000 209.0000 1.4579 1.5866 3.8016 -10.7755 1.9241 41.1781 1.4578 0.9895
Car 0.0000 0.0000 0.0000 973.0000 131.0000 1083.0000 188.0000 1.6842 1.7125 4.2852 13.5604 0.4113 23.2290 -0.6980 0.9870
Car 0.0000 0.0000 0.0000 1123.0000 133.0000 1384.0000 222.0000 1.7151 1.6437 3.7913 13.4756 0.9443 15.3723 0.3924 0.9869
Car 0.0000 0.0000 0.0000 197.0000 174.0000 276.0000 208.0000 1.6221 1.5294 3.3710 -18.5995 1.6342 36.1083 -0.3649 0.9691
