Car 0.0000 0.0000 0.0000 667.0000 184.0000 759.0000 249.0000 1.4707 1.6694 4.2132 2.5567 1.7406 18.7719 1.5509 0.9998
Car 0.0000 0.0000 0.0000 -16.0000 180.0000 352.0000 300.0000 1.5697 1.6774 4.3661 -6.2913 1.6823 10.5544 -0.0168 0.9993
Car 0.0000 0.0000 0.0000 186.0000 179.0000 400.0000 259.0000 1.5715 1.6052 3.8156 -6.6104 1.6949 15.2369 0.0296 0.9989
Car 0.0000 0.0000 0.0000 84.0000 176.0000 332.0000 270.0000 1.5683 1.5669 3.6205 -7.1856 1.6351 13.0532 0.0232 0.9989
Car 0.0000 0.0000 0.0000 318.0000 181.0000 474.0000 240.0000 1.5088 1.5800 3.8275 -5.8393 1.7303 19.9072 -0.0013 0.9988
Car 0.0000 0.0000 0.0000 629.0000 179.0000 651.0000 196.0000 1.4502 1.6012 3.7017 2.6362 1.8596 61.9048 1.5378 0.9988
Car 0.0000 0.0000 0.0000 227.0000 173.0000 383.0000 243.0000 1.5705 1.5192 3.2654 -7.3481 1.5780 17.3926 0.2981 0.9985
Car 0.0000 0.0000 0.0000 745.0000 179.0000 870.0000 230.0000 1.5769 1.5989 3.7050 6.3902 1.7732 23.5147 0.1130 0.9984
Car 0.0000 0.0000 0.0000 309.0000 149.0000 496.0000 228.0000 2.3432 1.8605 5.3054 -6.4108 1.6316 22.5829 0.0907 0.9983
Car 0.0000 0.0000 0.0000 719.0000 174.0000 830.0000 218.0000 1.6300 1.6596 3.9211 6.3460 1.6516 27.9258 -0.0093 0.9975
Car 0.0000 0.0000 0.0000 427.0000 177.0000 520.0000 214.0000 1.5938 1.6270 3.8003 -6.1216 1.7506 32.5722 0.1681 0.9974
Car 0.0000 0.0000 0.0000 409.0000 179.0000 504.0000 218.0000 1.5279 1.5572 3.6359 -6.3471 1.7699 30.1303 -0.0070 0.9952
Car 0.0000 0.0000 0.0000 -1952.0000 -888.0000 1260.0000 789.0000 2.7573 2.0248 5.6433 3.0386 1.7908 1.5986 1.5422 0.9946
Car 0.0000 0.0000 0.0000 667.0000 175.0000 736.0000 201.0000 1.6430 1.6878 4.3445 6.0712 1.7106 47.4373 -0.0042 0.9896
Car 0.0000 0.0000 0.0000 459.0000 177.0000 536.0000 209.0000 1.5796 1.5945 3.6824 -5.7241 1.7487 37.1562 0.0938 0.9860
Car 0.0000 0.0000 0.0000 -733.0000 181.0000 97.0000 457.0000 1.5975 1.5934 3.7833 -6.1697 1.6713 5.1208 -0.0244 0.9767
Car 0.0000 0.0000 0.0000 464.0000 165.0000 537.0000 194.0000 1.6201 1.6168 3.9243 -6.3427 1.1271 42.2774 0.1618 0.9625
