Car 0.0000 0.0000 0.0000 286.0000 196.0000 353.0000 230.0000 1.6208 1.8358 4.5399 -15.3526 2.8275 38.4075 1.5437 0.9998
Car 0.0000 0.0000 0.0000 390.0000 190.0000 440.0000 220.0000 1.7099 1.8589 4.5677 -12.1326 2.7275 45.2984 1.5708 0.9998
Car 0.0000 0.0000 0.0000 566.0000 183.0000 677.0000 289.0000 1.5607 1.6521 3.4044 0.1568 1.7373 12.5119 1.5708 0.9997
Car 0.0000 0.0000 0.0000 211.0000 202.0000 281.0000 236.0000 1.4916 1.6578 3.9015 -18.4928 2.9952 36.8527 1.5606 0.9996
Car 0.0000 0.0000 0.0000 991.0000 182.0000 1152.0000 232.0000 1.5686 1.6746 4.2586 15.3910 1.8580 24.1407 0.0668 0.9991
Car 0.0000 0.0000 0.0000 1200.0000 179.0000 1364.0000 228.0000 1.5248 1.5851 3.7977 22.2873 1.7279 23.9519 0.0778 0.9987
Car 0.0000 0.0000 0.0000 -7548.0000 -2677.0000 13723.0000 7286.0000 1.5083 1.6427 3.8400 4.4896 1.6746 1.6653 -1.2048 0.9945
Car 0.0000 0.0000 0.0000 1584.0000 179.0000 1819.0000 233.0000 1.6071 1.6462 4.2461 34.0482 1.7753 22.5531 0.1285 0.9930
Car 0.0000 0.0000 0.0000 -87.0000 228.0000 21.0000 269.0000 1.5301 1.6505 3.6792 -29.0521 4.0951 32.6846 1.5708 0.9930
Car 0.0000 0.0000 0.0000 378.0000 194.0000 410.0000 217.0000 1.5347 1.5962 3.9558 -15.6358 3.0173 52.5336 1.4382 0.9922
