Car 0.0000 0.0000 0.0000 349.0000 182.0000 460.0000 253.0000 1.5365 1.6945 4.4207 -4.9616 1.7463 17.9863 1.5279 0.9999
Car 0.0000 0.0000 0.0000 26.0000 192.0000 257.0000 295.0000 1.4360 1.6596 3.7737 -7.8858 1.7967 12.5627 1.5426 0.9997
Car 0.0000 0.0000 0.0000 469.0000 143.0000 531.0000 216.0000 2.8485 2.0593 5.4513 -4.6258 1.6625 31.2427 1.5291 0.9996
Car 0.0000 0.0000 0.0000 225.0000 187.0000 339.0000 248.0000 1.4470 1.6080 3.4746 -8.8222 1.8357 19.6815 1.5478 0.9995
Car 0.0000 0.0000 0.0000 -5600.0000 201.0000 202.0000 2882.0000 1.5713 1.6579 4.0104 -3.3312 1.7363 2.5134 1.5020 0.9993
Car 0.0000 0.0000 0.0000 -43.0000 182.0000 135.0000 255.0000 1.4679 1.6045 3.4918 -12.7949 1.6707 16.5879 1.4791 0.9990
Car 0.0000 0.0000 0.0000 261.0000 179.0000 348.0000 222.0000 1.5009 1.6727 4.0843 -11.5753 1.6972 27.6061 1.5580 0.9978
Car 0.0000 0.0000 0.0000 575.0000 178.0000 607.0000 207.0000 1.5158 1.7102 3.6478 -1.0348 1.7485 40.3748 1.5237 0.9972
Car 0.0000 0.0000 0.0000 353.0000 181.0000 403.0000 209.0000 1.4635 1.7267 4.0916 -13.0779 1.8957 40.9799 1.5192 0.9925
Car 0.0000 0.0000 0.0000 577.0000 175.0000 602.0000 195.0000 1.5201 1.6776 3.9362 -1.5284 1.6530 58.9553 1.5708 0.9899
Car 0.0000 0.0000 0.0000 407.0000 174.0000 462.0000 208.0000 1.5609 1.7209 4.4315 -8.5609 1.6001 35.6451 1.5523 0.9873
Car 0.0000 0.0000 0.0000 369.0000 178.0000 433.0000 217.0000 1.4405 1.6113 3.6298 -8.4061 1.6303 29.3196 1.5454 0.9873
Car 0.0000 0.0000 0.0000 -1444.0000 198.0000 -88.0000 596.0000 1.4560 1.6294 3.9095 -7.4052 1.6765 4.8140 1.5518 0.9871
Car 0.0000 0.0000 0.0000 510.0000 182.0000 540.0000 208.0000 1.4504 1.6002 3.8673 -4.9086 1.9069 42.4879 1.5055 0.9693
