Car 0.0000 0.0000 0.0000 427.0000 182.0000 499.0000 230.0000 1.5083 1.6803 4.3344 -5.0528 1.8238 25.3478 1.5593 0.9999
Car 0.0000 0.0000 0.0000 226.0000 191.0000 450.0000 339.0000 1.5220 1.6089 4.0028 -3.4177 1.7964 9.8071 1.5500 0.9998
Car 0.0000 0.0000 0.0000 573.0000 182.0000 607.0000 214.0000 1.6084 1.7171 3.7440 -1.0385 2.0359 38.5545 1.5335 0.9995
Car 0.0000 0.0000 0.0000 43.0000 195.0000 269.0000 299.0000 1.4235 1.6250 3.7990 -7.6360 1.8454 12.5420 1.5439 0.9994
Car 0.0000 0.0000 0.0000 283.0000 182.0000 384.0000 237.0000 1.4469 1.6240 3.7717 -8.0252 1.6953 21.2829 1.5458 0.9990
Car 0.0000 0.0000 0.0000 203.0000 184.0000 296.0000 229.0000 1.4615 1.5914 3.7887 -12.8959 1.8466 26.0303 1.5319 0.9987
Car 0.0000 0.0000 0.0000 499.0000 163.0000 543.0000 212.0000 2.5180 1.9735 5.3620 -4.8124 1.9815 40.1743 1.5290 0.9969
Car 0.0000 0.0000 0.0000 45.0000 185.0000 202.0000 249.0000 1.4707 1.6357 3.7941 -12.5651 1.7860 18.8992 1.5426 0.9963
Car 0.0000 0.0000 0.0000 356.0000 182.0000 421.0000 220.0000 1.4209 1.6019 3.6905 -8.8909 1.7609 29.2130 1.5373 0.9952
Car 0.0000 0.0000 0.0000 387.0000 182.0000 425.0000 207.0000 1.6079 1.6382 3.8199 -13.5108 2.1448 48.1714 1.5262 0.9875
