Car 0.0000 0.0000 0.0000 324.0000 190.0000 431.0000 257.0000 1.4899 1.5851 3.6549 -5.8272 1.9304 18.4649 1.5629 0.9999
Car 0.0000 0.0000 0.0000 156.0000 197.0000 373.0000 308.0000 1.5084 1.7413 4.2782 -5.7683 1.9724 12.6572 1.5708 0.9999
Car 0.0000 0.0000 0.0000 424.0000 186.0000 499.0000 231.0000 1.5746 1.7212 4.1907 -5.5990 2.0476 27.7080 1.5708 0.9999
Car 0.0000 0.0000 0.0000 727.0000 174.0000 889.0000 284.0000 1.5845 1.6562 4.0282 3.1824 1.6071 12.4603 1.5657 0.9998
Car 0.0000 0.0000 0.0000 685.0000 183.0000 758.0000 236.0000 1.4848 1.5773 3.8306 3.3816 1.7810 22.4155 1.5511 0.9997
Car 0.0000 0.0000 0.0000 804.0000 192.0000 1216.0000 422.0000 1.4649 1.6254 4.0582 3.2287 1.6836 6.9063 1.5545 0.9996
Car 0.0000 0.0000 0.0000 653.0000 179.0000 693.0000 211.0000 1.5209 1.5834 3.6282 3.2094 1.7863 36.6050 1.5350 0.9993
Car 0.0000 0.0000 0.0000 909.0000 91.0000 1148.0000 232.0000 2.4774 1.9877 5.3398 8.5558 1.0337 15.4872 1.5702 0.9991
Car 0.0000 0.0000 0.0000 668.0000 181.0000 730.0000 224.0000 1.5134 1.6340 4.0088 3.3966 1.8099 27.8825 1.5034 0.9988
Car 0.0000 0.0000 0.0000 496.0000 183.0000 532.0000 210.0000 1.4970 1.6195 3.8399 -5.6036 2.0425 42.9394 1.5708 0.9986
Car 0.0000 0.0000 0.0000 1091.0000 152.0000 1588.0000 303.0000 1.5587 1.6310 4.1056 8.2253 1.3512 8.4239 0.0123 0.9985
Car 0.0000 0.0000 0.0000 1376.0000 139.0000 2201.0000 371.0000 1.5383 1.5878 3.8277 8.8035 1.3265 5.6751 0.0102 0.9966
Car 0.0000 0.0000 0.0000 -875.0000 219.0000 124.0000 602.0000 1.4725 1.7259 4.1265 -5.8625 1.9222 5.2914 1.5628 0.9964
