Car 0.0000 0.0000 0.0000 596.0000 180.0000 658.0000 236.0000 1.5047 1.6600 3.5158 0.4609 1.6809 21.2129 1.5628 0.9998
Car 0.0000 0.0000 0.0000 782.0000 166.0000 1029.0000 312.0000 1.7428 1.7158 4.3231 4.1010 1.6730 10.9202 1.5063 0.9998
Car 0.0000 0.0000 0.0000 416.0000 179.0000 541.0000 233.0000 1.5027 1.5823 3.7583 -4.0564 1.6907 22.0265 0.6389 0.9996
Car 0.0000 0.0000 0.0000 705.0000 181.0000 781.0000 233.0000 1.5204 1.6060 3.6431 4.1449 1.7403 22.8911 1.5378 0.9996
Car 0.0000 0.0000 0.0000 1026.0000 197.0000 2929.0000 996.0000 1.5236 1.6338 3.8646 3.8974 1.6883 3.4079 1.5625 0.9996
Car 0.0000 0.0000 0.0000 -150.0000 186.0000 180.0000 312.0000 1.4498 1.6313 3.8454 -8.2430 1.6478 10.4640 1.5708 0.9995
Car 0.0000 0.0000 0.0000 696.0000 170.0000 759.0000 221.0000 1.8288 1.7077 4.0756 4.5490 1.7063 28.1734 1.5584 0.9991
Car 0.0000 0.0000 0.0000 735.0000 180.0000 847.0000 249.0000 1.5031 1.5753 3.7290 4.2858 1.6505 17.6228 1.5127 0.9990
Car 0.0000 0.0000 0.0000 747.0000 167.0000 822.0000 197.0000 1.5777 1.5898 3.7317 9.6412 1.2072 39.6991 -0.0041 0.9987
Car 0.0000 0.0000 0.0000 139.0000 184.0000 404.0000 352.0000 1.5357 1.6189 3.8224 -4.1946 1.6653 8.5558 0.7768 0.9985
Car 0.0000 0.0000 0.0000 150.0000 174.0000 314.0000 254.0000 1.5110 1.5747 3.8548 -8.0093 1.5384 15.6459 1.5644 0.9982
Car 0.0000 0.0000 0.0000 159.0000 179.0000 237.0000 225.0000 1.4691 1.5511 3.4105 -14.2299 1.6518 25.0621 1.3078 0.9977
Car 0.0000 0.0000 0.0000 608.0000 173.0000 645.0000 208.0000 1.5963 1.6796 3.7310 0.7987 1.5573 34.7863 1.5677 0.9949
Car 0.0000 0.0000 0.0000 447.0000 174.0000 543.0000 215.0000 1.5879 1.5890 3.6817 -4.7192 1.6162 29.5945 0.4969 0.9946
Car 0.0000 0.0000 0.0000 233.0000 175.0000 447.0000 286.0000 1.6482 1.6115 3.6011 -4.7023 1.6877 12.3593 0.5843 0.9929
Car 0.0000 0.0000 0.0000 -306.0000 172.0000 -13.0000 265.0000 1.5027 1.6044 3.7029 -14.2925 1.4974 13.6748 1.5708 0.9910
Car 0.0000 0.0000 0.0000 470.0000 173.0000 556.0000 210.0000 1.5831 1.5701 3.4880 -4.3413 1.5638 32.4961 0.3990 0.9891
Car 0.0000 0.0000 0.0000 555.0000 170.0000 597.0000 195.0000 1.8160 1.7524 4.1427 -2.5248 1.5519 54.0992 1.1569 0.9876
Car 0.0000 0.0000 0.0000 285.0000 174.0000 387.0000 229.0000 1.4747 1.5662 3.5462 -7.8721 1.4840 21.0046 1.5708 0.9755
Car 0.0000 0.0000 0.0000 424.0000 169.0000 477.0000 203.0000 1.5361 1.5731 3.9488 -7.5732 1.3091 34.6505 1.5708 0.9687
