Car 0.0000 0.0000 0.0000 459.0000 180.0000 516.0000 221.0000 1.4779 1.6192 3.7258 -4.6989 1.7176 28.1914 1.5670 0.9999
Car 0.0000 0.0000 0.0000 -130.0000 196.0000 313.0000 402.0000 1.4821 1.7185 4.3113 -4.9718 1.7837 7.7730 1.5645 0.9999
Car 0.0000 0.0000 0.0000 424.0000 181.0000 494.0000 233.0000 1.5605 1.5974 3.3099 -4.8687 1.8171 23.6665 1.5708 0.9999
Car 0.0000 0.0000 0.0000 744.0000 183.0000 896.0000 285.0000 1.5831 1.6327 3.6489 3.6515 1.7582 13.1913 1.5507 0.9998
Car 0.0000 0.0000 0.0000 706.0000 178.0000 804.0000 246.0000 1.5720 1.6374 4.1180 3.6905 1.6932 18.9608 1.5504 0.9998
Car 0.0000 0.0000 0.0000 792.0000 183.0000 1131.0000 378.0000 1.5428 1.6808 3.7917 3.3152 1.6622 7.7459 1.5424 0.9997
Car 0.0000 0.0000 0.0000 696.0000 178.0000 764.0000 228.0000 1.5352 1.5802 3.5764 3.9821 1.6901 24.3366 1.5426 0.9994
Car 0.0000 0.0000 0.0000 991.0000 204.0000 5085.0000 2086.0000 1.4871 1.6219 4.0387 3.3241 1.6761 2.6719 1.5350 0.9988
Car 0.0000 0.0000 0.0000 -6877.0000 236.0000 -36.0000 2605.0000 1.4460 1.6760 3.8875 -4.8563 1.8254 2.4934 1.5533 0.9913
Car 0.0000 0.0000 0.0000 674.0000 173.0000 728.0000 193.0000 1.5886 1.6851 4.5008 7.9149 1.5679 62.1163 0.0582 0.9901
Car 0.0000 0.0000 0.0000 -84.0000 176.0000 84.0000 236.0000 1.5398 1.5553 3.4532 -16.4236 1.6223 19.4217 0.1308 0.9886
