Car 0.0000 0.0000 0.0000 437.0000 179.0000 512.0000 235.0000 1.5046 1.6553 3.4080 -3.9328 1.6722 21.4288 1.5445 0.9999
Car 0.0000 0.0000 0.0000 699.0000 187.0000 815.0000 271.0000 1.4615 1.5570 3.4214 2.8362 1.7479 14.6019 1.5532 0.9999
Car 0.0000 0.0000 0.0000 253.0000 188.0000 446.0000 303.0000 1.4065 1.6215 3.6489 -3.7561 1.6442 10.9855 1.5708 0.9999
Car 0.0000 0.0000 0.0000 -48.0000 187.0000 222.0000 303.0000 1.5389 1.6775 3.8057 -8.1880 1.7711 11.7271 1.5622 0.9997
Car 0.0000 0.0000 0.0000 478.0000 178.0000 534.0000 217.0000 1.4856 1.6812 4.1194 -4.1877 1.6453 29.6160 1.5708 0.9996
Car 0.0000 0.0000 0.0000 381.0000 179.0000 441.0000 215.0000 1.4090 1.5984 3.7820 -8.4749 1.6461 31.0136 1.5539 0.9995
Car 0.0000 0.0000 0.0000 652.0000 181.0000 708.0000 225.0000 1.5793 1.6701 4.1564 2.7246 1.8522 28.4026 1.5444 0.9995
Car 0.0000 0.0000 0.0000 505.0000 177.0000 539.0000 203.0000 1.4130 1.5861 3.6230 -4.8361 1.5730 40.4421 1.5418 0.9988
Car 0.0000 0.0000 0.0000 586.0000 180.0000 611.0000 202.0000 1.5191 1.6733 3.8529 -0.7700 1.9662 52.1783 1.5382 0.9986
Car 0.0000 0.0000 0.0000 268.0000 181.0000 378.0000 238.0000 1.4703 1.5818 3.5466 -8.0885 1.6757 20.6207 1.5708 0.9973
Car 0.0000 0.0000 0.0000 625.0000 179.0000 649.0000 199.0000 1.4769 1.6030 3.7201 2.1900 1.8812 56.3908 1.5244 0.9972
Car 0.0000 0.0000 0.0000 435.0000 178.0000 476.0000 205.0000 1.4617 1.6039 3.9342 -8.6681 1.6762 40.9209 1.5489 0.9785
