Car 0.0000 0.0000 0.0000 359.0000 194.0000 472.0000 276.0000 1.4477 1.5467 3.3719 -3.9926 1.9176 15.2607 1.5502 0.9999
Car 0.0000 0.0000 0.0000 764.0000 152.0000 888.0000 204.0000 1.7518 1.6741 3.8836 7.6696 1.0152 25.6768 -0.0028 0.9998
Car 0.0000 0.0000 0.0000 46.0000 197.0000 410.0000 399.0000 1.4957 1.7687 4.3725 -3.7155 1.8147 7.9845 1.5597 0.9997
Car 0.0000 0.0000 0.0000 645.0000 182.0000 696.0000 222.0000 1.5066 1.6517 3.7481 2.4677 1.8504 29.6003 1.5417 0.9994
Car 0.0000 0.0000 0.0000 794.0000 162.0000 941.0000 221.0000 1.7098 1.6554 3.9963 7.9768 1.3891 22.4910 0.0174 0.9994
Car 0.0000 0.0000 0.0000 -247.0000 206.0000 196.0000 390.0000 1.4353 1.5950 3.9059 -6.6571 1.8780 8.1764 1.5708 0.9991
Car 0.0000 0.0000 0.0000 732.0000 165.0000 834.0000 204.0000 1.6236 1.6703 4.0931 7.6031 1.2677 31.7404 0.0369 0.9989
Car 0.0000 0.0000 0.0000 351.0000 186.0000 438.0000 237.0000 1.4357 1.5864 3.5932 -6.7021 1.8485 22.7610 1.5708 0.9979
Car 0.0000 0.0000 0.0000 482.0000 185.0000 517.0000 211.0000 1.5188 1.6255 3.9516 -6.7967 2.2244 45.1222 1.5526 0.9971
Car 0.0000 0.0000 0.0000 1033.0000 132.0000 1165.0000 179.0000 1.9937 1.8687 4.5185 21.6386 0.2035 31.9194 0.0139 0.9963
Car 0.0000 0.0000 0.0000 979.0000 149.0000 1048.0000 185.0000 1.7984 1.7289 4.2290 21.7072 0.5716 38.7971 -1.4550 0.9948
Car 0.0000 0.0000 0.0000 442.0000 186.0000 492.0000 221.0000 1.5052 1.6118 3.9576 -6.6043 2.0992 33.8210 1.5647 0.9925
Car 0.0000 0.0000 0.0000 1004.0000 144.0000 1116.0000 180.0000 1.6610 1.7521 4.2643 21.8712 0.2662 35.0651 0.1626 0.9914
Car 0.0000 0.0000 0.0000 454.0000 171.0000 483.0000 192.0000 1.5393 1.6377 3.8994 -10.7381 1.3647 55.5345 1.5233 0.9811
Car 0.0000 0.0000 0.0000 945.0000 147.0000 1036.0000 179.0000 1.7410 1.7741 4.2724 21.8700 0.2601 41.3160 0.0114 0.9693
