Car 0.0000 0.0000 0.0000 714.0000 174.0000 895.0000 265.0000 1.7108 1.6729 4.2022 4.3441 1.7364 15.7579 -0.6862 0.9998
Car 0.0000 0.0000 0.0000 403.0000 185.0000 461.0000 225.0000 1.4744 1.6426 3.7034 -7.1935 1.9675 29.4919 1.5142 0.9998
Car 0.0000 0.0000 0.0000 587.0000 179.0000 637.0000 226.0000 1.6149 1.7157 3.6078 0.0228 1.8120 26.8495 1.5395 0.9997
Car 0.0000 0.0000 0.0000 375.0000 179.0000 408.0000 201.0000 1.4621 1.5974 3.8600 -15.3329 1.8441 50.8901 1.4543 0.9996
Car 0.0000 0.0000 0.0000 392.0000 175.0000 447.0000 209.0000 1.8495 1.8549 4.7615 -11.1765 1.9475 42.8367 1.5708 0.9990
Car 0.0000 0.0000 0.0000 1025.0000 179.0000 1479.0000 553.0000 1.6138 1.6157 3.8783 4.5833 1.6715 4.9844 -0.6484 0.9984
Car 0.0000 0.0000 0.0000 645.0000 163.0000 734.0000 204.0000 1.9788 1.8197 4.8438 4.2161 1.4640 37.0811 -0.7523 0.9984
Car 0.0000 0.0000 0.0000 680.0000 173.0000 787.0000 225.0000 1.4896 1.6255 3.6969 3.9491 1.4608 22.5642 -0.8548 0.9967
Car 0.0000 0.0000 0.0000 596.0000 167.0000 619.0000 186.0000 1.4767 1.6360 3.7427 -0.0506 0.9373 56.4419 1.5708 0.9946
Car 0.0000 0.0000 0.0000 644.0000 174.0000 674.0000 199.0000 1.5056 1.6182 3.6701 3.1469 1.5009 44.7431 -1.4332 0.9823
Car 0.0000 0.0000 0.0000 -11093.0000 -5006.0000 2763.0000 1338.0000 1.6252 1.6191 3.9564 4.5542 1.6620 1.6295 -0.6702 0.9793
