Car 0.0000 0.0000 0.0000 189.0000 192.0000 356.0000 281.0000 1.4466 1.6196 3.6983 -6.4986 1.8549 14.2855 1.5556 0.9999
Car 0.0000 0.0000 0.0000 424.0000 172.0000 465.0000 202.0000 1.9539 1.8241 4.6879 -11.2841 1.8453 49.8043 1.5585 0.9998
Car 0.0000 0.0000 0.0000 588.0000 176.0000 634.0000 220.0000 1.6022 1.6380 3.6501 0.0298 1.6834 27.9666 1.5520 0.9998
Car 0.0000 0.0000 0.0000 681.0000 175.0000 806.0000 233.0000 1.6468 1.6545 4.0438 4.2905 1.6937 22.7218 -0.6816 0.9997
Car 0.0000 0.0000 0.0000 401.0000 180.0000 433.0000 200.0000 1.5119 1.6728 3.7886 -15.3938 2.0123 57.9344 1.5268 0.9993
Car 0.0000 0.0000 0.0000 474.0000 180.0000 506.0000 205.0000 1.5227 1.6795 3.8553 -7.5658 1.9197 46.0398 1.4915 0.9991
Car 0.0000 0.0000 0.0000 773.0000 171.0000 957.0000 293.0000 1.7267 1.6820 3.8339 4.4072 1.6868 12.1248 -0.8748 0.9982
Car 0.0000 0.0000 0.0000 639.0000 165.0000 716.0000 202.0000 2.1886 1.8709 4.8439 4.2534 1.6476 44.1157 -0.7295 0.9980
Car 0.0000 0.0000 0.0000 449.0000 175.0000 481.0000 196.0000 1.5746 1.6794 4.2085 -11.1671 1.6602 56.2029 1.5708 0.9976
Car 0.0000 0.0000 0.0000 973.0000 147.0000 1535.0000 630.0000 1.7912 1.7382 4.3681 4.3246 1.6934 4.6324 -0.6128 0.9974
Car 0.0000 0.0000 0.0000 851.0000 160.0000 1109.0000 341.0000 1.7151 1.6740 3.9806 4.6728 1.5909 8.8437 -0.7883 0.9970
Car 0.0000 0.0000 0.0000 657.0000 174.0000 753.0000 216.0000 1.5763 1.6583 4.0076 3.9709 1.5978 29.5309 -0.7201 0.9950
