Car 0.0000 0.0000 0.0000 810.0000 192.0000 1263.0000 444.0000 1.4787 1.6213 4.0377 3.1977 1.6896 6.5123 1.5507 0.9998
Car 0.0000 0.0000 0.0000 278.0000 183.0000 334.0000 215.0000 1.5414 1.5814 3.3691 -15.4187 2.0101 36.7959 1.5178 0.9998
Car 0.0000 0.0000 0.0000 558.0000 181.0000 611.0000 228.0000 1.4199 1.6129 3.4414 -0.8008 1.6777 23.8807 1.5511 0.9998
Car 0.0000 0.0000 0.0000 304.0000 174.0000 458.0000 240.0000 1.5930 1.5949 3.5589 -5.9783 1.6295 18.8453 0.3084 0.9995
Car 0.0000 0.0000 0.0000 415.0000 180.0000 507.0000 219.0000 1.5337 1.5805 3.5721 -6.2271 1.8087 30.1519 0.5063 0.9994
Car 0.0000 0.0000 0.0000 533.0000 181.0000 568.0000 211.0000 1.5154 1.6761 3.6396 -3.1342 1.9335 39.1022 1.5453 0.9991
Car 0.0000 0.0000 0.0000 643.0000 152.0000 721.0000 223.0000 2.4256 1.9567 5.2284 2.6213 1.6931 27.2130 1.4876 0.9989
Car 0.0000 0.0000 0.0000 581.0000 178.0000 619.0000 215.0000 1.5433 1.6291 3.7971 -0.3877 1.7487 32.7769 1.5708 0.9987
Car 0.0000 0.0000 0.0000 377.0000 151.0000 441.0000 198.0000 2.1352 1.8707 4.6617 -9.6767 1.1182 35.2346 1.5616 0.9979
Car 0.0000 0.0000 0.0000 -252.0000 186.0000 -62.0000 241.0000 1.5283 1.6423 3.8530 -23.6299 1.9267 22.3734 1.5708 0.9968
Car 0.0000 0.0000 0.0000 636.0000 182.0000 675.0000 214.0000 1.4783 1.5763 3.8984 2.2132 1.8561 34.9110 1.5537 0.9909
Car 0.0000 0.0000 0.0000 470.0000 177.0000 523.0000 211.0000 1.4855 1.6387 3.5409 -5.3222 1.6624 33.8178 1.1684 0.9851
Car 0.0000 0.0000 0.0000 -1439.0000 195.0000 -476.0000 395.0000 1.4619 1.6177 3.8930 -15.2055 1.7287 7.5399 1.5708 0.9795
Car 0.0000 0.0000 0.0000 613.0000 180.0000 635.0000 198.0000 1.5445 1.7328 3.6799 1.3628 2.0693 63.6448 1.5306 0.9751
Car 0.0000 0.0000 0.0000 -372.0000 182.0000 -166.0000 237.0000 1.4928 1.6581 3.7647 -26.5574 1.7563 21.9329 1.5708 0.9713
