Car 0.0000 0.0000 0.0000 449.0000 183.0000 510.0000 227.0000 1.4476 1.5877 3.4597 -4.6081 1.7890 25.8744 1.5616 0.9999
Car 0.0000 0.0000 0.0000 124.0000 185.0000 304.0000 269.0000 1.5580 1.7179 4.0800 -8.4289 1.8140 15.7538 1.5643 0.9996
Car 0.0000 0.0000 0.0000 397.0000 180.0000 445.0000 213.0000 1.4440 1.5784 3.5463 -8.9011 1.7555 34.2488 1.4983 0.9995
Car 0.0000 0.0000 0.0000 486.0000 180.0000 527.0000 211.0000 1.4413 1.6019 3.8373 -5.0939 1.7407 35.9958 1.5391 0.9995
Car 0.0000 0.0000 0.0000 339.0000 189.0000 461.0000 275.0000 1.4500 1.6106 4.1169 -4.1561 1.7846 14.8275 1.4923 0.9991
Car 0.0000 0.0000 0.0000 381.0000 181.0000 414.0000 206.0000 1.4608 1.5865 3.6377 -12.8875 1.8694 44.0621 1.3794 0.9989
Car 0.0000 0.0000 0.0000 302.0000 185.0000 395.0000 235.0000 1.4571 1.6315 3.7851 -8.4630 1.8421 23.6673 1.5708 0.9989
Car 0.0000 0.0000 0.0000 581.0000 181.0000 614.0000 210.0000 1.4960 1.7158 3.7423 -0.6085 1.9087 39.9099 1.5613 0.9979
Car 0.0000 0.0000 0.0000 101.0000 184.0000 199.0000 241.0000 1.4702 1.6079 3.8614 -13.2868 1.7669 21.0088 1.2197 0.9947
Car 0.0000 0.0000 0.0000 282.0000 155.0000 364.0000 208.0000 2.1179 1.8165 4.6727 -12.3253 1.3891 31.3246 1.5409 0.9903
Car 0.0000 0.0000 0.0000 489.0000 177.0000 511.0000 195.0000 1.5397 1.7058 3.6940 -9.7582 1.8230 64.9400 1.4820 0.9898
Car 0.0000 0.0000 0.0000 517.0000 178.0000 549.0000 203.0000 1.4787 1.6328 3.8968 -4.7603 1.7271 45.4188 1.5559 0.9868
Car 0.0000 0.0000 0.0000 533.0000 168.0000 558.0000 198.0000 2.4412 1.8052 5.3251 -5.3775 1.9576 61.9891 1.5565 0.9660
