Car 0.0000 0.0000 0.0000 585.0000 184.0000 638.0000 232.0000 1.4669 1.6539 3.6516 0.0336 1.8229 24.5414 1.5614 0.9997
Car 0.0000 0.0000 0.0000 -146.0000 186.0000 61.0000 263.0000 1.4707 1.5999 3.6921 -14.4100 1.7674 16.1715 1.4647 0.9991
Car 0.0000 0.0000 0.0000 270.0000 182.0000 465.0000 277.0000 1.5026 1.6291 3.9682 -4.6517 1.6742 13.4672 0.7018 0.9990
Car 0.0000 0.0000 0.0000 980.0000 172.0000 1269.0000 274.0000 1.6463 1.6376 4.1465 9.1086 1.6418 12.9246 -0.0998 0.9990
Car 0.0000 0.0000 0.0000 113.0000 172.0000 227.0000 228.0000 1.6871 1.6775 3.6462 -14.3210 1.6537 23.6958 1.5117 0.9986
Car 0.0000 0.0000 0.0000 340.0000 180.0000 486.0000 258.0000 1.5913 1.5902 3.4909 -4.6052 1.7467 16.5827 0.7329 0.9968
Car 0.0000 0.0000 0.0000 213.0000 184.0000 288.0000 224.0000 1.4743 1.5610 3.7082 -14.4473 1.8988 29.1887 1.4575 0.9968
Car 0.0000 0.0000 0.0000 637.0000 167.0000 667.0000 199.0000 2.6065 1.9954 5.3702 3.6870 2.0700 61.5720 1.5361 0.9962
Car 0.0000 0.0000 0.0000 416.0000 177.0000 514.0000 228.0000 1.5588 1.5411 3.4546 -4.9027 1.6845 24.1569 0.7795 0.9962
Car 0.0000 0.0000 0.0000 -723.0000 182.0000 -24.0000 412.0000 1.5149 1.5681 3.6904 -8.2842 1.5990 6.6918 1.5101 0.9955
Car 0.0000 0.0000 0.0000 -48.0000 179.0000 209.0000 287.0000 1.4741 1.5431 3.5762 -8.2955 1.5598 11.6678 1.5708 0.9946
Car 0.0000 0.0000 0.0000 -140.0000 186.0000 265.0000 463.0000 1.5651 1.6214 3.7113 -4.6240 1.6786 5.8578 0.6263 0.9944
Car 0.0000 0.0000 0.0000 -2985.0000 -990.0000 1741.0000 569.0000 1.8075 1.7325 4.1522 4.0552 1.6723 1.0338 1.5462 0.9902
Car 0.0000 0.0000 0.0000 480.0000 174.0000 560.0000 207.0000 1.6108 1.6035 3.7029 -4.5314 1.6466 36.6187 0.2882 0.9835
Car 0.0000 0.0000 0.0000 319.0000 176.0000 403.0000 225.0000 1.5113 1.5695 3.7979 -8.2771 1.6041 24.2605 1.5518 0.9650
