Car 0.0000 0.0000 0.0000 747.0000 184.0000 924.0000 301.0000 1.5794 1.6557 3.6782 3.4601 1.7653 11.7987 1.5513 0.9999
Car 0.0000 0.0000 0.0000 696.0000 182.0000 770.0000 235.0000 1.4938 1.6218 3.9829 3.8104 1.7733 22.7883 1.5626 0.9998
Car 0.0000 0.0000 0.0000 458.0000 181.0000 516.0000 223.0000 1.4928 1.6372 3.5217 -4.6565 1.7638 27.7412 1.5686 0.9998
Car 0.0000 0.0000 0.0000 -270.0000 205.0000 268.0000 459.0000 1.4425 1.6143 3.8956 -4.8299 1.8045 6.5000 1.5550 0.9998
Car 0.0000 0.0000 0.0000 718.0000 181.0000 823.0000 254.0000 1.5396 1.6035 3.7179 3.7133 1.7187 17.2894 1.5481 0.9997
Car 0.0000 0.0000 0.0000 187.0000 193.0000 402.0000 309.0000 1.4664 1.6988 4.2330 -4.8663 1.8164 11.7647 1.5587 0.9997
Car 0.0000 0.0000 0.0000 826.0000 189.0000 1289.0000 431.0000 1.4906 1.6600 4.0765 3.5040 1.6716 6.7236 1.5366 0.9996
Car 0.0000 0.0000 0.0000 689.0000 176.0000 747.0000 220.0000 1.6184 1.6021 3.4382 4.1928 1.7062 28.2172 1.5345 0.9994
Car 0.0000 0.0000 0.0000 481.0000 179.0000 535.0000 216.0000 1.5191 1.7265 3.8042 -4.4591 1.7725 32.2411 1.5708 0.9994
Car 0.0000 0.0000 0.0000 636.0000 175.0000 687.0000 192.0000 1.5393 1.7081 4.6362 4.8381 1.6589 66.2145 0.0712 0.9972
Car 0.0000 0.0000 0.0000 -5519.0000 -2008.0000 1572.0000 538.0000 1.5394 1.6457 3.9284 3.6651 1.6801 1.4076 1.5614 0.9939
