Car 0.0000 0.0000 0.0000 675.0000 191.0000 817.0000 296.0000 1.4677 1.5985 3.6115 2.1479 1.7971 12.3699 1.5278 0.9999
Car 0.0000 0.0000 0.0000 403.0000 180.0000 513.0000 265.0000 1.4330 1.5726 3.4013 -2.8538 1.5672 14.0686 1.5276 0.9999
Car 0.0000 0.0000 0.0000 743.0000 202.0000 1067.0000 421.0000 1.4911 1.6070 3.3633 2.4726 1.8204 7.0025 1.5191 0.9999
Car 0.0000 0.0000 0.0000 255.0000 189.0000 486.0000 353.0000 1.5205 1.6417 3.7049 -2.6764 1.7424 8.8556 1.5607 0.9999
Car 0.0000 0.0000 0.0000 637.0000 184.0000 695.0000 233.0000 1.4676 1.5740 3.7658 1.8094 1.8247 23.9765 1.5535 0.9998
Car 0.0000 0.0000 0.0000 516.0000 183.0000 556.0000 215.0000 1.4100 1.5782 3.6316 -3.4473 1.8674 34.5191 1.5538 0.9998
Car 0.0000 0.0000 0.0000 538.0000 175.0000 571.0000 210.0000 1.7806 1.7189 3.9826 -3.0020 1.8773 39.9131 1.4904 0.9998
Car 0.0000 0.0000 0.0000 453.0000 186.0000 532.0000 247.0000 1.4313 1.5885 3.6523 -3.0461 1.7672 19.2699 1.5543 0.9997
Car 0.0000 0.0000 0.0000 656.0000 183.0000 737.0000 247.0000 1.5146 1.5381 3.3659 2.1955 1.7538 18.9904 1.5225 0.9994
Car 0.0000 0.0000 0.0000 596.0000 182.0000 625.0000 200.0000 1.4513 1.6525 3.9463 0.1895 2.1794 61.5796 -1.3383 0.9989
Car 0.0000 0.0000 0.0000 558.0000 182.0000 586.0000 208.0000 1.5553 1.6249 3.7487 -2.3130 2.0914 46.0061 1.5663 0.9979
Car 0.0000 0.0000 0.0000 -2390.0000 -1171.0000 1547.0000 615.0000 1.4023 1.5061 3.4468 2.6102 1.5763 0.8840 1.5640 0.9911
