Car 0.0000 0.0000 0.0000 902.0000 180.0000 1121.0000 302.0000 1.5890 1.6123 3.6522 5.9715 1.6889 11.2464 -1.4781 0.9996
Car 0.0000 0.0000 0.0000 1053.0000 180.0000 1350.0000 302.0000 1.4973 1.6250 3.7013 8.4920 1.6078 10.8376 -1.4818 0.9973
Car 0.0000 0.0000 0.0000 33.0000 175.0000 173.0000 224.0000 2.0110 1.8051 4.7537 -21.6222 2.0678 30.8496 0.0251 0.9970
Car 0.0000 0.0000 0.0000 861.0000 141.0000 1003.0000 260.0000 2.3862 1.8527 5.0596 7.4014 1.7561 17.1009 -1.3957 0.9965
Car 0.0000 0.0000 0.0000 766.0000 169.0000 798.0000 189.0000 1.5135 1.6186 3.7090 13.4225 1.1213 55.7462 1.5708 0.9868
Car 0.0000 0.0000 0.0000 -460.0000 185.0000 -177.0000 271.0000 1.6056 1.6191 3.7926 -18.9494 1.8635 14.7771 0.0159 0.9858
Car 0.0000 0.0000 0.0000 -68.0000 170.0000 106.0000 232.0000 2.1444 1.8109 5.0008 -21.2583 2.0235 25.9933 0.0590 0.9844
Car 0.0000 0.0000 0.0000 -1275.0000 215.0000 -888.0000 313.0000 1.5858 1.6666 3.5788 -34.7196 2.5329 14.9696 0.8912 0.9815
Car 0.0000 0.0000 0.0000 1136.0000 163.0000 1191.0000 188.0000 1.5375 1.6356 3.6197 36.1109 0.8517 46.9428 -1.2633 0.9798
Car 0.0000 0.0000 0.0000 499.0000 179.0000 522.0000 195.0000 1.4324 1.6217 3.8722 -9.2975 1.9390 68.4411 1.5708 0.9761
Car 0.0000 0.0000 0.0000 -237.0000 171.0000 -12.0000 251.0000 2.0559 1.7391 4.4986 -20.2342 2.0107 19.9184 0.0168 0.9759
Car 0.0000 0.0000 0.0000 993.0000 169.0000 1040.0000 193.0000 1.4757 1.6186 3.7823 26.3950 1.1590 46.7124 -1.3341 0.9693
Car 0.0000 0.0000 0.0000 193.0000 178.0000 255.0000 206.0000 1.5758 1.6766 4.2610 -23.2137 1.8517 43.6058 1.5033 0.9673
Car 0.0000 0.0000 0.0000 449.0000 181.0000 476.0000 199.0000 1.4766 1.6778 3.7364 -12.7506 2.0849 62.9778 1.5674 0.9660
Car 0.0000 0.0000 0.0000 117.0000 176.0000 212.0000 217.0000 1.9880 1.7013 4.0179 -21.9667 2.0969 35.6071 0.2542 0.9620
