Car 0.0000 0.0000 0.0000 575.0000 173.0000 630.0000 225.0000 1.5306 1.6350 3.4129 -0.2852 1.5332 23.2904 1.5358 0.9999
Car 0.0000 0.0000 0.0000 665.0000 178.0000 714.0000 214.0000 1.4386 1.6232 3.7215 3.4281 1.6240 31.2482 1.5577 0.9999
Car 0.0000 0.0000 0.0000 380.0000 176.0000 495.0000 232.0000 1.5470 1.5901 3.7388 -5.3079 1.6429 21.9407 0.7500 0.9996
Car 0.0000 0.0000 0.0000 589.0000 175.0000 628.0000 208.0000 1.5165 1.7040 3.7125 -0.0886 1.5788 34.8580 1.5289 0.9993
Car 0.0000 0.0000 0.0000 153.0000 183.0000 299.0000 254.0000 1.4520 1.5650 3.7296 -8.9306 1.6891 17.0785 1.5382 0.9992
Car 0.0000 0.0000 0.0000 736.0000 184.0000 882.0000 278.0000 1.4810 1.6322 4.2449 3.6039 1.7040 13.8473 1.5708 0.9992
Car 0.0000 0.0000 0.0000 172.0000 163.0000 429.0000 301.0000 1.6642 1.7061 4.5021 -4.8160 1.5621 10.7970 0.7056 0.9991
Car 0.0000 0.0000 0.0000 243.0000 173.0000 322.0000 209.0000 1.5049 1.6471 3.8819 -14.8368 1.4967 32.8871 1.5708 0.9991
Car 0.0000 0.0000 0.0000 269.0000 175.0000 455.0000 269.0000 1.6098 1.5952 3.5584 -4.8995 1.6554 14.0445 0.5893 0.9988
Car 0.0000 0.0000 0.0000 526.0000 170.0000 569.0000 200.0000 1.7018 1.6996 4.2720 -3.8119 1.5053 44.1501 1.2667 0.9984
Car 0.0000 0.0000 0.0000 768.0000 0.0000 1346.0000 446.0000 2.7291 2.0116 5.4405 3.3824 1.6677 7.1768 1.4878 0.9983
Car 0.0000 0.0000 0.0000 -152.0000 125.0000 198.0000 300.0000 2.2084 1.8467 4.8340 -8.8918 1.6053 11.5884 1.5317 0.9982
Car 0.0000 0.0000 0.0000 635.0000 160.0000 674.0000 199.0000 2.6239 1.9935 5.3338 3.2270 1.7254 51.8407 1.4782 0.9982
Car 0.0000 0.0000 0.0000 424.0000 163.0000 454.0000 188.0000 2.0624 1.8724 4.7274 -14.7172 1.1851 62.5655 1.4765 0.9973
Car 0.0000 0.0000 0.0000 436.0000 172.0000 528.0000 220.0000 1.7434 1.6277 3.6389 -4.9709 1.6961 27.9560 0.7449 0.9968
Car 0.0000 0.0000 0.0000 -770.0000 171.0000 -222.0000 309.0000 1.4913 1.5919 3.9460 -14.4803 1.4851 9.8918 1.5088 0.9936
Car 0.0000 0.0000 0.0000 489.0000 165.0000 516.0000 185.0000 1.5831 1.6841 3.8819 -8.8816 0.8614 59.8616 1.2876 0.9927
Car 0.0000 0.0000 0.0000 -1102.0000 185.0000 77.0000 845.0000 1.5495 1.6509 3.6095 -4.2027 1.6179 3.7000 1.1134 0.9775
