Car 0.0000 0.0000 0.0000 295.0000 192.0000 507.0000 339.0000 1.4599 1.6170 3.7268 -2.4976 1.7410 9.4321 1.5708 0.9999
Car 0.0000 0.0000 0.0000 539.0000 179.0000 590.0000 222.0000 1.5894 1.6665 3.7901 -1.7441 1.8174 29.1263 1.5708 0.9997
Car 0.0000 0.0000 0.0000 702.0000 188.0000 791.0000 259.0000 1.4641 1.5366 2.8993 3.0879 1.8085 16.7548 1.5708 0.9997
Car 0.0000 0.0000 0.0000 668.0000 181.0000 691.0000 202.0000 1.4901 1.6400 3.8252 5.2622 2.0374 53.7664 -1.4799 0.9995
Car 0.0000 0.0000 0.0000 364.0000 176.0000 491.0000 227.0000 1.5209 1.5631 3.6418 -5.7596 1.6214 22.9743 0.0317 0.9994
Car 0.0000 0.0000 0.0000 694.0000 185.0000 751.0000 240.0000 1.5033 1.5553 3.3402 3.3303 1.8467 21.5655 -1.4376 0.9993
Car 0.0000 0.0000 0.0000 921.0000 202.0000 4373.0000 2129.0000 1.4955 1.5620 3.2399 2.3607 1.6418 2.2495 1.5708 0.9989
Car 0.0000 0.0000 0.0000 491.0000 172.0000 562.0000 201.0000 1.5686 1.6033 3.8011 -4.5639 1.4793 40.2230 -0.0012 0.9949
Car 0.0000 0.0000 0.0000 -3587.0000 218.0000 247.0000 2131.0000 1.5031 1.6255 3.6117 -3.0051 1.7568 2.4482 1.5689 0.9947
Car 0.0000 0.0000 0.0000 569.0000 176.0000 616.0000 207.0000 1.5389 1.5952 3.7713 -0.8045 1.6318 37.2017 -1.3562 0.9927
