Car 0.0000 0.0000 0.0000 711.0000 183.0000 840.0000 283.0000 1.5216 1.6373 3.5496 3.1182 1.7103 13.1019 -1.1561 0.9999
Car 0.0000 0.0000 0.0000 564.0000 181.0000 640.0000 231.0000 1.5428 1.6129 3.6413 -0.3262 1.7817 24.1533 1.2834 0.9999
Car 0.0000 0.0000 0.0000 275.0000 188.0000 375.0000 255.0000 1.4816 1.6400 4.0460 -7.3272 1.8927 18.8945 1.4053 0.9998
Car 0.0000 0.0000 0.0000 622.0000 188.0000 729.0000 258.0000 1.4179 1.5126 3.2247 1.4258 1.7751 16.9139 1.3321 0.9998
Car 0.0000 0.0000 0.0000 449.0000 167.0000 499.0000 208.0000 2.0147 1.8126 4.3480 -7.1603 1.6766 37.9341 1.2096 0.9993
Car 0.0000 0.0000 0.0000 323.0000 180.0000 386.0000 233.0000 1.5984 1.6255 3.8497 -8.3499 1.8074 23.8410 1.3171 0.9993
Car 0.0000 0.0000 0.0000 535.0000 183.0000 595.0000 222.0000 1.4603 1.5979 3.9512 -1.8787 1.8322 29.3533 1.2938 0.9989
Car 0.0000 0.0000 0.0000 499.0000 176.0000 533.0000 201.0000 1.6062 1.6579 3.4131 -6.1665 1.7524 47.7354 1.2772 0.9964
Car 0.0000 0.0000 0.0000 521.0000 182.0000 565.0000 215.0000 1.4662 1.5917 4.0332 -3.2241 1.8646 34.5444 1.3623 0.9889
Car 0.0000 0.0000 0.0000 343.0000 187.0000 398.0000 226.0000 1.4289 1.5493 3.8065 -9.5762 1.9616 29.1368 1.4050 0.9869
Car 0.0000 0.0000 0.0000 390.0000 179.0000 415.0000 198.0000 1.4763 1.5684 3.6879 -16.4490 1.8772 57.4883 1.3783 0.9607
