Car 0.0000 0.0000 0.0000 583.0000 177.0000 636.0000 227.0000 1.5478 1.6717 3.6043 -0.0401 1.6659 24.4914 1.5529 0.9999
Car 0.0000 0.0000 0.0000 194.0000 181.0000 421.0000 290.0000 1.4943 1.5917 3.7578 -4.9619 1.6198 11.5957 0.6034 0.9996
Car 0.0000 0.0000 0.0000 583.0000 174.0000 618.0000 206.0000 1.5716 1.7101 3.8009 -0.4277 1.5774 37.2729 1.5708 0.9993
Car 0.0000 0.0000 0.0000 282.0000 151.0000 483.0000 264.0000 1.9800 1.7480 3.9975 -4.6511 1.6089 14.5033 0.5891 0.9992
Car 0.0000 0.0000 0.0000 647.0000 152.0000 694.0000 204.0000 2.5868 1.9226 5.5754 3.2698 1.5138 38.9906 1.5514 0.9989
Car 0.0000 0.0000 0.0000 142.0000 182.0000 299.0000 259.0000 1.5261 1.6633 3.7617 -8.7134 1.7172 16.4761 1.5354 0.9983
Car 0.0000 0.0000 0.0000 390.0000 169.0000 510.0000 228.0000 1.6627 1.5782 3.3813 -4.8551 1.5392 21.7899 0.5499 0.9969
Car 0.0000 0.0000 0.0000 1290.0000 168.0000 1353.0000 207.0000 1.7757 1.7568 4.2663 34.3850 1.4993 34.8146 -0.8773 0.9918
Car 0.0000 0.0000 0.0000 632.0000 175.0000 653.0000 192.0000 1.4522 1.6055 3.7918 2.9367 1.5790 63.2753 1.5623 0.9885
Car 0.0000 0.0000 0.0000 468.0000 168.0000 546.0000 207.0000 1.8430 1.6403 3.7052 -5.0986 1.5929 35.7866 0.6101 0.9871
Car 0.0000 0.0000 0.0000 1077.0000 151.0000 1143.0000 175.0000 1.5125 1.6507 3.7074 33.4010 0.0452 48.0962 1.5023 0.9870
Car 0.0000 0.0000 0.0000 435.0000 150.0000 479.0000 180.0000 1.6997 1.7503 4.0117 -9.1688 0.3533 43.7677 1.5708 0.9830
Car 0.0000 0.0000 0.0000 429.0000 160.0000 499.0000 215.0000 1.7461 1.6287 3.7540 -4.9612 1.3113 24.9864 1.5708 0.9760
