Car 0.0000 0.0000 0.0000 546.0000 183.0000 575.0000 207.0000 1.4589 1.6616 4.0351 -3.0033 2.0106 45.3018 1.5275 0.9999
Car 0.0000 0.0000 0.0000 746.0000 186.0000 1019.0000 356.0000 1.4914 1.6466 4.1489 2.8571 1.6703 8.6514 1.5583 0.9997
Car 0.0000 0.0000 0.0000 692.0000 183.0000 776.0000 247.0000 1.4689 1.6258 3.4907 3.1226 1.7303 18.7096 1.5708 0.9996
Car 0.0000 0.0000 0.0000 665.0000 180.0000 733.0000 234.0000 1.5923 1.6255 3.5751 2.7955 1.7886 23.2457 1.5368 0.9995
Car 0.0000 0.0000 0.0000 856.0000 206.0000 2116.0000 903.0000 1.4442 1.5753 3.7353 2.6287 1.6761 3.5251 1.5546 0.9989
Car 0.0000 0.0000 0.0000 597.0000 179.0000 621.0000 201.0000 1.5399 1.6676 3.7410 0.0471 1.9093 51.8543 1.5708 0.9985
Car 0.0000 0.0000 0.0000 649.0000 177.0000 687.0000 209.0000 1.5216 1.6309 3.8449 2.9704 1.7124 36.7981 1.5674 0.9936
Car 0.0000 0.0000 0.0000 645.0000 174.0000 676.0000 201.0000 1.4901 1.6707 3.9969 3.0448 1.4830 42.1133 1.5708 0.9925
Car 0.0000 0.0000 0.0000 425.0000 184.0000 482.0000 205.0000 1.5489 1.6021 4.1129 -12.2318 2.4034 56.9063 -0.0165 0.9852
Car 0.0000 0.0000 0.0000 634.0000 179.0000 657.0000 201.0000 1.5038 1.6077 3.8843 2.6372 1.8520 52.1257 1.5708 0.9824
