Car 0.0000 0.0000 0.0000 263.0000 187.0000 336.0000 238.0000 1.7289 1.8439 4.1755 -11.7249 2.2476 27.5066 1.3493 0.9993
Car 0.0000 0.0000 0.0000 -482.0000 212.0000 -29.0000 395.0000 1.4983 1.6983 3.9502 -10.0182 2.0725 8.8514 1.2683 0.9993
Car 0.0000 0.0000 0.0000 766.0000 182.0000 816.0000 209.0000 1.4826 1.7241 3.9612 10.7698 1.9882 42.3660 -1.0032 0.9991
Car 0.0000 0.0000 0.0000 947.0000 172.0000 991.0000 191.0000 1.5183 1.7099 3.9085 31.3762 1.4066 62.6856 1.5255 0.9976
Car 0.0000 0.0000 0.0000 -9.0000 198.0000 88.0000 228.0000 1.5389 1.5628 4.0513 -31.9596 2.9311 40.4783 -0.3727 0.9954
Car 0.0000 0.0000 0.0000 345.0000 190.0000 381.0000 217.0000 1.5115 1.5793 3.7367 -14.9031 2.5298 43.7558 1.3622 0.9939
Car 0.0000 0.0000 0.0000 310.0000 193.0000 364.0000 227.0000 1.4654 1.5957 3.8310 -13.0871 2.4257 34.8157 1.4330 0.9915
Car 0.0000 0.0000 0.0000 1453.0000 138.0000 3224.0000 579.0000 1.5592 1.6089 3.8353 8.2546 1.4548 4.3996 0.7072 0.9903
Car 0.0000 0.0000 0.0000 221.0000 173.0000 285.0000 222.0000 2.9269 2.0189 5.9508 -22.8331 2.9085 46.5294 1.4140 0.9899
Car 0.0000 0.0000 0.0000 476.0000 190.0000 498.0000 207.0000 1.4797 1.6072 3.9226 -11.6131 3.0349 68.9542 1.5352 0.9877
Car 0.0000 0.0000 0.0000 387.0000 187.0000 419.0000 214.0000 1.4940 1.5913 3.6722 -12.2103 2.2899 42.8131 1.3468 0.9872
Car 0.0000 0.0000 0.0000 -646.0000 223.0000 -200.0000 364.0000 1.4271 1.6096 3.8669 -14.6677 2.2755 10.6315 1.3324 0.9844
