Car 0.0000 0.0000 0.0000 215.0000 183.0000 404.0000 285.0000 1.5151 1.6885 4.0483 -5.1587 1.6905 12.9475 1.5708 0.9998
Car 0.0000 0.0000 0.0000 -13.0000 184.0000 222.0000 281.0000 1.4603 1.6518 3.6593 -8.8004 1.6575 12.9190 1.5708 0.9996
Car 0.0000 0.0000 0.0000 354.0000 184.0000 411.0000 222.0000 1.4072 1.5170 3.2434 -8.9107 1.8051 28.5157 1.4687 0.9995
Car 0.0000 0.0000 0.0000 171.0000 176.0000 287.0000 227.0000 1.4592 1.6704 3.9686 -11.8631 1.5384 22.7335 1.5366 0.9993
Car 0.0000 0.0000 0.0000 575.0000 171.0000 618.0000 211.0000 1.6892 1.7926 3.8936 -0.4888 1.5710 32.3128 1.5708 0.9992
Car 0.0000 0.0000 0.0000 -563.0000 201.0000 244.0000 562.0000 1.4359 1.6291 3.7413 -4.3367 1.6863 4.9935 1.5639 0.9992
Car 0.0000 0.0000 0.0000 281.0000 172.0000 382.0000 227.0000 1.5064 1.6488 3.8220 -8.3059 1.4847 21.8382 1.5450 0.9990
Car 0.0000 0.0000 0.0000 442.0000 145.0000 521.0000 224.0000 2.4421 1.9153 5.0093 -4.3061 1.5642 24.9972 1.5484 0.9983
Car 0.0000 0.0000 0.0000 503.0000 175.0000 536.0000 205.0000 1.5969 1.6199 3.9677 -4.9524 1.6619 40.1888 1.4932 0.9907
Car 0.0000 0.0000 0.0000 533.0000 164.0000 556.0000 194.0000 2.5360 1.8110 5.5362 -5.6314 1.7219 64.0180 1.5304 0.9820
