Car 0.0000 0.0000 0.0000 681.0000 162.0000 775.0000 241.0000 1.9733 1.8494 4.3568 3.2101 1.7032 20.4094 1.5536 0.9999
Car 0.0000 0.0000 0.0000 304.0000 179.0000 379.0000 221.0000 1.6935 1.6275 4.1527 -11.3501 1.8978 30.7893 1.5708 0.9998
Car 0.0000 0.0000 0.0000 586.0000 184.0000 663.0000 253.0000 1.4649 1.6543 3.4482 0.2833 1.7269 17.3742 1.5548 0.9998
Car 0.0000 0.0000 0.0000 155.0000 183.0000 282.0000 241.0000 1.5109 1.6492 3.9055 -11.4456 1.8092 21.3662 1.5708 0.9997
Car 0.0000 0.0000 0.0000 578.0000 177.0000 623.0000 219.0000 1.6238 1.7133 3.8834 -0.3212 1.7643 29.9890 1.5708 0.9991
Car 0.0000 0.0000 0.0000 398.0000 180.0000 510.0000 234.0000 1.5357 1.5920 3.6655 -4.9515 1.7495 22.6640 0.7393 0.9986
Car 0.0000 0.0000 0.0000 667.0000 181.0000 715.0000 217.0000 1.4491 1.5560 3.6826 3.4884 1.7461 31.2453 1.5384 0.9984
Car 0.0000 0.0000 0.0000 656.0000 177.0000 698.0000 208.0000 1.5749 1.6131 3.7239 3.5702 1.7395 38.5343 1.4954 0.9974
Car 0.0000 0.0000 0.0000 480.0000 178.0000 554.0000 212.0000 1.6580 1.6164 3.5648 -4.6547 1.8684 36.2372 0.6256 0.9968
Car 0.0000 0.0000 0.0000 430.0000 179.0000 529.0000 221.0000 1.5765 1.5755 3.5317 -5.0929 1.7967 28.3185 0.3254 0.9947
Car 0.0000 0.0000 0.0000 540.0000 176.0000 568.0000 200.0000 1.5735 1.6386 3.9243 -3.8691 1.7497 50.2525 1.4093 0.9945
Car 0.0000 0.0000 0.0000 373.0000 183.0000 409.0000 205.0000 1.5238 1.7052 3.9899 -15.5467 2.1546 51.4990 1.4822 0.9913
Car 0.0000 0.0000 0.0000 411.0000 180.0000 518.0000 226.0000 1.6063 1.5409 3.4221 -5.1545 1.8232 25.7476 0.1600 0.9853
Car 0.0000 0.0000 0.0000 651.0000 162.0000 674.0000 184.0000 1.5832 1.6771 3.6340 4.1513 0.7127 55.7087 1.5708 0.9835
