Car 0.0000 0.0000 0.0000 47.0000 184.0000 240.0000 269.0000 1.6952 1.7577 4.3480 -10.6356 1.9449 16.8497 1.5598 0.9997
Car 0.0000 0.0000 0.0000 589.0000 181.0000 635.0000 222.0000 1.5848 1.7031 3.6689 0.0630 1.8685 30.0196 1.5121 0.9996
Car 0.0000 0.0000 0.0000 688.0000 169.0000 831.0000 237.0000 1.6812 1.7143 4.1876 4.2082 1.5722 19.8564 -0.7397 0.9994
Car 0.0000 0.0000 0.0000 778.0000 176.0000 955.0000 273.0000 1.4824 1.6152 3.5368 4.6716 1.5296 12.9164 -0.7882 0.9994
Car 0.0000 0.0000 0.0000 732.0000 172.0000 907.0000 251.0000 1.5947 1.6161 3.8353 4.7740 1.5657 16.2743 -0.5454 0.9994
Car 0.0000 0.0000 0.0000 670.0000 172.0000 802.0000 229.0000 1.6861 1.7298 4.3215 4.1695 1.6273 23.4221 -0.6302 0.9986
Car 0.0000 0.0000 0.0000 -235.0000 200.0000 73.0000 314.0000 1.4237 1.5425 3.5015 -10.6448 1.8936 11.4361 1.5708 0.9980
Car 0.0000 0.0000 0.0000 531.0000 181.0000 550.0000 197.0000 1.4514 1.5899 3.9486 -6.5689 2.1817 69.7420 1.5557 0.9927
Car 0.0000 0.0000 0.0000 652.0000 170.0000 697.0000 193.0000 1.4775 1.6729 3.8410 4.4692 1.2202 48.4713 -1.0717 0.9903
Car 0.0000 0.0000 0.0000 662.0000 180.0000 769.0000 220.0000 1.5267 1.6087 4.0195 4.3740 1.8069 29.7440 0.5141 0.9807
Car 0.0000 0.0000 0.0000 946.0000 168.0000 976.0000 192.0000 1.7711 1.7711 3.9863 26.9173 1.3130 54.8889 -1.0469 0.9760
