Car 0.0000 0.0000 0.0000 802.0000 183.0000 1302.0000 489.0000 1.4722 1.5902 3.3331 2.5740 1.5580 5.2031 1.5708 0.9999
Car 0.0000 0.0000 0.0000 665.0000 171.0000 734.0000 228.0000 1.6803 1.6625 3.9309 2.8370 1.6245 23.4765 1.5485 0.9999
Car 0.0000 0.0000 0.0000 130.0000 189.0000 311.0000 278.0000 1.5420 1.6988 3.9060 -7.8756 1.8807 14.9745 1.5559 0.9998
Car 0.0000 0.0000 0.0000 745.0000 181.0000 948.0000 316.0000 1.5060 1.5743 3.5653 2.9952 1.6140 9.9617 1.5575 0.9998
Car 0.0000 0.0000 0.0000 581.0000 176.0000 620.0000 214.0000 1.5963 1.6819 3.5182 -0.4138 1.7212 33.0179 1.5373 0.9994
Car 0.0000 0.0000 0.0000 642.0000 174.0000 668.0000 200.0000 1.6402 1.6835 3.9004 3.0736 1.6632 48.5301 1.5708 0.9993
Car 0.0000 0.0000 0.0000 -545.0000 205.0000 80.0000 422.0000 1.4330 1.6618 4.1305 -7.7977 1.8343 7.3942 1.5443 0.9974
Car 0.0000 0.0000 0.0000 657.0000 174.0000 700.0000 212.0000 1.5886 1.5484 3.5916 2.9974 1.5901 31.6650 1.5678 0.9961
Car 0.0000 0.0000 0.0000 592.0000 171.0000 629.0000 202.0000 1.7087 1.7051 4.0130 0.0627 1.5499 41.2679 1.4737 0.9917
Car 0.0000 0.0000 0.0000 690.0000 150.0000 735.0000 186.0000 2.1162 1.9405 4.9320 6.4087 0.7394 44.9720 1.5428 0.9686
