Car 0.0000 0.0000 0.0000 668.0000 182.0000 731.0000 229.0000 1.4775 1.6211 4.0331 3.0971 1.7910 25.4537 1.5517 0.9999
Car 0.0000 0.0000 0.0000 326.0000 180.0000 481.0000 292.0000 1.5794 1.6114 3.6263 -3.2808 1.6902 12.0648 1.5555 0.9999
Car 0.0000 0.0000 0.0000 466.0000 179.0000 532.0000 234.0000 1.4576 1.5492 3.3993 -3.1693 1.6157 21.0395 1.5250 0.9999
Car 0.0000 0.0000 0.0000 796.0000 195.0000 1251.0000 475.0000 1.5464 1.6224 3.6010 2.8753 1.7665 6.0311 1.5338 0.9999
Car 0.0000 0.0000 0.0000 -99.0000 189.0000 436.0000 495.0000 1.5593 1.7326 4.4029 -2.9376 1.7278 6.0407 1.5708 0.9997
Car 0.0000 0.0000 0.0000 648.0000 176.0000 679.0000 203.0000 1.5741 1.6781 3.8391 3.4434 1.7440 45.6708 1.5708 0.9994
Car 0.0000 0.0000 0.0000 706.0000 189.0000 880.0000 309.0000 1.4923 1.6713 4.2717 2.6745 1.7806 11.5859 1.5688 0.9994
Car 0.0000 0.0000 0.0000 569.0000 178.0000 590.0000 196.0000 1.4739 1.6548 3.7407 -2.5184 1.8486 63.2145 1.5659 0.9991
Car 0.0000 0.0000 0.0000 503.0000 174.0000 556.0000 215.0000 1.5062 1.6356 3.9363 -3.0716 1.5112 28.2578 1.5691 0.9979
Car 0.0000 0.0000 0.0000 639.0000 155.0000 667.0000 189.0000 2.5424 1.9655 5.3655 3.5389 1.1347 57.7760 1.5708 0.9959
Car 0.0000 0.0000 0.0000 638.0000 176.0000 664.0000 197.0000 1.4568 1.5663 3.7549 2.9682 1.6027 51.0562 1.5494 0.9629
