Car 0.0000 0.0000 0.0000 403.0000 185.0000 467.0000 227.0000 1.4466 1.6027 3.6375 -6.6363 1.8972 27.6825 1.5606 0.9999
Car 0.0000 0.0000 0.0000 761.0000 165.0000 998.0000 307.0000 1.7729 1.7188 4.0893 4.2386 1.6701 11.0481 -0.7386 0.9999
Car 0.0000 0.0000 0.0000 586.0000 176.0000 634.0000 220.0000 1.6280 1.6707 3.5282 -0.0131 1.7274 28.5418 1.5139 0.9997
Car 0.0000 0.0000 0.0000 844.0000 179.0000 1173.0000 395.0000 1.6275 1.6326 3.9113 4.2090 1.6999 7.3938 -0.6943 0.9997
Car 0.0000 0.0000 0.0000 505.0000 181.0000 531.0000 200.0000 1.4656 1.6877 3.9342 -7.5600 2.0912 60.5504 1.5689 0.9990
Car 0.0000 0.0000 0.0000 667.0000 174.0000 764.0000 219.0000 1.6648 1.6658 3.9714 4.3189 1.6877 28.9628 -0.7219 0.9988
Car 0.0000 0.0000 0.0000 425.0000 179.0000 450.0000 197.0000 1.5545 1.7330 3.6994 -15.2416 2.0116 64.2387 1.4718 0.9979
Car 0.0000 0.0000 0.0000 715.0000 173.0000 848.0000 246.0000 1.6543 1.6494 3.7623 4.4224 1.6418 18.2328 -0.8397 0.9965
Car 0.0000 0.0000 0.0000 764.0000 181.0000 941.0000 271.0000 1.5153 1.5927 3.8962 4.9073 1.6790 14.3289 -0.7241 0.9959
Car 0.0000 0.0000 0.0000 659.0000 170.0000 731.0000 205.0000 1.6042 1.6740 4.3294 4.2889 1.4499 35.2402 -0.9660 0.9892
Car 0.0000 0.0000 0.0000 635.0000 162.0000 703.0000 191.0000 1.9377 1.8022 4.6793 4.1978 1.1399 49.8096 -0.6570 0.9883
Car 0.0000 0.0000 0.0000 1109.0000 127.0000 4858.0000 1601.0000 1.6712 1.6576 3.9934 4.0749 1.6399 2.8641 1.5708 0.9880
