Car 0.0000 0.0000 0.0000 320.0000 190.0000 450.0000 274.0000 1.5020 1.6384 3.8180 -4.6322 1.8784 15.3371 1.5548 0.9999
Car 0.0000 0.0000 0.0000 732.0000 184.0000 852.0000 264.0000 1.5372 1.6530 3.7240 3.8916 1.7688 15.9897 1.5599 0.9999
Car 0.0000 0.0000 0.0000 787.0000 187.0000 1006.0000 320.0000 1.5255 1.6377 3.8049 3.8471 1.7439 10.4416 1.5708 0.9998
Car 0.0000 0.0000 0.0000 409.0000 186.0000 497.0000 245.0000 1.5014 1.7187 3.9534 -4.4671 1.8817 21.0176 1.5669 0.9998
Car 0.0000 0.0000 0.0000 915.0000 192.0000 1558.0000 518.0000 1.5140 1.5753 3.4506 3.7953 1.6827 5.2626 1.5246 0.9997
Car 0.0000 0.0000 0.0000 457.0000 183.0000 524.0000 228.0000 1.4550 1.6764 4.2733 -4.2836 1.8156 26.4515 1.5708 0.9996
Car 0.0000 0.0000 0.0000 529.0000 181.0000 564.0000 208.0000 1.5240 1.6932 3.7745 -3.6176 1.9399 42.4424 1.5708 0.9995
Car 0.0000 0.0000 0.0000 702.0000 184.0000 786.0000 239.0000 1.4295 1.6002 4.1168 3.8340 1.7385 21.1753 1.5522 0.9986
Car 0.0000 0.0000 0.0000 692.0000 182.0000 750.0000 226.0000 1.4663 1.5678 3.5860 4.0110 1.7791 26.3272 1.5708 0.9981
Car 0.0000 0.0000 0.0000 687.0000 178.0000 735.0000 214.0000 1.4705 1.5409 3.6052 4.4350 1.6763 31.7761 1.5543 0.9963
