Car 0.0000 0.0000 0.0000 445.0000 177.0000 723.0000 317.0000 1.7635 1.6929 4.4083 -0.5972 1.8317 11.1976 0.7584 0.9995
Car 0.0000 0.0000 0.0000 313.0000 195.0000 440.0000 269.0000 1.5070 1.5680 3.7258 -5.6491 2.0299 17.1422 0.8749 0.9992
Car 0.0000 0.0000 0.0000 784.0000 178.0000 886.0000 244.0000 1.4829 1.6497 4.0189 5.6405 1.6048 18.5053 -1.4791 0.9988
Car 0.0000 0.0000 0.0000 370.0000 180.0000 462.0000 216.0000 1.5682 1.6184 3.8035 -8.8624 1.8768 33.1836 0.0163 0.9988
Car 0.0000 0.0000 0.0000 687.0000 178.0000 772.0000 238.0000 1.4942 1.6761 3.8182 3.2299 1.6183 20.0453 1.5656 0.9984
Car 0.0000 0.0000 0.0000 194.0000 190.0000 248.0000 234.0000 1.5813 1.6811 3.7934 -15.6909 2.2524 29.0035 1.0203 0.9983
Car 0.0000 0.0000 0.0000 -65.0000 194.0000 2.0000 228.0000 1.5268 1.6353 3.7422 -31.9366 2.5544 35.9392 1.0997 0.9957
Car 0.0000 0.0000 0.0000 306.0000 183.0000 398.0000 213.0000 1.5137 1.6402 4.2340 -13.4538 2.0099 37.7978 0.0156 0.9899
Car 0.0000 0.0000 0.0000 -364.0000 205.0000 -46.0000 387.0000 1.5539 1.6943 4.1898 -9.6393 2.0062 8.9007 0.9547 0.9862
Car 0.0000 0.0000 0.0000 135.0000 185.0000 162.0000 206.0000 1.5305 1.6833 3.7992 -35.9813 2.4154 56.3491 1.0381 0.9800
Car 0.0000 0.0000 0.0000 377.0000 180.0000 451.0000 215.0000 1.6106 1.6729 3.9952 -9.6848 1.9150 35.5737 0.7437 0.9693
Car 0.0000 0.0000 0.0000 169.0000 186.0000 215.0000 221.0000 1.5279 1.5794 3.5145 -19.2813 2.0759 33.2049 0.9836 0.9608
