Car 0.0000 0.0000 0.0000 276.0000 182.0000 382.0000 235.0000 1.7024 1.7173 4.2899 -9.8873 2.0082 25.7425 -1.4525 0.9998
Car 0.0000 0.0000 0.0000 592.0000 181.0000 658.0000 244.0000 1.5424 1.6228 3.4839 0.4391 1.7419 19.5566 1.5708 0.9998
Car 0.0000 0.0000 0.0000 709.0000 181.0000 878.0000 268.0000 1.6714 1.6686 4.0143 4.1810 1.8424 16.0976 -0.7252 0.9997
Car 0.0000 0.0000 0.0000 559.0000 177.0000 595.0000 199.0000 1.4895 1.7876 4.0439 -2.2195 1.7351 51.8471 -1.4161 0.9997
Car 0.0000 0.0000 0.0000 414.0000 184.0000 495.0000 229.0000 1.5196 1.6829 4.3970 -5.6563 1.9063 26.8863 -1.4678 0.9995
Car 0.0000 0.0000 0.0000 -36.0000 186.0000 272.0000 337.0000 1.7087 1.7172 4.0182 -6.7252 1.9114 10.4225 1.5708 0.9993
Car 0.0000 0.0000 0.0000 847.0000 184.0000 1071.0000 327.0000 1.4532 1.6172 3.5394 4.6292 1.6005 9.3530 -0.8151 0.9989
Car 0.0000 0.0000 0.0000 3.0000 179.0000 210.0000 266.0000 1.5826 1.6970 4.1806 -10.5100 1.7098 15.4425 1.5158 0.9987
Car 0.0000 0.0000 0.0000 -77.0000 190.0000 103.0000 256.0000 1.4218 1.5945 3.6945 -14.6864 1.8461 17.9647 1.5127 0.9985
Car 0.0000 0.0000 0.0000 666.0000 176.0000 688.0000 194.0000 1.4507 1.6122 3.7653 6.0018 1.6814 63.5772 1.5671 0.9972
Car 0.0000 0.0000 0.0000 -406.0000 184.0000 -110.0000 259.0000 1.5678 1.6891 4.4361 -21.0975 1.8528 17.8193 -1.4007 0.9967
Car 0.0000 0.0000 0.0000 -527.0000 198.0000 15.0000 371.0000 1.5997 1.8013 4.3420 -10.4380 1.9690 9.3171 1.5708 0.9744
