Car 0.0000 0.0000 0.0000 828.0000 180.0000 1494.0000 591.0000 1.6528 1.5967 3.4610 2.7597 1.7051 4.6826 1.5450 0.9998
Car 0.0000 0.0000 0.0000 680.0000 184.0000 766.0000 249.0000 1.4752 1.5701 3.4119 2.8067 1.7503 18.4638 1.5466 0.9998
Car 0.0000 0.0000 0.0000 -187.0000 160.0000 215.0000 329.0000 1.7352 1.5847 3.3580 -6.7468 1.6163 8.3646 -0.0091 0.9995
Car 0.0000 0.0000 0.0000 323.0000 175.0000 472.0000 235.0000 1.6156 1.6308 3.8118 -6.0476 1.6783 20.8074 0.0232 0.9994
Car 0.0000 0.0000 0.0000 157.0000 185.0000 400.0000 272.0000 1.5446 1.6179 3.9220 -6.2664 1.7738 13.8276 0.0314 0.9993
Car 0.0000 0.0000 0.0000 227.0000 175.0000 439.0000 253.0000 1.6068 1.6361 4.1087 -6.0746 1.6603 16.1026 -0.0057 0.9991
Car 0.0000 0.0000 0.0000 638.0000 178.0000 662.0000 200.0000 1.5107 1.6734 3.7126 2.9839 1.8153 52.2068 1.5708 0.9990
Car 0.0000 0.0000 0.0000 735.0000 169.0000 869.0000 228.0000 1.8077 1.7139 3.9640 6.1758 1.6773 23.4488 0.1002 0.9988
Car 0.0000 0.0000 0.0000 3.0000 171.0000 300.0000 286.0000 1.6039 1.5931 3.5850 -6.9361 1.5901 11.0966 0.0202 0.9984
Car 0.0000 0.0000 0.0000 333.0000 176.0000 458.0000 227.0000 1.5855 1.5687 3.5908 -6.8820 1.6588 23.3601 -0.0127 0.9984
Car 0.0000 0.0000 0.0000 377.0000 179.0000 496.0000 225.0000 1.5640 1.6048 3.8571 -6.2111 1.7728 25.9754 0.2482 0.9981
Car 0.0000 0.0000 0.0000 289.0000 174.0000 450.0000 243.0000 1.6785 1.6043 3.5816 -6.1259 1.6957 18.5387 0.0685 0.9972
Car 0.0000 0.0000 0.0000 -531.0000 166.0000 151.0000 404.0000 1.6660 1.6537 3.8648 -6.3001 1.6346 5.9688 0.0091 0.9946
Car 0.0000 0.0000 0.0000 421.0000 169.0000 521.0000 207.0000 1.8100 1.7517 4.5142 -6.7212 1.5875 35.3898 0.0437 0.9945
Car 0.0000 0.0000 0.0000 677.0000 173.0000 763.0000 206.0000 1.6171 1.6921 4.2230 5.6326 1.5935 36.7786 0.0869 0.9924
Car 0.0000 0.0000 0.0000 399.0000 176.0000 500.0000 219.0000 1.6217 1.5744 3.5652 -6.2590 1.7030 28.3381 0.1301 0.9895
Car 0.0000 0.0000 0.0000 685.0000 169.0000 760.0000 202.0000 1.7021 1.6398 3.8989 6.1423 1.4566 38.9957 0.1430 0.9788
