Car 0.0000 0.0000 0.0000 655.0000 162.0000 838.0000 236.0000 1.6452 1.6976 4.0892 3.1663 1.4099 17.2815 0.0438 0.9998
Car 0.0000 0.0000 0.0000 -146.0000 203.0000 410.0000 540.0000 1.5035 1.7021 3.7173 -2.8972 1.7929 5.3721 1.5681 0.9998
Car 0.0000 0.0000 0.0000 637.0000 178.0000 677.0000 212.0000 1.5418 1.6242 3.4677 2.2763 1.7549 34.8719 1.5408 0.9997
Car 0.0000 0.0000 0.0000 -54.0000 199.0000 286.0000 357.0000 1.4218 1.5904 3.8276 -5.7041 1.7861 8.9136 1.5708 0.9995
Car 0.0000 0.0000 0.0000 375.0000 126.0000 529.0000 283.0000 2.5349 1.9563 5.2476 -2.8746 1.7795 14.3105 1.5610 0.9991
Car 0.0000 0.0000 0.0000 231.0000 194.0000 382.0000 282.0000 1.3910 1.5188 3.4753 -5.6865 1.8297 13.8833 1.5490 0.9987
Car 0.0000 0.0000 0.0000 748.0000 159.0000 1128.0000 300.0000 1.6257 1.6869 4.1307 3.9523 1.4786 9.3289 0.1027 0.9983
Car 0.0000 0.0000 0.0000 498.0000 137.0000 562.0000 217.0000 2.5168 1.9820 5.5380 -2.7673 1.3595 25.4918 1.4753 0.9980
Car 0.0000 0.0000 0.0000 912.0000 102.0000 2223.0000 538.0000 1.6008 1.6631 4.0880 3.8621 1.3632 3.5672 0.0488 0.9977
Car 0.0000 0.0000 0.0000 627.0000 176.0000 659.0000 204.0000 1.4800 1.5696 3.5774 1.8489 1.5973 39.9245 1.5693 0.9946
