Car 0.0000 0.0000 0.0000 477.0000 188.0000 527.0000 226.0000 1.5906 1.7322 3.9409 -4.9447 2.2925 33.6489 1.5664 0.9998
Car 0.0000 0.0000 0.0000 692.0000 185.0000 807.0000 270.0000 1.4559 1.5611 3.3156 2.6410 1.6900 14.3516 1.5461 0.9998
Car 0.0000 0.0000 0.0000 648.0000 181.0000 698.0000 219.0000 1.4811 1.6510 3.5803 2.6045 1.7736 30.0932 1.5422 0.9998
Car 0.0000 0.0000 0.0000 196.0000 200.0000 408.0000 335.0000 1.4945 1.6313 3.5607 -4.2248 1.9358 10.4333 1.5415 0.9998
Car 0.0000 0.0000 0.0000 385.0000 184.0000 490.0000 258.0000 1.7393 1.8553 4.1963 -4.5317 2.0312 19.5446 1.5664 0.9997
Car 0.0000 0.0000 0.0000 865.0000 192.0000 1782.0000 699.0000 1.5247 1.5940 3.6285 2.8617 1.6702 4.0909 1.5708 0.9997
Car 0.0000 0.0000 0.0000 547.0000 184.0000 567.0000 201.0000 1.4749 1.6775 4.0145 -4.8391 2.4618 67.9933 1.5507 0.9983
Car 0.0000 0.0000 0.0000 519.0000 184.0000 549.0000 207.0000 1.4564 1.5832 3.8017 -5.0693 2.1859 49.1653 1.5708 0.9954
Car 0.0000 0.0000 0.0000 629.0000 180.0000 652.0000 196.0000 1.5133 1.6795 3.9111 3.1811 2.1111 70.2437 -1.3811 0.9944
Car 0.0000 0.0000 0.0000 567.0000 179.0000 587.0000 198.0000 1.5139 1.6209 3.8833 -2.6439 1.9703 60.0032 1.5103 0.9754
