Car 0.0000 0.0000 0.0000 660.0000 181.0000 735.0000 241.0000 1.6093 1.6656 3.9070 2.5336 1.8477 21.6170 1.5423 0.9999
Car 0.0000 0.0000 0.0000 710.0000 189.0000 899.0000 317.0000 1.4990 1.6501 3.7334 2.6270 1.7542 10.6864 1.5362 0.9999
Car 0.0000 0.0000 0.0000 158.0000 163.0000 387.0000 264.0000 1.8123 1.6492 3.6624 -6.4371 1.6375 13.9622 0.0014 0.9996
Car 0.0000 0.0000 0.0000 330.0000 179.0000 466.0000 234.0000 1.5381 1.5893 3.6489 -6.3022 1.7172 21.6859 -0.0029 0.9994
Car 0.0000 0.0000 0.0000 636.0000 179.0000 679.0000 212.0000 1.6171 1.6219 3.5707 2.4299 1.8744 36.8599 1.4873 0.9993
Car 0.0000 0.0000 0.0000 651.0000 184.0000 706.0000 227.0000 1.4836 1.6068 3.7141 2.5758 1.8804 27.5308 1.5430 0.9993
Car 0.0000 0.0000 0.0000 -128.0000 184.0000 281.0000 323.0000 1.5592 1.6570 4.0834 -6.5985 1.7111 9.0955 0.0819 0.9984
Car 0.0000 0.0000 0.0000 289.0000 184.0000 445.0000 246.0000 1.5458 1.5644 3.5953 -6.3582 1.8394 19.0169 0.1180 0.9980
Car 0.0000 0.0000 0.0000 232.0000 181.0000 417.0000 259.0000 1.6437 1.5829 3.5919 -6.4165 1.8242 16.4186 -0.0106 0.9930
Car 0.0000 0.0000 0.0000 381.0000 182.0000 490.0000 222.0000 1.6259 1.6768 4.2660 -7.3753 1.9934 30.8354 0.0253 0.9642
Car 0.0000 0.0000 0.0000 -1344.0000 193.0000 -175.0000 568.0000 1.5790 1.5912 3.6791 -7.0281 1.7161 3.9654 0.0467 0.9626
