Car 0.0000 0.0000 0.0000 769.0000 184.0000 929.0000 288.0000 1.5300 1.5854 3.4944 3.9859 1.7299 12.6293 1.5554 0.9999
Car 0.0000 0.0000 0.0000 435.0000 186.0000 511.0000 240.0000 1.4986 1.6880 3.9198 -4.2467 1.9201 22.8829 1.5631 0.9999
Car 0.0000 0.0000 0.0000 727.0000 184.0000 831.0000 253.0000 1.4999 1.6096 3.7927 4.0434 1.7569 17.8286 1.5576 0.9999
Car 0.0000 0.0000 0.0000 705.0000 181.0000 778.0000 232.0000 1.5235 1.6373 3.5426 4.1711 1.7467 23.2781 1.5565 0.9997
Car 0.0000 0.0000 0.0000 854.0000 191.0000 1296.0000 420.0000 1.4896 1.6272 4.0540 3.8501 1.6947 6.9657 1.5704 0.9997
Car 0.0000 0.0000 0.0000 478.0000 186.0000 534.0000 228.0000 1.5116 1.6345 3.8593 -4.0164 2.0043 28.5977 1.5708 0.9997
Car 0.0000 0.0000 0.0000 500.0000 185.0000 551.0000 218.0000 1.4312 1.6423 3.9647 -3.8187 1.9465 33.5787 1.5708 0.9992
Car 0.0000 0.0000 0.0000 555.0000 181.0000 584.0000 204.0000 1.5606 1.7005 4.2187 -2.7033 2.0295 50.3505 1.5708 0.9988
Car 0.0000 0.0000 0.0000 -2995.0000 -1030.0000 1759.0000 582.0000 1.5869 1.5942 3.8255 3.7833 1.5992 0.9560 1.5551 0.9963
Car 0.0000 0.0000 0.0000 692.0000 179.0000 750.0000 222.0000 1.5627 1.6217 4.0431 4.3598 1.7603 28.5740 1.5707 0.9962
Car 0.0000 0.0000 0.0000 686.0000 176.0000 723.0000 205.0000 1.5129 1.6241 3.6593 5.2055 1.6340 39.4529 1.5708 0.9806
