Car 0.0000 0.0000 0.0000 369.0000 181.0000 471.0000 240.0000 1.6500 1.7995 4.6987 -5.8725 1.8849 22.8772 1.5708 0.9998
Car 0.0000 0.0000 0.0000 257.0000 184.0000 368.0000 236.0000 1.5385 1.6600 4.0840 -9.8727 1.9100 24.2405 -1.4489 0.9998
Car 0.0000 0.0000 0.0000 595.0000 180.0000 661.0000 244.0000 1.5638 1.6268 3.4627 0.4652 1.7339 19.4721 1.5708 0.9998
Car 0.0000 0.0000 0.0000 549.0000 179.0000 588.0000 204.0000 1.6101 1.7203 4.1835 -2.6081 1.9373 48.0285 -1.4040 0.9996
Car 0.0000 0.0000 0.0000 722.0000 178.0000 906.0000 275.0000 1.6685 1.6823 4.0508 4.2223 1.7783 14.5736 -0.7408 0.9995
Car 0.0000 0.0000 0.0000 -503.0000 186.0000 144.0000 434.0000 1.6615 1.7407 4.1174 -6.8156 1.8053 7.0031 1.5708 0.9986
Car 0.0000 0.0000 0.0000 899.0000 182.0000 1160.0000 363.0000 1.4597 1.6055 3.4961 4.6171 1.5687 7.7587 -0.7941 0.9980
Car 0.0000 0.0000 0.0000 676.0000 175.0000 697.0000 192.0000 1.4632 1.6749 3.8867 6.9814 1.5657 64.2402 -1.4329 0.9979
Car 0.0000 0.0000 0.0000 -43.0000 182.0000 171.0000 280.0000 1.6492 1.6102 3.5392 -10.4695 1.8129 14.1207 1.5407 0.9973
Car 0.0000 0.0000 0.0000 430.0000 175.0000 486.0000 209.0000 1.6196 1.5968 3.8164 -7.7117 1.6988 37.1915 -1.4212 0.9932
Car 0.0000 0.0000 0.0000 -507.0000 184.0000 -167.0000 267.0000 1.5974 1.6851 4.3767 -21.0954 1.8417 16.3582 -1.3652 0.9766
Car 0.0000 0.0000 0.0000 -85.0000 172.0000 119.0000 241.0000 1.5000 1.6159 3.7098 -14.3246 1.4715 17.6433 -1.3955 0.9652
