Car 0.0000 0.0000 0.0000 598.0000 184.0000 671.0000 251.0000 1.4776 1.6498 3.7256 0.6953 1.7593 18.2098 1.5708 0.9998
Car 0.0000 0.0000 0.0000 351.0000 191.0000 411.0000 224.0000 1.5096 1.7568 3.9066 -11.4669 2.3910 36.4741 1.5708 0.9996
Car 0.0000 0.0000 0.0000 659.0000 179.0000 700.0000 221.0000 1.9332 1.7859 4.2134 3.3932 2.1664 35.2822 1.5708 0.9990
Car 0.0000 0.0000 0.0000 579.0000 185.0000 625.0000 226.0000 1.5364 1.7143 3.8848 -0.2273 2.0030 29.3544 1.5708 0.9988
Car 0.0000 0.0000 0.0000 442.0000 187.0000 476.0000 210.0000 1.6387 1.6930 4.0431 -11.3881 2.6501 54.9556 1.5708 0.9987
Car 0.0000 0.0000 0.0000 402.0000 189.0000 438.0000 209.0000 1.4825 1.7621 4.1728 -14.7019 2.6718 56.4221 1.5624 0.9978
Car 0.0000 0.0000 0.0000 500.0000 181.0000 546.0000 213.0000 1.5332 1.6516 3.8114 -4.5959 1.9326 37.9027 1.2465 0.9978
Car 0.0000 0.0000 0.0000 1104.0000 174.0000 1278.0000 226.0000 1.5409 1.6478 4.1472 18.3039 1.5655 22.7631 -0.0039 0.9976
Car 0.0000 0.0000 0.0000 1382.0000 177.0000 1536.0000 222.0000 1.5501 1.5736 4.0403 30.7955 1.6754 26.1349 -0.1048 0.9930
Car 0.0000 0.0000 0.0000 539.0000 177.0000 566.0000 198.0000 1.4498 1.6269 3.8533 -4.0136 1.6982 51.9748 1.5704 0.9836
Car 0.0000 0.0000 0.0000 473.0000 185.0000 507.0000 206.0000 1.4628 1.5811 3.8424 -8.7308 2.2858 53.1682 1.5708 0.9720
