Car 0.0000 0.0000 0.0000 365.0000 189.0000 493.0000 264.0000 1.5083 1.5791 3.4898 -4.2661 1.8614 16.6061 0.9061 0.9999
Car 0.0000 0.0000 0.0000 496.0000 167.0000 796.0000 319.0000 1.7218 1.7079 4.4298 0.2636 1.6640 10.3410 0.8601 0.9995
Car 0.0000 0.0000 0.0000 857.0000 175.0000 983.0000 246.0000 1.4867 1.6514 4.1620 7.1832 1.5256 17.1349 -1.4404 0.9995
Car 0.0000 0.0000 0.0000 765.0000 172.0000 851.0000 238.0000 1.5238 1.6683 3.9755 5.0649 1.5067 18.8478 -1.4266 0.9993
Car 0.0000 0.0000 0.0000 261.0000 187.0000 312.0000 229.0000 1.5795 1.7083 3.7185 -13.0309 2.1081 29.2308 1.1956 0.9990
Car 0.0000 0.0000 0.0000 433.0000 178.0000 524.0000 215.0000 1.5762 1.6154 3.8290 -5.9400 1.7941 32.9089 0.0395 0.9989
Car 0.0000 0.0000 0.0000 -299.0000 206.0000 -2.0000 387.0000 1.4988 1.6084 3.8604 -8.7134 1.9573 8.6044 0.9872 0.9967
Car 0.0000 0.0000 0.0000 28.0000 192.0000 81.0000 225.0000 1.5899 1.7158 3.7590 -28.8712 2.5532 37.5384 1.0426 0.9951
Car 0.0000 0.0000 0.0000 234.0000 183.0000 287.0000 218.0000 1.4984 1.5843 3.9185 -16.3778 1.9584 33.9878 1.3021 0.9932
Car 0.0000 0.0000 0.0000 364.0000 181.0000 454.0000 211.0000 1.5112 1.6347 4.2583 -10.4981 1.9077 37.9877 0.0153 0.9928
Car 0.0000 0.0000 0.0000 210.0000 185.0000 237.0000 204.0000 1.4553 1.6289 3.6298 -31.0048 2.3338 57.9804 1.1542 0.9765
