Car 0.0000 0.0000 0.0000 355.0000 189.0000 450.0000 253.0000 1.4422 1.6146 3.7615 -5.3251 1.8634 18.8843 1.5118 0.9999
Car 0.0000 0.0000 0.0000 656.0000 176.0000 691.0000 205.0000 1.5382 1.6445 3.5610 3.5220 1.6602 39.6928 1.5708 0.9998
Car 0.0000 0.0000 0.0000 257.0000 188.0000 368.0000 239.0000 1.5465 1.6368 3.7229 -9.9768 2.0629 24.4735 -1.3537 0.9996
Car 0.0000 0.0000 0.0000 -103.0000 197.0000 187.0000 318.0000 1.5267 1.7130 4.3130 -9.0531 1.9656 12.0010 1.4889 0.9996
Car 0.0000 0.0000 0.0000 146.0000 192.0000 301.0000 268.0000 1.5304 1.7301 4.2600 -9.2217 2.0234 17.6075 1.5051 0.9995
Car 0.0000 0.0000 0.0000 625.0000 173.0000 653.0000 197.0000 1.5676 1.6655 3.7105 2.0622 1.5249 48.5983 -1.4767 0.9991
Car 0.0000 0.0000 0.0000 -636.0000 215.0000 -30.0000 434.0000 1.4289 1.6040 3.4108 -8.5811 1.9265 7.0728 1.5003 0.9935
Car 0.0000 0.0000 0.0000 -176.0000 193.0000 84.0000 287.0000 1.4226 1.5879 3.8880 -12.0328 1.8256 13.5648 1.4965 0.9909
Car 0.0000 0.0000 0.0000 676.0000 173.0000 702.0000 197.0000 1.5773 1.6194 3.8216 5.6884 1.5513 51.3517 1.5708 0.9895
Car 0.0000 0.0000 0.0000 1031.0000 149.0000 1165.0000 195.0000 1.6400 1.6388 4.0861 18.9208 0.7670 28.0840 1.1946 0.9798
Car 0.0000 0.0000 0.0000 1199.0000 128.0000 1527.0000 243.0000 1.6923 1.6355 4.0094 12.1081 1.0097 11.6964 -0.1453 0.9704
Car 0.0000 0.0000 0.0000 926.0000 146.0000 980.0000 176.0000 1.5639 1.6572 3.6945 19.1191 0.0946 40.1205 -1.4362 0.9667
