Car 0.0000 0.0000 0.0000 462.0000 178.0000 518.0000 218.0000 1.4655 1.6091 3.6042 -4.6605 1.6507 28.4949 1.5674 0.9999
Car 0.0000 0.0000 0.0000 376.0000 187.0000 481.0000 257.0000 1.4347 1.5980 3.9978 -4.2325 1.7844 17.3688 1.5545 0.9997
Car 0.0000 0.0000 0.0000 580.0000 176.0000 612.0000 206.0000 1.5771 1.7092 3.6826 -0.6978 1.7290 40.3397 1.5642 0.9995
Car 0.0000 0.0000 0.0000 337.0000 185.0000 410.0000 229.0000 1.4382 1.6330 3.7933 -8.5223 1.8664 26.2953 1.5065 0.9993
Car 0.0000 0.0000 0.0000 490.0000 181.0000 530.0000 211.0000 1.4924 1.6310 4.1607 -5.2564 1.9061 38.7048 1.5592 0.9971
Car 0.0000 0.0000 0.0000 -1303.0000 -228.0000 305.0000 826.0000 2.7787 2.0251 5.4437 -4.1201 1.7203 4.6271 1.5504 0.9970
Car 0.0000 0.0000 0.0000 212.0000 184.0000 342.0000 249.0000 1.4707 1.6183 3.8995 -8.4286 1.7452 18.5892 1.5519 0.9969
Car 0.0000 0.0000 0.0000 312.0000 173.0000 377.0000 208.0000 1.5038 1.6622 3.8578 -12.3234 1.5011 33.7282 1.5576 0.9967
Car 0.0000 0.0000 0.0000 415.0000 179.0000 462.0000 209.0000 1.4604 1.6276 3.7446 -8.7577 1.7348 37.2135 1.5407 0.9944
Car 0.0000 0.0000 0.0000 392.0000 178.0000 432.0000 202.0000 1.4709 1.6713 3.8283 -12.6959 1.7377 46.7483 1.5342 0.9908
Car 0.0000 0.0000 0.0000 519.0000 180.0000 544.0000 203.0000 1.4563 1.5828 3.9161 -5.1638 1.8630 47.8759 1.4443 0.9821
Car 0.0000 0.0000 0.0000 536.0000 167.0000 559.0000 197.0000 2.5402 1.8165 5.5993 -5.4501 1.9792 64.8438 1.5323 0.9776
