Car 0.0000 0.0000 0.0000 563.0000 167.0000 612.0000 195.0000 1.6159 1.7603 3.8006 -1.3490 1.2102 44.0864 1.1735 0.9992
Car 0.0000 0.0000 0.0000 513.0000 163.0000 559.0000 192.0000 1.6331 1.6888 3.9294 -4.4597 1.0173 43.4002 1.1766 0.9991
Car 0.0000 0.0000 0.0000 764.0000 165.0000 820.0000 189.0000 1.6490 1.6181 3.6600 13.0625 1.0385 51.4688 0.9326 0.9984
Car 0.0000 0.0000 0.0000 465.0000 166.0000 515.0000 197.0000 1.7038 1.6993 4.1253 -6.8900 1.2800 41.4740 1.1200 0.9983
Car 0.0000 0.0000 0.0000 835.0000 170.0000 879.0000 192.0000 1.6342 1.7139 3.5177 19.2781 1.3368 55.9449 1.3987 0.9960
Car 0.0000 0.0000 0.0000 701.0000 159.0000 756.0000 186.0000 1.6784 1.6796 3.6809 7.8433 0.7771 47.3531 1.0843 0.9934
Car 0.0000 0.0000 0.0000 732.0000 169.0000 764.0000 193.0000 1.5781 1.6499 3.4229 9.5860 1.2693 49.6914 1.5708 0.9933
Car 0.0000 0.0000 0.0000 -587.0000 179.0000 -245.0000 263.0000 1.6744 1.6738 4.2038 -23.1387 1.8060 16.5234 -0.6462 0.9924
Car 0.0000 0.0000 0.0000 859.0000 166.0000 905.0000 187.0000 1.5612 1.6729 3.6661 21.3251 0.9996 56.2878 1.3937 0.9893
Car 0.0000 0.0000 0.0000 887.0000 167.0000 935.0000 188.0000 1.6063 1.6741 3.5350 23.7406 1.0731 56.6095 1.3133 0.9868
Car 0.0000 0.0000 0.0000 650.0000 159.0000 717.0000 184.0000 1.6595 1.6812 4.1980 5.0999 0.6515 48.7957 -0.3982 0.9725
