Car 0.0000 0.0000 0.0000 1112.0000 199.0000 2386.0000 936.0000 1.5667 1.5676 3.4117 3.8492 1.7408 3.5005 -1.2031 0.9998
Car 0.0000 0.0000 0.0000 514.0000 164.0000 753.0000 258.0000 1.7033 1.7358 4.5021 0.5074 1.5464 14.3801 0.2331 0.9997
Car 0.0000 0.0000 0.0000 1025.0000 168.0000 1116.0000 213.0000 1.6616 1.6859 4.3712 18.5807 1.4494 28.9215 -0.6506 0.9995
Car 0.0000 0.0000 0.0000 879.0000 178.0000 993.0000 242.0000 1.6399 1.6225 3.8490 9.4772 1.7792 20.7568 -0.7530 0.9991
Car 0.0000 0.0000 0.0000 -23417.0000 216.0000 -465.0000 7116.0000 1.5308 1.5969 3.4168 -6.0061 1.7472 2.0617 1.1606 0.9973
Car 0.0000 0.0000 0.0000 -131.0000 179.0000 32.0000 232.0000 1.7473 1.6760 4.2226 -23.6973 1.9483 26.0990 -0.6203 0.9971
Car 0.0000 0.0000 0.0000 1076.0000 170.0000 1149.0000 210.0000 1.6810 1.6072 3.7054 22.7027 1.5176 32.4268 -0.6456 0.9955
Car 0.0000 0.0000 0.0000 -540.0000 200.0000 -105.0000 461.0000 1.5585 1.6833 3.9127 -8.0252 1.8521 6.6286 0.8646 0.9941
Car 0.0000 0.0000 0.0000 1235.0000 172.0000 1403.0000 287.0000 1.4799 1.6192 3.3413 10.7363 1.4574 11.0194 -0.8084 0.9927
Car 0.0000 0.0000 0.0000 789.0000 164.0000 816.0000 183.0000 1.5359 1.6558 3.8007 16.7077 0.7552 62.0259 -1.1544 0.9833
Car 0.0000 0.0000 0.0000 1129.0000 167.0000 1174.0000 198.0000 1.5280 1.6680 3.7483 28.0247 1.1896 37.1309 -0.8791 0.9822
Car 0.0000 0.0000 0.0000 1175.0000 161.0000 1226.0000 189.0000 1.5309 1.6343 3.6404 33.7799 0.8295 41.1807 -1.0506 0.9764
