Car 0.0000 0.0000 0.0000 651.0000 183.0000 711.0000 231.0000 1.4689 1.6570 3.9177 2.3666 1.8033 24.5120 1.5708 0.9997
Car 0.0000 0.0000 0.0000 846.0000 180.0000 1211.0000 302.0000 1.4837 1.6191 4.0214 5.4797 1.5831 9.8201 -0.0002 0.9993
Car 0.0000 0.0000 0.0000 362.0000 173.0000 486.0000 223.0000 1.6255 1.6270 3.9047 -6.4311 1.6338 25.2549 0.0213 0.9987
Car 0.0000 0.0000 0.0000 -43.0000 185.0000 297.0000 313.0000 1.5271 1.5522 3.5155 -6.3302 1.7017 9.6555 -0.0109 0.9985
Car 0.0000 0.0000 0.0000 257.0000 181.0000 446.0000 247.0000 1.5463 1.6514 4.1224 -6.3686 1.7331 17.9974 0.0166 0.9984
Car 0.0000 0.0000 0.0000 624.0000 177.0000 651.0000 199.0000 1.4819 1.5818 3.6288 2.0686 1.7436 52.0882 1.5139 0.9980
Car 0.0000 0.0000 0.0000 640.0000 181.0000 684.0000 216.0000 1.5067 1.6347 4.0687 2.4265 1.8333 33.6908 1.5417 0.9976
Car 0.0000 0.0000 0.0000 -296.0000 178.0000 199.0000 355.0000 1.5765 1.5898 3.6490 -6.4626 1.6403 7.2846 0.0416 0.9963
Car 0.0000 0.0000 0.0000 550.0000 180.0000 578.0000 203.0000 1.4580 1.5910 3.7101 -2.9928 1.9012 48.7700 1.5708 0.9876
Car 0.0000 0.0000 0.0000 414.0000 178.0000 513.0000 216.0000 1.5759 1.5932 3.8442 -6.1769 1.7486 30.7723 0.0554 0.9647
Car 0.0000 0.0000 0.0000 428.0000 181.0000 520.0000 217.0000 1.5974 1.6079 3.8634 -6.1988 1.9479 33.2579 0.1040 0.9632
Car 0.0000 0.0000 0.0000 -810.0000 140.0000 50.0000 461.0000 1.7696 1.6130 3.5826 -6.2655 1.6001 4.8777 -0.0140 0.9630
