Car 0.0000 0.0000 0.0000 361.0000 173.0000 488.0000 258.0000 1.5529 1.7140 4.0240 -3.7839 1.5585 15.3560 1.5606 0.9999
Car 0.0000 0.0000 0.0000 694.0000 184.0000 796.0000 259.0000 1.4585 1.5654 3.5905 2.8963 1.7039 16.1160 1.5661 0.9998
Car 0.0000 0.0000 0.0000 462.0000 177.0000 518.0000 220.0000 1.4825 1.6162 3.7158 -4.4138 1.6125 27.0442 1.5323 0.9997
Car 0.0000 0.0000 0.0000 639.0000 176.0000 677.0000 205.0000 1.5516 1.6530 3.8869 2.6892 1.6626 40.3734 1.5216 0.9997
Car 0.0000 0.0000 0.0000 94.0000 182.0000 404.0000 373.0000 1.5703 1.6265 3.5056 -3.5632 1.6676 7.7836 1.5578 0.9995
Car 0.0000 0.0000 0.0000 589.0000 176.0000 617.0000 203.0000 1.6143 1.6995 3.8628 -0.3930 1.7589 45.5324 1.5499 0.9995
Car 0.0000 0.0000 0.0000 -229.0000 188.0000 145.0000 341.0000 1.5047 1.6080 3.4578 -7.8130 1.7117 9.0730 1.5671 0.9994
Car 0.0000 0.0000 0.0000 510.0000 179.0000 541.0000 207.0000 1.4096 1.5531 3.5771 -4.5227 1.7120 39.3462 1.4975 0.9980
Car 0.0000 0.0000 0.0000 414.0000 163.0000 461.0000 195.0000 1.5584 1.6504 3.6900 -8.7274 1.0421 36.7980 1.5313 0.9967
Car 0.0000 0.0000 0.0000 350.0000 180.0000 418.0000 223.0000 1.5168 1.6492 3.6174 -8.5329 1.7619 27.5723 1.5162 0.9957
Car 0.0000 0.0000 0.0000 236.0000 181.0000 362.0000 245.0000 1.4939 1.6175 3.7963 -7.9943 1.6895 18.8735 1.5708 0.9950
Car 0.0000 0.0000 0.0000 364.0000 144.0000 417.0000 181.0000 1.9068 1.8575 4.2791 -11.9505 0.3502 39.6019 1.5114 0.9918
Car 0.0000 0.0000 0.0000 457.0000 172.0000 490.0000 197.0000 1.5474 1.6663 3.7371 -8.7162 1.4656 46.6777 1.5034 0.9821
