Car 0.0000 0.0000 0.0000 138.0000 180.0000 440.0000 363.0000 1.6034 1.6226 3.7859 -3.3345 1.6855 8.2680 1.5708 0.9999
Car 0.0000 0.0000 0.0000 450.0000 173.0000 537.0000 243.0000 1.6416 1.7363 4.3094 -2.9933 1.6463 19.2908 1.5411 0.9999
Car 0.0000 0.0000 0.0000 495.0000 177.0000 556.0000 227.0000 1.5715 1.6541 3.9883 -2.8251 1.7011 24.8264 1.5657 0.9998
Car 0.0000 0.0000 0.0000 762.0000 184.0000 984.0000 324.0000 1.4472 1.5884 3.7349 3.1680 1.6022 9.5235 1.5708 0.9998
Car 0.0000 0.0000 0.0000 883.0000 181.0000 2210.0000 860.0000 1.5895 1.6595 3.8523 2.9500 1.6381 3.6479 1.5544 0.9997
Car 0.0000 0.0000 0.0000 796.0000 155.0000 944.0000 212.0000 1.7121 1.6869 4.0541 8.1816 1.1447 22.8350 0.0131 0.9997
Car 0.0000 0.0000 0.0000 353.0000 147.0000 512.0000 282.0000 2.1666 1.8452 4.6374 -3.1954 1.7499 13.9363 1.5708 0.9995
Car 0.0000 0.0000 0.0000 912.0000 160.0000 1082.0000 238.0000 1.7175 1.6285 3.8816 9.3587 1.4028 17.3745 -0.4516 0.9995
Car 0.0000 0.0000 0.0000 1063.0000 164.0000 1343.0000 286.0000 1.6532 1.5959 3.8280 9.1959 1.5267 11.1980 -0.3393 0.9993
Car 0.0000 0.0000 0.0000 989.0000 162.0000 1173.0000 257.0000 1.6753 1.6243 3.7642 9.4637 1.4672 14.4147 -0.5508 0.9986
Car 0.0000 0.0000 0.0000 779.0000 156.0000 917.0000 208.0000 1.7332 1.7076 4.2645 8.3313 1.1506 25.3470 -0.0119 0.9986
Car 0.0000 0.0000 0.0000 871.0000 168.0000 1008.0000 234.0000 1.6956 1.6037 3.5733 9.1696 1.5349 19.9894 -0.4840 0.9971
Car 0.0000 0.0000 0.0000 1225.0000 159.0000 1566.0000 337.0000 1.7177 1.5756 3.5607 9.1377 1.5727 8.3988 -0.4021 0.9873
Car 0.0000 0.0000 0.0000 2231.0000 115.0000 6248.0000 1215.0000 1.5955 1.5984 3.7410 9.1584 1.5114 2.7846 -0.6273 0.9808
