Car 0.0000 0.0000 0.0000 656.0000 172.0000 747.0000 235.0000 1.5807 1.6206 3.9505 2.4402 1.5506 20.1376 1.4619 0.9999
Car 0.0000 0.0000 0.0000 477.0000 174.0000 541.0000 232.0000 1.5251 1.5939 3.4809 -2.8633 1.5403 20.9995 1.5026 0.9999
Car 0.0000 0.0000 0.0000 724.0000 173.0000 1024.0000 376.0000 1.5652 1.6358 3.9336 2.3400 1.5793 7.5721 1.5546 0.9998
Car 0.0000 0.0000 0.0000 495.0000 167.0000 553.0000 216.0000 1.6471 1.7071 4.0132 -3.0383 1.4229 26.3180 1.5512 0.9994
Car 0.0000 0.0000 0.0000 -130.0000 189.0000 171.0000 294.0000 1.4752 1.5296 3.4817 -9.0658 1.7291 11.2095 0.0262 0.9993
Car 0.0000 0.0000 0.0000 528.0000 173.0000 567.0000 204.0000 1.4112 1.5653 3.4023 -2.9503 1.4030 35.0031 1.5708 0.9992
Car 0.0000 0.0000 0.0000 635.0000 166.0000 675.0000 201.0000 1.6758 1.6875 4.0209 2.3211 1.3151 36.8370 1.5535 0.9990
Car 0.0000 0.0000 0.0000 645.0000 174.0000 701.0000 218.0000 1.4732 1.5479 3.5583 2.2366 1.5060 26.0936 1.5367 0.9964
Car 0.0000 0.0000 0.0000 -434.0000 201.0000 -73.0000 309.0000 1.5159 1.5851 3.9066 -13.6735 1.9999 11.5195 0.0068 0.9885
Car 0.0000 0.0000 0.0000 -1408.0000 207.0000 -244.0000 506.0000 1.4961 1.6263 4.2758 -8.7304 1.7629 4.6834 -0.0093 0.9634
