Car 0.0000 0.0000 0.0000 684.0000 185.0000 777.0000 253.0000 1.4529 1.5646 3.4768 2.8110 1.7385 17.4638 1.5437 0.9998
Car 0.0000 0.0000 0.0000 870.0000 190.0000 1973.0000 820.0000 1.5915 1.5924 3.5262 2.7807 1.7092 3.6802 1.5408 0.9997
Car 0.0000 0.0000 0.0000 301.0000 176.0000 468.0000 240.0000 1.6655 1.6629 4.0565 -6.1424 1.7429 19.8472 0.0787 0.9996
Car 0.0000 0.0000 0.0000 207.0000 178.0000 428.0000 261.0000 1.6036 1.6439 3.9650 -6.0146 1.7065 15.0909 0.0029 0.9994
Car 0.0000 0.0000 0.0000 740.0000 170.0000 880.0000 227.0000 1.6708 1.6848 3.9141 6.1902 1.5841 22.5190 0.0491 0.9992
Car 0.0000 0.0000 0.0000 133.0000 188.0000 391.0000 280.0000 1.4847 1.5766 3.8517 -6.0917 1.7712 12.8280 0.0376 0.9991
Car 0.0000 0.0000 0.0000 635.0000 180.0000 663.0000 202.0000 1.5194 1.6212 3.6087 2.8393 1.9294 51.0694 1.5273 0.9990
Car 0.0000 0.0000 0.0000 368.0000 179.0000 490.0000 226.0000 1.5681 1.6090 3.7751 -6.2030 1.7450 24.9173 0.1814 0.9989
Car 0.0000 0.0000 0.0000 329.0000 175.0000 458.0000 227.0000 1.5550 1.5578 3.5415 -6.6839 1.6025 22.4997 0.0278 0.9986
Car 0.0000 0.0000 0.0000 255.0000 177.0000 439.0000 248.0000 1.5993 1.6192 3.8929 -6.2946 1.6970 17.5127 -0.0032 0.9982
Car 0.0000 0.0000 0.0000 -320.0000 151.0000 162.0000 348.0000 1.7813 1.6153 3.5796 -6.9229 1.5968 7.4198 0.0742 0.9975
Car 0.0000 0.0000 0.0000 683.0000 178.0000 773.0000 210.0000 1.5356 1.6407 4.1994 5.8342 1.7486 35.6776 0.0245 0.9972
Car 0.0000 0.0000 0.0000 391.0000 176.0000 493.0000 220.0000 1.6195 1.5927 3.4376 -6.3040 1.6987 27.3192 0.0734 0.9963
Car 0.0000 0.0000 0.0000 -72.0000 181.0000 271.0000 308.0000 1.5941 1.5740 3.6765 -6.9797 1.7062 10.0599 -0.0070 0.9961
Car 0.0000 0.0000 0.0000 418.0000 167.0000 516.0000 207.0000 1.8514 1.7258 4.2618 -6.7120 1.5325 34.3384 0.0653 0.9951
Car 0.0000 0.0000 0.0000 685.0000 166.0000 761.0000 198.0000 1.6527 1.6645 3.7826 5.9832 1.2449 38.0305 0.0240 0.9937
Car 0.0000 0.0000 0.0000 418.0000 175.0000 507.0000 213.0000 1.6040 1.5790 3.5459 -6.4998 1.6907 32.0048 0.1497 0.9895
