Car 0.0000 0.0000 0.0000 935.0000 183.0000 1230.0000 304.0000 1.4624 1.5185 3.2997 6.7754 1.6114 10.6626 1.0361 0.9999
Car 0.0000 0.0000 0.0000 659.0000 185.0000 735.0000 237.0000 1.4978 1.5790 3.4187 2.7242 1.8683 23.1750 1.4320 0.9998
Car 0.0000 0.0000 0.0000 271.0000 190.0000 443.0000 253.0000 1.5106 1.6012 3.9386 -6.5514 1.9644 18.8835 0.0191 0.9998
Car 0.0000 0.0000 0.0000 639.0000 182.0000 683.0000 217.0000 1.4698 1.6058 3.9469 2.2914 1.8635 32.7439 1.5424 0.9997
Car 0.0000 0.0000 0.0000 -380.0000 134.0000 231.0000 367.0000 1.8987 1.7308 4.1931 -6.1841 1.5931 6.8258 0.0132 0.9991
Car 0.0000 0.0000 0.0000 367.0000 182.0000 481.0000 228.0000 1.5957 1.6055 3.6552 -6.6512 1.9032 25.9732 0.0998 0.9991
Car 0.0000 0.0000 0.0000 46.0000 188.0000 330.0000 293.0000 1.5655 1.5859 3.7481 -6.8081 1.8191 11.8153 0.0361 0.9990
Car 0.0000 0.0000 0.0000 150.0000 188.0000 366.0000 275.0000 1.5793 1.5849 3.5366 -6.8953 1.8891 14.2839 0.0596 0.9988
Car 0.0000 0.0000 0.0000 454.0000 176.0000 519.0000 206.0000 1.6831 1.6092 3.4683 -7.0102 1.7936 41.4159 -0.0413 0.9948
Car 0.0000 0.0000 0.0000 331.0000 181.0000 460.0000 230.0000 1.5390 1.5706 3.7467 -7.0073 1.7901 23.7116 0.0769 0.9945
Car 0.0000 0.0000 0.0000 489.0000 187.0000 537.0000 219.0000 1.5055 1.5878 3.8935 -4.9580 2.2190 37.6000 -1.4684 0.9930
Car 0.0000 0.0000 0.0000 685.0000 170.0000 746.0000 191.0000 1.5591 1.6773 4.4328 8.1141 1.2639 54.8262 0.0539 0.9897
Car 0.0000 0.0000 0.0000 -4661.0000 -407.0000 12294.0000 2260.0000 1.5388 1.6244 4.2354 9.4832 1.3138 -0.5659 0.8355 0.9838
Car 0.0000 0.0000 0.0000 -28561.0000 -2202.0000 12578.0000 1116.0000 1.7883 1.7664 4.7451 14.1816 1.3435 1.7471 0.6562 0.9762
Car 0.0000 0.0000 0.0000 -1029.0000 195.0000 -37.0000 515.0000 1.5432 1.5438 3.6232 -6.5366 1.7117 4.4175 -0.0041 0.9644
