Car 0.0000 0.0000 0.0000 634.0000 178.0000 841.0000 282.0000 1.5689 1.7291 4.0729 2.4315 1.6529 13.0726 -0.8068 0.9998
Car 0.0000 0.0000 0.0000 454.0000 183.0000 641.0000 261.0000 1.5781 1.6701 4.3010 -1.3918 1.8284 17.1862 -0.7401 0.9995
Car 0.0000 0.0000 0.0000 1210.0000 145.0000 1355.0000 243.0000 1.5024 1.6325 3.4434 11.8472 1.0597 12.8895 -0.8919 0.9993
Car 0.0000 0.0000 0.0000 1552.0000 82.0000 2398.0000 462.0000 1.9005 1.7791 4.3934 9.6982 1.4454 5.8113 -0.8310 0.9990
Car 0.0000 0.0000 0.0000 816.0000 181.0000 1038.0000 315.0000 1.5529 1.7584 4.2071 4.8346 1.6781 10.6784 -0.8351 0.9989
Car 0.0000 0.0000 0.0000 112.0000 193.0000 198.0000 248.0000 1.5418 1.6596 3.8766 -14.3528 2.1539 22.6327 0.8455 0.9978
Car 0.0000 0.0000 0.0000 -796.0000 204.0000 -217.0000 454.0000 1.6660 1.7625 4.3822 -10.7868 2.0515 7.5149 0.9579 0.9974
Car 0.0000 0.0000 0.0000 386.0000 185.0000 521.0000 244.0000 1.4944 1.6489 3.6459 -4.3977 1.8295 20.6737 -0.9604 0.9972
Car 0.0000 0.0000 0.0000 -39.0000 200.0000 50.0000 252.0000 1.5273 1.5852 3.6029 -19.8774 2.4038 23.6259 0.6781 0.9889
Car 0.0000 0.0000 0.0000 -12931.0000 -1186.0000 33669.0000 3951.0000 1.6538 1.6820 4.2553 14.7479 1.4537 1.4240 -0.9022 0.9769
