Car 0.0000 0.0000 0.0000 587.0000 183.0000 638.0000 231.0000 1.4939 1.6188 3.2663 0.0645 1.8348 24.7112 1.5520 0.9998
Car 0.0000 0.0000 0.0000 124.0000 181.0000 296.0000 260.0000 1.4863 1.6046 3.9166 -8.5756 1.6644 15.8478 1.5708 0.9990
Car 0.0000 0.0000 0.0000 -253.0000 178.0000 147.0000 337.0000 1.6045 1.7001 4.5602 -8.2955 1.6714 9.6820 1.4275 0.9990
Car 0.0000 0.0000 0.0000 160.0000 181.0000 384.0000 316.0000 1.5583 1.6301 3.9462 -5.0189 1.6841 10.3621 0.7715 0.9988
Car 0.0000 0.0000 0.0000 408.0000 172.0000 528.0000 227.0000 1.6514 1.5626 3.4547 -4.4956 1.6244 22.9408 0.3954 0.9987
Car 0.0000 0.0000 0.0000 357.0000 179.0000 502.0000 237.0000 1.5208 1.5632 3.6055 -5.0170 1.6720 20.1089 0.2461 0.9942
Car 0.0000 0.0000 0.0000 1162.0000 173.0000 1202.0000 201.0000 1.5602 1.7015 4.0849 34.3972 1.5342 43.2560 -0.9310 0.9927
Car 0.0000 0.0000 0.0000 647.0000 160.0000 681.0000 202.0000 2.5754 2.1058 5.9636 3.6100 1.7434 47.9577 1.5708 0.9910
Car 0.0000 0.0000 0.0000 594.0000 171.0000 628.0000 203.0000 1.5242 1.6571 3.7320 0.1299 1.4165 37.4305 1.5708 0.9870
Car 0.0000 0.0000 0.0000 -814.0000 171.0000 -210.0000 323.0000 1.5933 1.7103 4.1688 -14.2998 1.5833 9.7086 1.5384 0.9712
Car 0.0000 0.0000 0.0000 460.0000 161.0000 547.0000 199.0000 1.6668 1.6371 3.8043 -4.8880 1.0957 33.5783 -0.7911 0.9708
Car 0.0000 0.0000 0.0000 -199.0000 185.0000 28.0000 265.0000 1.4530 1.5114 3.4100 -14.4585 1.7116 15.2095 1.5708 0.9687
Car 0.0000 0.0000 0.0000 451.0000 175.0000 542.0000 215.0000 1.6295 1.5928 3.5993 -4.7890 1.6757 30.5900 0.5019 0.9630
Car 0.0000 0.0000 0.0000 501.0000 174.0000 565.0000 203.0000 1.7496 1.6385 3.7808 -4.7170 1.7594 44.8039 0.5827 0.9623
