Car 0.0000 0.0000 0.0000 47.0000 188.0000 385.0000 298.0000 1.5083 1.6618 4.3050 -5.8812 1.7521 10.9745 0.0728 0.9994
Car 0.0000 0.0000 0.0000 937.0000 159.0000 1525.0000 369.0000 1.6299 1.6403 3.8084 5.2000 1.5365 6.4756 0.0287 0.9994
Car 0.0000 0.0000 0.0000 271.0000 183.0000 466.0000 261.0000 1.5264 1.6167 3.8534 -5.3896 1.7522 16.2845 -0.7208 0.9981
Car 0.0000 0.0000 0.0000 1066.0000 150.0000 1261.0000 231.0000 1.4943 1.5792 3.4514 11.4357 1.0699 15.1883 1.5708 0.9979
Car 0.0000 0.0000 0.0000 1073.0000 138.0000 2174.0000 493.0000 1.6014 1.6310 3.8530 5.0826 1.4645 4.1021 0.0264 0.9978
Car 0.0000 0.0000 0.0000 1193.0000 139.0000 1443.0000 227.0000 1.5557 1.5859 3.5587 14.0614 0.9569 14.6089 1.5708 0.9969
Car 0.0000 0.0000 0.0000 179.0000 177.0000 326.0000 228.0000 1.6194 1.6808 4.1987 -11.9936 1.7594 24.3167 0.1155 0.9942
Car 0.0000 0.0000 0.0000 964.0000 160.0000 1110.0000 240.0000 1.5475 1.6309 3.4524 9.1694 1.3004 15.7695 -1.3900 0.9920
Car 0.0000 0.0000 0.0000 108.0000 187.0000 205.0000 227.0000 1.5304 1.7901 4.0449 -19.3005 2.1278 30.8976 1.5213 0.9858
Car 0.0000 0.0000 0.0000 -63.0000 184.0000 93.0000 236.0000 1.5307 1.6021 3.6377 -18.6046 1.8674 22.5886 0.0278 0.9808
