Car 0.0000 0.0000 0.0000 359.0000 189.0000 449.0000 250.0000 1.5427 1.5917 3.6558 -5.8365 2.0057 20.8177 1.5579 0.9999
Car 0.0000 0.0000 0.0000 236.0000 196.0000 407.0000 286.0000 1.4869 1.7133 4.2034 -5.7524 2.0065 14.9243 1.5708 0.9999
Car 0.0000 0.0000 0.0000 711.0000 176.0000 839.0000 267.0000 1.5825 1.6462 3.9598 3.1739 1.6411 14.6819 1.5614 0.9999
Car 0.0000 0.0000 0.0000 676.0000 184.0000 743.0000 233.0000 1.5166 1.5863 3.7541 3.3169 1.8758 24.5456 1.5297 0.9999
Car 0.0000 0.0000 0.0000 438.0000 187.0000 507.0000 227.0000 1.5108 1.6645 4.1219 -5.6025 2.0748 29.9100 -1.4601 0.9999
Car 0.0000 0.0000 0.0000 -282.0000 209.0000 227.0000 433.0000 1.4766 1.6822 4.0904 -5.8997 1.9373 7.4289 1.5559 0.9996
Car 0.0000 0.0000 0.0000 761.0000 187.0000 1024.0000 343.0000 1.4903 1.6852 4.0135 3.2090 1.6782 9.1571 1.5529 0.9996
Car 0.0000 0.0000 0.0000 987.0000 156.0000 1356.0000 275.0000 1.6022 1.6612 4.1761 8.1529 1.3770 10.7500 0.0052 0.9989
Car 0.0000 0.0000 0.0000 871.0000 92.0000 1073.0000 210.0000 2.4490 1.9774 5.1483 8.5249 0.7525 17.6327 1.4892 0.9987
Car 0.0000 0.0000 0.0000 664.0000 183.0000 716.0000 222.0000 1.4708 1.5855 4.0773 3.3135 1.8720 30.2897 1.5388 0.9982
Car 0.0000 0.0000 0.0000 648.0000 180.0000 687.0000 209.0000 1.4802 1.5843 3.6978 3.1088 1.8239 38.9055 1.5168 0.9977
Car 0.0000 0.0000 0.0000 502.0000 183.0000 536.0000 208.0000 1.4741 1.6577 3.9474 -5.5756 2.0267 45.2052 1.5608 0.9973
Car 0.0000 0.0000 0.0000 1169.0000 138.0000 1701.0000 322.0000 1.5685 1.5563 3.6196 8.7817 1.2787 8.1195 1.1704 0.9964
Car 0.0000 0.0000 0.0000 1487.0000 98.0000 2399.0000 354.0000 1.6066 1.6252 3.7792 9.4906 1.1450 5.4225 0.0098 0.9829
