Car 0.0000 0.0000 0.0000 790.0000 192.0000 1199.0000 439.0000 1.5084 1.6272 3.7201 2.9249 1.7145 6.5109 1.5531 0.9998
Car 0.0000 0.0000 0.0000 677.0000 186.0000 763.0000 250.0000 1.4314 1.5912 3.7463 2.7520 1.7752 18.7435 1.5508 0.9998
Car 0.0000 0.0000 0.0000 327.0000 168.0000 469.0000 234.0000 1.8946 1.6851 3.8207 -6.3794 1.7442 21.9497 0.0007 0.9995
Car 0.0000 0.0000 0.0000 653.0000 178.0000 706.0000 222.0000 1.6979 1.7292 4.1169 2.8182 1.8594 29.6542 1.5553 0.9995
Car 0.0000 0.0000 0.0000 -55.0000 162.0000 305.0000 311.0000 1.7763 1.6466 3.7082 -6.2762 1.6580 9.5228 0.0466 0.9993
Car 0.0000 0.0000 0.0000 235.0000 175.0000 435.0000 248.0000 1.6273 1.6807 4.1145 -6.4558 1.6685 17.1000 0.0821 0.9992
Car 0.0000 0.0000 0.0000 -298.0000 180.0000 195.0000 377.0000 1.6266 1.5684 3.5114 -6.2005 1.7053 6.9161 0.1072 0.9967
Car 0.0000 0.0000 0.0000 389.0000 183.0000 497.0000 229.0000 1.5838 1.6181 3.7434 -6.2104 1.9448 26.8063 0.4862 0.9949
Car 0.0000 0.0000 0.0000 408.0000 177.0000 511.0000 218.0000 1.6104 1.6089 3.8090 -6.1498 1.7522 29.7378 0.1410 0.9907
Car 0.0000 0.0000 0.0000 648.0000 177.0000 684.0000 210.0000 1.4942 1.5935 3.8451 2.7493 1.6581 35.4130 1.5708 0.9879
Car 0.0000 0.0000 0.0000 88.0000 182.0000 323.0000 283.0000 1.6025 1.5515 3.2918 -6.9744 1.7707 12.5194 0.1566 0.9839
Car 0.0000 0.0000 0.0000 -2152.0000 -988.0000 1515.0000 588.0000 1.4239 1.5714 3.9558 2.9258 1.6473 0.9481 1.5429 0.9834
Car 0.0000 0.0000 0.0000 -871.0000 163.0000 -15.0000 482.0000 1.7060 1.6294 3.6814 -6.7141 1.6757 4.8178 0.0832 0.9813
Car 0.0000 0.0000 0.0000 364.0000 179.0000 486.0000 228.0000 1.5872 1.6145 3.7431 -6.2726 1.7715 24.7239 0.0475 0.9788
Car 0.0000 0.0000 0.0000 512.0000 177.0000 562.0000 198.0000 1.5508 1.5745 3.6676 -5.5485 1.8190 55.9885 0.1088 0.9758
Car 0.0000 0.0000 0.0000 453.0000 171.0000 537.0000 204.0000 1.7213 1.6590 4.2199 -6.1129 1.5903 38.7890 0.0261 0.9621
