Car 0.0000 0.0000 0.0000 689.0000 180.0000 840.0000 282.0000 1.5396 1.7007 4.2942 2.5913 1.6665 13.1902 1.5414 0.9998
Car 0.0000 0.0000 0.0000 -101.0000 174.0000 267.0000 306.0000 1.5921 1.6123 3.7943 -6.9021 1.6139 9.6466 0.0178 0.9994
Car 0.0000 0.0000 0.0000 191.0000 178.0000 414.0000 261.0000 1.5057 1.5688 3.7540 -5.9675 1.6126 14.2342 -0.0272 0.9994
Car 0.0000 0.0000 0.0000 387.0000 175.0000 501.0000 221.0000 1.6034 1.6300 3.8609 -6.1300 1.6744 26.8847 0.0304 0.9991
Car 0.0000 0.0000 0.0000 211.0000 136.0000 456.0000 235.0000 2.1531 1.8474 5.0490 -6.3632 1.3404 16.9277 0.0374 0.9990
Car 0.0000 0.0000 0.0000 -331.0000 162.0000 143.0000 345.0000 1.6482 1.5646 3.3756 -7.0274 1.5624 7.3987 0.0064 0.9988
Car 0.0000 0.0000 0.0000 362.0000 176.0000 479.0000 222.0000 1.5220 1.5275 3.5507 -6.4635 1.6035 24.7396 0.1834 0.9986
Car 0.0000 0.0000 0.0000 782.0000 173.0000 957.0000 241.0000 1.6030 1.6193 3.8330 6.3454 1.6037 17.9523 0.1223 0.9982
Car 0.0000 0.0000 0.0000 46.0000 172.0000 293.0000 280.0000 1.6294 1.5408 3.1242 -7.1763 1.6217 11.9096 -0.0219 0.9980
Car 0.0000 0.0000 0.0000 427.0000 175.0000 523.0000 214.0000 1.6281 1.6400 3.8301 -5.8375 1.6943 31.4971 0.0472 0.9979
Car 0.0000 0.0000 0.0000 673.0000 172.0000 748.0000 201.0000 1.6012 1.6800 4.1384 5.8550 1.5093 41.7606 0.0090 0.9969
Car 0.0000 0.0000 0.0000 733.0000 178.0000 869.0000 233.0000 1.5904 1.5957 3.7621 5.8505 1.7387 22.2584 -0.0190 0.9967
Car 0.0000 0.0000 0.0000 709.0000 174.0000 808.0000 214.0000 1.5343 1.5918 3.7329 6.1226 1.5767 29.7958 -0.0104 0.9964
Car 0.0000 0.0000 0.0000 627.0000 177.0000 654.0000 197.0000 1.4966 1.6890 3.9206 2.4803 1.7136 56.4443 1.4975 0.9962
Car 0.0000 0.0000 0.0000 -819.0000 184.0000 126.0000 469.0000 1.5699 1.6664 4.2712 -6.0619 1.6643 4.9367 -0.0030 0.9961
Car 0.0000 0.0000 0.0000 705.0000 172.0000 802.0000 211.0000 1.6383 1.6348 3.9678 6.4003 1.5838 32.1888 0.0108 0.9886
Car 0.0000 0.0000 0.0000 523.0000 173.0000 552.0000 198.0000 1.6458 1.7522 4.4211 -5.1023 1.6162 51.2818 1.4181 0.9720
