Car 0.0000 0.0000 0.0000 715.0000 181.0000 907.0000 322.0000 1.6212 1.6563 3.3293 2.5772 1.7297 10.1027 1.5399 0.9999
Car 0.0000 0.0000 0.0000 557.0000 183.0000 614.0000 235.0000 1.4981 1.6769 3.3427 -0.7739 1.7898 22.7350 1.5303 0.9999
Car 0.0000 0.0000 0.0000 520.0000 180.0000 557.0000 209.0000 1.3864 1.5603 3.4742 -3.5290 1.7188 36.6399 1.5588 0.9999
Car 0.0000 0.0000 0.0000 631.0000 181.0000 685.0000 224.0000 1.5377 1.6180 3.4225 1.8329 1.8381 28.1519 1.5009 0.9999
Car 0.0000 0.0000 0.0000 388.0000 184.0000 502.0000 271.0000 1.4175 1.5553 3.1693 -3.0402 1.6364 13.7586 1.5315 0.9998
Car 0.0000 0.0000 0.0000 -122.0000 191.0000 80.0000 260.0000 1.4553 1.6764 3.8929 -15.5339 1.9291 18.0137 1.5662 0.9998
Car 0.0000 0.0000 0.0000 -616.0000 211.0000 393.0000 833.0000 1.4753 1.6223 3.6885 -2.5320 1.7624 3.7670 1.5601 0.9996
Car 0.0000 0.0000 0.0000 799.0000 196.0000 1722.0000 724.0000 1.4889 1.6484 4.1020 2.5025 1.6741 4.2477 1.5466 0.9996
Car 0.0000 0.0000 0.0000 256.0000 187.0000 475.0000 345.0000 1.4991 1.6434 3.6883 -2.7987 1.6954 8.9876 1.5175 0.9995
Car 0.0000 0.0000 0.0000 460.0000 178.0000 495.0000 208.0000 1.4918 1.5870 3.8855 -6.9288 1.7176 37.7148 1.3466 0.9987
Car 0.0000 0.0000 0.0000 148.0000 188.0000 242.0000 230.0000 1.4332 1.5815 3.7729 -15.7240 2.0058 27.5345 1.5203 0.9984
Car 0.0000 0.0000 0.0000 607.0000 178.0000 633.0000 199.0000 1.4716 1.5644 3.6384 0.8002 1.7440 51.8963 1.5153 0.9970
Car 0.0000 0.0000 0.0000 461.0000 177.0000 520.0000 201.0000 1.5203 1.5705 3.6067 -7.7608 1.7505 47.2297 0.4946 0.9944
Car 0.0000 0.0000 0.0000 -421.0000 200.0000 -32.0000 481.0000 1.4931 1.5921 3.5713 -6.4496 1.7573 5.9404 0.8580 0.9939
Car 0.0000 0.0000 0.0000 574.0000 172.0000 610.0000 207.0000 1.5906 1.6514 3.8197 -0.8403 1.5247 34.9090 1.5454 0.9924
Car 0.0000 0.0000 0.0000 231.0000 191.0000 383.0000 267.0000 1.4904 1.5550 3.5837 -6.8348 1.8839 16.0948 0.6562 0.9916
Car 0.0000 0.0000 0.0000 309.0000 180.0000 360.0000 206.0000 1.4298 1.7054 3.9986 -16.3004 1.8110 42.9515 1.5064 0.9850
Car 0.0000 0.0000 0.0000 429.0000 193.0000 473.0000 234.0000 1.5285 1.6052 3.5586 -6.6757 2.3962 30.5730 1.4098 0.9836
Car 0.0000 0.0000 0.0000 620.0000 143.0000 665.0000 181.0000 1.8960 1.7748 3.9232 1.7418 0.3790 38.1125 1.4632 0.9797
