Car 0.0000 0.0000 0.0000 410.0000 185.0000 487.0000 229.0000 1.5392 1.8045 3.9877 -6.1496 2.0070 27.9511 1.5708 0.9998
Car 0.0000 0.0000 0.0000 30.0000 199.0000 293.0000 333.0000 1.5661 1.7064 3.7769 -6.5262 2.0130 10.9932 1.5560 0.9998
Car 0.0000 0.0000 0.0000 586.0000 184.0000 653.0000 249.0000 1.5929 1.6813 3.6055 0.2190 1.8994 20.0144 1.5522 0.9997
Car 0.0000 0.0000 0.0000 357.0000 186.0000 424.0000 223.0000 1.5160 1.6370 4.3527 -9.9156 2.0970 32.9453 1.5708 0.9997
Car 0.0000 0.0000 0.0000 222.0000 179.0000 324.0000 243.0000 1.8369 1.6469 3.7396 -10.5628 2.0099 22.8640 1.5232 0.9996
Car 0.0000 0.0000 0.0000 681.0000 177.0000 789.0000 227.0000 1.4829 1.6748 3.9354 4.1383 1.5813 23.3939 -0.8610 0.9993
Car 0.0000 0.0000 0.0000 521.0000 181.0000 557.0000 207.0000 1.5171 1.7436 4.0691 -4.4351 2.0139 46.3924 1.5708 0.9993
Car 0.0000 0.0000 0.0000 31.0000 192.0000 221.0000 271.0000 1.4504 1.6122 4.0138 -10.5720 1.8992 16.0900 1.5492 0.9992
Car 0.0000 0.0000 0.0000 738.0000 178.0000 874.0000 250.0000 1.4800 1.6116 3.5533 4.6592 1.5991 16.8514 -0.8224 0.9992
Car 0.0000 0.0000 0.0000 640.0000 180.0000 662.0000 198.0000 1.4239 1.6130 3.7423 3.5440 1.9705 60.5438 1.5708 0.9986
Car 0.0000 0.0000 0.0000 1059.0000 175.0000 1421.0000 467.0000 1.5387 1.6147 3.5850 4.7652 1.5600 5.6965 -0.8760 0.9979
Car 0.0000 0.0000 0.0000 -246.0000 196.0000 7.0000 279.0000 1.4358 1.5974 3.6051 -14.9992 1.9431 15.0783 1.5708 0.9962
Car 0.0000 0.0000 0.0000 -61.0000 190.0000 76.0000 237.0000 1.4493 1.5575 3.7779 -20.8977 2.0391 25.1751 1.5708 0.9935
Car 0.0000 0.0000 0.0000 599.0000 179.0000 619.0000 195.0000 1.4896 1.6709 3.9830 0.0551 2.0129 70.1467 1.5708 0.9930
