Car 0.0000 0.0000 0.0000 736.0000 185.0000 903.0000 301.0000 1.4980 1.5778 3.3409 3.0411 1.6858 11.1710 1.5699 0.9998
Car 0.0000 0.0000 0.0000 515.0000 184.0000 560.0000 220.0000 1.4331 1.6414 3.8405 -3.0485 1.8701 31.3654 1.5528 0.9998
Car 0.0000 0.0000 0.0000 685.0000 177.0000 795.0000 260.0000 1.5638 1.6164 3.5095 2.6913 1.6514 15.6231 1.5360 0.9998
Car 0.0000 0.0000 0.0000 593.0000 177.0000 618.0000 200.0000 1.5469 1.6978 3.5454 -0.2645 1.7647 51.1216 1.5602 0.9993
Car 0.0000 0.0000 0.0000 654.0000 179.0000 705.0000 219.0000 1.5087 1.6488 3.8988 2.9141 1.7377 29.2707 -1.3723 0.9990
Car 0.0000 0.0000 0.0000 398.0000 183.0000 461.0000 207.0000 1.5630 1.6352 3.9124 -12.2127 2.2254 49.1019 -0.0320 0.9981
Car 0.0000 0.0000 0.0000 676.0000 176.0000 757.0000 241.0000 1.6167 1.6084 3.1948 2.8355 1.6960 19.7356 1.5288 0.9981
Car 0.0000 0.0000 0.0000 647.0000 175.0000 688.0000 210.0000 1.5669 1.6218 3.8657 2.7573 1.6169 34.5331 1.5625 0.9969
Car 0.0000 0.0000 0.0000 -3484.0000 -1602.0000 1430.0000 560.0000 1.4677 1.6260 3.8234 2.7844 1.6514 1.2293 1.5467 0.9879
Car 0.0000 0.0000 0.0000 637.0000 176.0000 666.0000 202.0000 1.4956 1.5978 3.6449 2.6271 1.6504 44.4083 1.5708 0.9741
