Car 0.0000 0.0000 0.0000 796.0000 152.0000 1088.0000 358.0000 1.9903 1.8462 4.7238 4.4559 1.7802 9.2647 -0.7753 0.9998
Car 0.0000 0.0000 0.0000 184.0000 183.0000 313.0000 245.0000 1.6685 1.7515 4.1517 -10.7424 1.9456 21.7815 1.5708 0.9996
Car 0.0000 0.0000 0.0000 582.0000 180.0000 667.0000 259.0000 1.5737 1.7045 3.5723 0.2783 1.7256 16.3523 1.5641 0.9996
Car 0.0000 0.0000 0.0000 1120.0000 178.0000 1262.0000 223.0000 1.4945 1.5485 3.6747 20.0219 1.6387 24.8649 -0.0171 0.9989
Car 0.0000 0.0000 0.0000 424.0000 181.0000 465.0000 207.0000 1.4774 1.6110 3.9482 -10.1489 1.9340 44.6911 1.5653 0.9989
Car 0.0000 0.0000 0.0000 711.0000 171.0000 878.0000 254.0000 1.7097 1.7007 4.1420 4.3564 1.6431 16.6637 -0.7188 0.9985
Car 0.0000 0.0000 0.0000 666.0000 172.0000 764.0000 212.0000 1.7627 1.7625 4.5617 5.0763 1.7093 34.3179 -0.5475 0.9970
Car 0.0000 0.0000 0.0000 484.0000 180.0000 509.0000 198.0000 1.4706 1.5985 4.0107 -9.5670 2.0237 61.4976 1.5442 0.9954
Car 0.0000 0.0000 0.0000 -599.0000 192.0000 -397.0000 264.0000 1.5724 1.6849 3.8397 -27.9079 2.0637 18.2852 0.8912 0.9947
Car 0.0000 0.0000 0.0000 662.0000 175.0000 699.0000 200.0000 1.5297 1.6362 3.7743 4.5964 1.6130 45.6276 -1.2872 0.9938
Car 0.0000 0.0000 0.0000 650.0000 175.0000 676.0000 197.0000 1.5305 1.6300 3.9134 3.9275 1.6361 52.3159 1.5708 0.9932
Car 0.0000 0.0000 0.0000 400.0000 180.0000 435.0000 200.0000 1.4382 1.6253 3.8870 -14.2791 1.8859 53.9525 1.5441 0.9928
Car 0.0000 0.0000 0.0000 304.0000 184.0000 382.0000 226.0000 1.5214 1.6550 4.0811 -10.4915 1.9452 28.6597 1.5493 0.9900
Car 0.0000 0.0000 0.0000 553.0000 172.0000 577.0000 194.0000 1.4591 1.5986 3.7355 -3.0729 1.3704 51.0991 1.5379 0.9824
Car 0.0000 0.0000 0.0000 1478.0000 175.0000 5060.0000 1693.0000 1.4833 1.5870 3.4260 4.7797 1.5015 2.5334 -0.8878 0.9653
