Car 0.0000 0.0000 0.0000 746.0000 197.0000 1071.0000 423.0000 1.4777 1.6224 3.5227 2.3924 1.7514 6.8068 1.5708 0.9999
Car 0.0000 0.0000 0.0000 380.0000 183.0000 501.0000 273.0000 1.4966 1.5770 3.4514 -3.1487 1.6852 13.9614 1.5560 0.9999
Car 0.0000 0.0000 0.0000 481.0000 183.0000 546.0000 235.0000 1.4076 1.5649 3.5801 -2.8560 1.7144 21.9915 1.5510 0.9998
Car 0.0000 0.0000 0.0000 630.0000 180.0000 671.0000 211.0000 1.5370 1.6814 3.7524 2.1960 1.8944 39.0323 1.4864 0.9998
Car 0.0000 0.0000 0.0000 -322.0000 168.0000 187.0000 333.0000 1.5797 1.6468 4.0914 -7.1619 1.5455 7.8480 0.0298 0.9991
Car 0.0000 0.0000 0.0000 942.0000 202.0000 4938.0000 2368.0000 1.4603 1.4870 2.9744 2.3230 1.5919 2.0043 1.5708 0.9983
Car 0.0000 0.0000 0.0000 561.0000 174.0000 585.0000 197.0000 1.7971 1.7502 4.0541 -2.8144 1.7921 57.7111 1.5653 0.9976
Car 0.0000 0.0000 0.0000 630.0000 170.0000 657.0000 190.0000 1.5164 1.6221 3.7519 2.7196 1.2471 57.0306 1.4670 0.9973
Car 0.0000 0.0000 0.0000 357.0000 172.0000 480.0000 221.0000 1.5981 1.5837 3.8194 -6.5356 1.5644 24.9045 0.0179 0.9728
Car 0.0000 0.0000 0.0000 575.0000 176.0000 595.0000 194.0000 1.5831 1.6529 3.9986 -2.1568 1.8066 66.1011 1.5708 0.9610
