Car 0.0000 0.0000 0.0000 306.0000 189.0000 410.0000 249.0000 1.4721 1.6845 4.0138 -6.9829 1.9288 20.3868 1.5302 0.9999
Car 0.0000 0.0000 0.0000 586.0000 175.0000 638.0000 224.0000 1.6298 1.6885 3.5684 0.0185 1.6986 25.9938 1.5239 0.9998
Car 0.0000 0.0000 0.0000 754.0000 176.0000 980.0000 300.0000 1.6908 1.7075 4.1378 4.3427 1.7429 11.8984 -0.7193 0.9995
Car 0.0000 0.0000 0.0000 648.0000 159.0000 748.0000 207.0000 2.0507 1.8644 4.7356 4.1858 1.4255 33.3346 -0.7203 0.9994
Car 0.0000 0.0000 0.0000 375.0000 175.0000 432.0000 213.0000 1.8977 1.8629 4.6219 -11.0281 1.9868 38.9490 1.5484 0.9992
Car 0.0000 0.0000 0.0000 411.0000 177.0000 457.0000 203.0000 1.5828 1.7052 4.2356 -10.9733 1.7595 45.5289 1.5708 0.9989
Car 0.0000 0.0000 0.0000 693.0000 175.0000 843.0000 246.0000 1.6261 1.6746 4.1743 4.1938 1.6723 18.7455 -0.7236 0.9983
Car 0.0000 0.0000 0.0000 689.0000 170.0000 806.0000 228.0000 1.6326 1.6457 3.9853 4.3377 1.5353 22.3080 -0.8018 0.9970
Car 0.0000 0.0000 0.0000 355.0000 174.0000 397.0000 198.0000 1.4952 1.6294 3.7174 -15.1265 1.5327 46.9357 1.5563 0.9922
Car 0.0000 0.0000 0.0000 692.0000 168.0000 810.0000 217.0000 1.6600 1.6516 3.9696 5.0539 1.4890 26.0053 0.0472 0.9873
Car 0.0000 0.0000 0.0000 446.0000 180.0000 478.0000 201.0000 1.4812 1.5961 3.8362 -10.6181 1.9081 52.3089 1.5613 0.9857
Car 0.0000 0.0000 0.0000 654.0000 172.0000 705.0000 202.0000 1.5820 1.6284 4.0291 3.9818 1.4746 40.0419 -1.1404 0.9852
Car 0.0000 0.0000 0.0000 -1869.0000 -875.0000 16127.0000 10558.0000 1.5556 1.7038 3.9883 4.2157 1.5267 1.0030 -0.8316 0.9793
