Car 0.0000 0.0000 0.0000 301.0000 193.0000 462.0000 298.0000 1.4834 1.6462 3.9143 -3.8462 1.8690 12.7653 1.5598 0.9999
Car 0.0000 0.0000 0.0000 422.0000 186.0000 510.0000 252.0000 1.5218 1.5941 3.6912 -3.6653 1.8520 18.8635 1.5634 0.9999
Car 0.0000 0.0000 0.0000 -126.0000 197.0000 358.0000 443.0000 1.5320 1.7545 4.2712 -4.1054 1.8131 6.9627 1.5708 0.9998
Car 0.0000 0.0000 0.0000 487.0000 188.0000 547.0000 234.0000 1.4446 1.5491 3.5347 -3.1703 1.9593 25.1868 1.5708 0.9997
Car 0.0000 0.0000 0.0000 655.0000 180.0000 706.0000 221.0000 1.5450 1.6546 3.7148 2.9908 1.8251 29.5698 -1.3533 0.9997
Car 0.0000 0.0000 0.0000 762.0000 173.0000 882.0000 249.0000 1.6554 1.6801 4.2174 5.1504 1.6630 18.0896 1.5522 0.9994
Car 0.0000 0.0000 0.0000 1314.0000 49.0000 1941.0000 216.0000 1.6355 1.7186 4.3428 11.1108 0.4178 8.1941 0.0809 0.9991
Car 0.0000 0.0000 0.0000 698.0000 180.0000 771.0000 216.0000 1.7434 1.7019 4.2342 6.7163 2.0928 38.2363 -0.8125 0.9960
Car 0.0000 0.0000 0.0000 510.0000 183.0000 562.0000 226.0000 1.6766 1.6975 4.2319 -3.0150 2.0549 30.3622 1.5708 0.9960
Car 0.0000 0.0000 0.0000 670.0000 182.0000 728.0000 215.0000 1.4660 1.5248 3.4689 4.2822 1.8383 33.8790 -1.0806 0.9946
Car 0.0000 0.0000 0.0000 737.0000 172.0000 879.0000 224.0000 1.5148 1.6198 4.0335 6.0809 1.4958 22.4123 0.0966 0.9922
