Car 0.0000 0.0000 0.0000 370.0000 193.0000 523.0000 308.0000 1.4299 1.5618 3.5643 -2.3950 1.7739 11.2575 1.5708 0.9999
Car 0.0000 0.0000 0.0000 447.0000 181.0000 533.0000 252.0000 1.4266 1.5916 3.6281 -2.6462 1.5900 16.5440 1.5067 0.9998
Car 0.0000 0.0000 0.0000 704.0000 189.0000 869.0000 302.0000 1.4661 1.6295 3.9575 2.6438 1.7392 11.7638 1.5536 0.9997
Car 0.0000 0.0000 0.0000 579.0000 184.0000 638.0000 237.0000 1.5000 1.6650 3.4353 -0.0495 1.8175 22.3192 1.5665 0.9997
Car 0.0000 0.0000 0.0000 760.0000 192.0000 1119.0000 423.0000 1.4991 1.6217 3.7142 2.6163 1.7118 6.7867 1.5591 0.9996
Car 0.0000 0.0000 0.0000 639.0000 181.0000 675.0000 214.0000 1.4927 1.6290 3.8191 2.3618 1.8676 35.8319 1.5708 0.9996
Car 0.0000 0.0000 0.0000 686.0000 182.0000 775.0000 255.0000 1.5805 1.5862 3.5194 2.8545 1.8020 17.7463 1.5703 0.9992
Car 0.0000 0.0000 0.0000 477.0000 183.0000 544.0000 235.0000 1.3989 1.5437 3.4960 -2.8640 1.6670 21.3674 1.5549 0.9991
Car 0.0000 0.0000 0.0000 190.0000 185.0000 372.0000 278.0000 1.5000 1.6229 3.7806 -6.2963 1.7254 13.5900 0.6872 0.9990
Car 0.0000 0.0000 0.0000 544.0000 181.0000 573.0000 206.0000 1.4117 1.5967 3.5653 -3.0617 1.8760 44.2917 1.5375 0.9988
Car 0.0000 0.0000 0.0000 128.0000 185.0000 230.0000 231.0000 1.4996 1.5688 3.4938 -15.2366 1.9058 25.6733 1.5704 0.9982
Car 0.0000 0.0000 0.0000 -273.0000 191.0000 146.0000 477.0000 1.5138 1.5979 3.6987 -5.3728 1.6577 5.5710 0.5971 0.9971
Car 0.0000 0.0000 0.0000 505.0000 178.0000 539.0000 199.0000 1.5161 1.6500 3.9485 -6.7362 1.8392 55.5736 1.1895 0.9961
Car 0.0000 0.0000 0.0000 364.0000 180.0000 406.0000 202.0000 1.4769 1.6537 3.9533 -15.7507 1.8733 50.8408 1.5708 0.9956
Car 0.0000 0.0000 0.0000 377.0000 182.0000 468.0000 234.0000 1.5361 1.6019 3.8464 -6.1593 1.8066 23.4270 0.9591 0.9951
Car 0.0000 0.0000 0.0000 582.0000 180.0000 618.0000 214.0000 1.4952 1.6161 3.7517 -0.4575 1.7671 33.9042 1.5444 0.9891
Car 0.0000 0.0000 0.0000 -320.0000 -371.0000 2422.0000 782.0000 2.0086 1.9061 4.3819 2.8132 1.4755 -0.1048 -1.2926 0.9866
Car 0.0000 0.0000 0.0000 -869.0000 93.0000 26.0000 422.0000 2.2513 2.0083 5.1930 -9.2686 1.7198 7.5652 1.5662 0.9783
