Car 0.0000 0.0000 0.0000 210.0000 195.0000 263.0000 224.0000 1.4641 1.6350 3.5651 -20.8009 2.6674 40.3338 1.4134 0.9998
Car 0.0000 0.0000 0.0000 784.0000 178.0000 810.0000 200.0000 1.4909 1.6211 3.6563 13.5158 1.7985 51.6131 -1.2747 0.9997
Car 0.0000 0.0000 0.0000 699.0000 178.0000 762.0000 228.0000 1.5425 1.7027 3.9834 4.1545 1.6812 24.1781 -1.3080 0.9997
Car 0.0000 0.0000 0.0000 -176.0000 215.0000 85.0000 319.0000 1.4570 1.6602 4.0746 -12.2544 2.3654 13.8466 1.4579 0.9996
Car 0.0000 0.0000 0.0000 248.0000 192.0000 303.0000 227.0000 1.4917 1.6575 3.9338 -15.8474 2.4060 34.3500 1.3320 0.9994
Car 0.0000 0.0000 0.0000 405.0000 180.0000 439.0000 201.0000 1.5174 1.7006 4.0815 -14.2817 1.9795 55.2385 1.5358 0.9994
Car 0.0000 0.0000 0.0000 53.0000 198.0000 256.0000 296.0000 1.4660 1.7007 3.8972 -8.3670 1.9778 13.6451 1.4681 0.9994
Car 0.0000 0.0000 0.0000 408.0000 171.0000 437.0000 195.0000 2.0206 1.8104 4.4295 -16.6225 1.7999 64.4164 1.4843 0.9983
Car 0.0000 0.0000 0.0000 -767.0000 219.0000 -148.0000 417.0000 1.4123 1.6138 3.7654 -11.0406 2.0316 7.9854 1.4028 0.9973
Car 0.0000 0.0000 0.0000 531.0000 179.0000 567.0000 203.0000 1.4752 1.6549 4.1291 -3.8909 1.8035 46.4121 1.3367 0.9917
Car 0.0000 0.0000 0.0000 62.0000 195.0000 148.0000 230.0000 1.4885 1.5975 3.6934 -24.1792 2.5534 34.6659 1.5613 0.9847
Car 0.0000 0.0000 0.0000 -80.0000 188.0000 71.0000 247.0000 1.4486 1.5804 3.5799 -17.0536 1.8576 20.1758 1.4230 0.9722
Car 0.0000 0.0000 0.0000 203.0000 187.0000 257.0000 210.0000 1.5041 1.6937 4.0037 -27.1121 2.4688 51.6736 1.5708 0.9703
