Car 0.0000 0.0000 0.0000 669.0000 171.0000 744.0000 233.0000 1.7015 1.6764 3.9729 2.8558 1.6433 21.9758 1.5597 0.9999
Car 0.0000 0.0000 0.0000 768.0000 181.0000 1024.0000 345.0000 1.4968 1.5746 3.4810 2.9972 1.5844 8.3863 1.5708 0.9999
Car 0.0000 0.0000 0.0000 67.0000 193.0000 281.0000 292.0000 1.4735 1.6707 3.9207 -7.8598 1.8762 13.4204 1.5511 0.9998
Car 0.0000 0.0000 0.0000 858.0000 188.0000 1924.0000 783.0000 1.4909 1.6062 3.3078 2.5676 1.5892 3.5271 1.5659 0.9997
Car 0.0000 0.0000 0.0000 583.0000 175.0000 622.0000 211.0000 1.5154 1.6574 3.6348 -0.2609 1.5659 32.4796 1.5708 0.9996
Car 0.0000 0.0000 0.0000 644.0000 172.0000 671.0000 197.0000 1.5295 1.6351 3.9598 3.1661 1.4320 46.8929 1.5708 0.9994
Car 0.0000 0.0000 0.0000 596.0000 172.0000 629.0000 202.0000 1.5949 1.7017 3.9155 0.1638 1.5106 40.6687 1.5297 0.9991
Car 0.0000 0.0000 0.0000 659.0000 164.0000 711.0000 204.0000 1.5547 1.6005 4.1933 3.1274 1.1902 30.3046 1.5415 0.9986
Car 0.0000 0.0000 0.0000 -1122.0000 209.0000 -37.0000 539.0000 1.4452 1.6807 4.1670 -7.8299 1.8196 5.6608 1.5570 0.9871
Car 0.0000 0.0000 0.0000 631.0000 172.0000 659.0000 194.0000 1.5072 1.6270 3.8182 2.5994 1.3888 52.4992 1.5153 0.9721
