Car 0.0000 0.0000 0.0000 697.0000 173.0000 854.0000 291.0000 1.7070 1.6884 3.9077 2.6574 1.7175 12.5225 1.5383 0.9999
Car 0.0000 0.0000 0.0000 650.0000 178.0000 706.0000 223.0000 1.6176 1.5931 3.5481 2.5597 1.7709 27.6262 1.5163 0.9998
Car 0.0000 0.0000 0.0000 673.0000 181.0000 762.0000 247.0000 1.4621 1.5940 4.0302 2.6306 1.6677 18.4857 1.5522 0.9997
Car 0.0000 0.0000 0.0000 -30.0000 192.0000 323.0000 315.0000 1.5095 1.6111 3.8858 -6.2856 1.7921 9.9937 0.0129 0.9995
Car 0.0000 0.0000 0.0000 115.0000 180.0000 381.0000 280.0000 1.5888 1.6247 3.8074 -6.1768 1.7146 12.5347 0.0001 0.9995
Car 0.0000 0.0000 0.0000 370.0000 179.0000 496.0000 226.0000 1.6117 1.6520 4.1022 -6.3148 1.8101 26.0445 0.0121 0.9994
Car 0.0000 0.0000 0.0000 394.0000 172.0000 487.0000 216.0000 1.8227 1.6413 3.6313 -7.2158 1.7504 31.0450 -0.0193 0.9990
Car 0.0000 0.0000 0.0000 -243.0000 192.0000 225.0000 360.0000 1.5501 1.5630 3.6756 -6.3762 1.7687 7.6387 0.0275 0.9987
Car 0.0000 0.0000 0.0000 -814.0000 164.0000 48.0000 466.0000 1.6755 1.6091 3.7284 -6.3049 1.6487 4.8542 0.0324 0.9975
Car 0.0000 0.0000 0.0000 442.0000 181.0000 524.0000 213.0000 1.5523 1.5809 3.8662 -6.3587 1.9271 36.5115 0.0059 0.9963
Car 0.0000 0.0000 0.0000 639.0000 180.0000 668.0000 207.0000 1.4665 1.5498 3.5945 2.5482 1.8346 41.4932 1.5708 0.9937
Car 0.0000 0.0000 0.0000 -4106.0000 -1911.0000 1329.0000 516.0000 1.4879 1.6102 4.1407 2.7497 1.6642 1.4883 1.5543 0.9936
Car 0.0000 0.0000 0.0000 258.0000 176.0000 409.0000 232.0000 1.5957 1.6055 3.9531 -8.3130 1.6865 21.8332 0.0605 0.9895
Car 0.0000 0.0000 0.0000 458.0000 179.0000 534.0000 210.0000 1.5769 1.6100 3.7711 -6.0227 1.8635 38.6903 0.0203 0.9883
Car 0.0000 0.0000 0.0000 400.0000 181.0000 506.0000 221.0000 1.5346 1.5919 3.8439 -6.1992 1.8209 28.8097 0.0597 0.9790
