Car 0.0000 0.0000 0.0000 -54.0000 187.0000 358.0000 417.0000 1.7150 1.7705 4.2510 -4.3457 1.8925 7.7212 1.5563 0.9998
Car 0.0000 0.0000 0.0000 734.0000 179.0000 939.0000 310.0000 1.5677 1.6912 4.1493 3.0771 1.6510 10.7680 1.5578 0.9998
Car 0.0000 0.0000 0.0000 835.0000 183.0000 1618.0000 609.0000 1.5561 1.6432 3.9507 2.9045 1.6346 4.6779 1.5547 0.9995
Car 0.0000 0.0000 0.0000 493.0000 185.0000 522.0000 212.0000 1.5019 1.6293 3.6614 -5.9358 2.1523 42.4246 1.4536 0.9993
Car 0.0000 0.0000 0.0000 581.0000 183.0000 606.0000 202.0000 1.4962 1.6806 3.7255 -1.2606 2.2419 58.7150 1.4495 0.9992
Car 0.0000 0.0000 0.0000 608.0000 178.0000 637.0000 203.0000 1.5665 1.5693 3.5130 0.8884 1.8423 46.9461 1.5034 0.9985
Car 0.0000 0.0000 0.0000 661.0000 175.0000 725.0000 228.0000 1.7219 1.6763 4.2737 2.9073 1.7832 25.7699 1.5510 0.9980
Car 0.0000 0.0000 0.0000 562.0000 183.0000 582.0000 199.0000 1.4409 1.6253 3.8518 -3.5033 2.3426 68.9604 1.4510 0.9979
Car 0.0000 0.0000 0.0000 628.0000 180.0000 663.0000 209.0000 1.5014 1.5651 3.7520 1.9906 1.8685 40.1437 1.5329 0.9970
Car 0.0000 0.0000 0.0000 669.0000 125.0000 796.0000 247.0000 2.6619 2.0327 5.6088 2.9342 1.6037 18.6102 1.5224 0.9828
Car 0.0000 0.0000 0.0000 -9008.0000 239.0000 -39.0000 3688.0000 1.5359 1.6099 3.6092 -4.4576 1.8972 2.2002 1.5564 0.9818
Car 0.0000 0.0000 0.0000 378.0000 190.0000 414.0000 224.0000 1.4868 1.6060 3.7230 -10.3451 2.3054 34.8859 1.2705 0.9721
