Car 0.0000 0.0000 0.0000 418.0000 188.0000 552.0000 266.0000 1.5002 1.5506 3.3939 -2.8531 1.8223 15.8722 0.9399 0.9999
Car 0.0000 0.0000 0.0000 308.0000 185.0000 373.0000 227.0000 1.5517 1.6458 3.5907 -10.8944 1.9961 29.0624 0.9781 0.9997
Car 0.0000 0.0000 0.0000 551.0000 163.0000 894.0000 348.0000 1.8135 1.7420 4.4210 1.1463 1.7314 9.3602 0.9274 0.9996
Car 0.0000 0.0000 0.0000 842.0000 165.0000 936.0000 237.0000 1.5239 1.6689 3.9366 6.5855 1.3431 17.3588 -1.3083 0.9994
Car 0.0000 0.0000 0.0000 946.0000 165.0000 1097.0000 244.0000 1.4641 1.6551 4.0009 8.6118 1.3140 15.4506 -1.3576 0.9992
Car 0.0000 0.0000 0.0000 -265.0000 212.0000 45.0000 400.0000 1.4635 1.6001 3.9837 -8.0336 2.0022 8.4497 1.0501 0.9991
Car 0.0000 0.0000 0.0000 109.0000 190.0000 157.0000 222.0000 1.5613 1.7078 3.6396 -25.5612 2.4741 38.7451 1.1034 0.9973
Car 0.0000 0.0000 0.0000 494.0000 175.0000 584.0000 213.0000 1.6319 1.6167 3.6950 -3.1110 1.7129 32.2543 0.1535 0.9972
Car 0.0000 0.0000 0.0000 301.0000 181.0000 345.0000 215.0000 1.5198 1.6470 3.9013 -13.5560 1.8513 34.2766 1.2702 0.9971
Car 0.0000 0.0000 0.0000 -89.0000 200.0000 68.0000 309.0000 1.4947 1.5995 3.6386 -10.6570 2.0109 12.5795 0.9996 0.9970
Car 0.0000 0.0000 0.0000 1061.0000 158.0000 1274.0000 238.0000 1.6664 1.6591 3.6618 13.0360 1.3532 17.1024 1.2202 0.9858
Car 0.0000 0.0000 0.0000 278.0000 181.0000 301.0000 201.0000 1.5059 1.6584 3.9305 -26.3771 2.1281 59.4722 1.1593 0.9821
Car 0.0000 0.0000 0.0000 481.0000 175.0000 572.0000 211.0000 1.6633 1.6725 4.1566 -3.9450 1.7218 34.9184 0.0489 0.9613
