Car 0.0000 0.0000 0.0000 689.0000 185.0000 789.0000 260.0000 1.4780 1.5602 3.3450 2.8208 1.7608 16.4224 1.5407 0.9999
Car 0.0000 0.0000 0.0000 192.0000 181.0000 429.0000 270.0000 1.5815 1.6274 3.9625 -5.7421 1.7510 14.0955 0.0098 0.9997
Car 0.0000 0.0000 0.0000 277.0000 178.0000 458.0000 245.0000 1.6275 1.6703 4.1414 -6.2516 1.7644 18.8115 0.0481 0.9997
Car 0.0000 0.0000 0.0000 949.0000 181.0000 3835.0000 1668.0000 1.6446 1.6017 3.5179 2.8413 1.6827 2.5755 1.5561 0.9997
Car 0.0000 0.0000 0.0000 80.0000 185.0000 370.0000 289.0000 1.5313 1.5874 3.8970 -6.1574 1.7381 11.7594 0.0220 0.9995
Car 0.0000 0.0000 0.0000 241.0000 177.0000 427.0000 252.0000 1.5948 1.5933 3.6320 -6.2234 1.6958 16.4752 0.0333 0.9993
Car 0.0000 0.0000 0.0000 351.0000 179.0000 483.0000 228.0000 1.5385 1.6101 3.9290 -6.3201 1.7205 23.8582 0.0711 0.9992
Car 0.0000 0.0000 0.0000 749.0000 175.0000 900.0000 235.0000 1.6842 1.6909 3.9985 6.2970 1.7360 21.4375 0.0551 0.9991
Car 0.0000 0.0000 0.0000 708.0000 178.0000 749.0000 212.0000 1.5334 1.6085 4.1274 5.7173 1.7432 34.8288 1.5708 0.9988
Car 0.0000 0.0000 0.0000 309.0000 178.0000 441.0000 234.0000 1.5614 1.5564 3.4220 -6.9150 1.7013 21.4081 0.0352 0.9986
Car 0.0000 0.0000 0.0000 409.0000 165.0000 508.0000 205.0000 1.7627 1.7063 4.2352 -6.9026 1.3645 33.2886 0.0106 0.9985
Car 0.0000 0.0000 0.0000 635.0000 180.0000 663.0000 203.0000 1.4656 1.6383 3.7371 2.7472 1.9226 50.1606 1.5435 0.9985
Car 0.0000 0.0000 0.0000 383.0000 177.0000 490.0000 223.0000 1.5938 1.5898 3.4531 -6.3092 1.7409 26.4483 0.1302 0.9979
Car 0.0000 0.0000 0.0000 -457.0000 138.0000 115.0000 379.0000 1.8578 1.6277 3.4200 -6.7447 1.6014 6.4597 0.0143 0.9966
Car 0.0000 0.0000 0.0000 -123.0000 191.0000 233.0000 327.0000 1.5295 1.5297 3.4252 -6.9160 1.7810 9.1341 0.0602 0.9957
Car 0.0000 0.0000 0.0000 404.0000 180.0000 503.0000 219.0000 1.6180 1.6073 3.8669 -6.6089 1.8824 30.8225 0.0309 0.9948
