Car 0.0000 0.0000 0.0000 734.0000 170.0000 862.0000 217.0000 1.6231 1.6837 4.1616 6.7623 1.5064 26.0877 -0.0151 0.9999
Car 0.0000 0.0000 0.0000 407.0000 177.0000 517.0000 220.0000 1.5487 1.5979 3.8564 -5.6275 1.7017 27.7683 0.0218 0.9996
Car 0.0000 0.0000 0.0000 678.0000 170.0000 759.0000 202.0000 1.6194 1.6672 4.0064 5.7701 1.4335 38.1300 -0.0126 0.9996
Car 0.0000 0.0000 0.0000 721.0000 187.0000 969.0000 341.0000 1.4699 1.6618 4.2356 2.6625 1.6757 9.3308 1.5324 0.9995
Car 0.0000 0.0000 0.0000 354.0000 176.0000 488.0000 227.0000 1.5619 1.6083 3.8746 -6.0204 1.6451 23.2293 0.0586 0.9992
Car 0.0000 0.0000 0.0000 318.0000 176.0000 463.0000 233.0000 1.5607 1.5929 3.6723 -6.2602 1.6336 20.7595 0.0495 0.9992
Car 0.0000 0.0000 0.0000 -246.0000 180.0000 161.0000 334.0000 1.5446 1.5096 3.2322 -7.2038 1.6283 8.1460 -0.0139 0.9990
Car 0.0000 0.0000 0.0000 71.0000 121.0000 415.0000 260.0000 2.3048 1.9219 5.3254 -6.5152 1.4469 13.1160 0.0497 0.9989
Car 0.0000 0.0000 0.0000 44.0000 181.0000 366.0000 297.0000 1.5226 1.5918 3.8305 -5.7995 1.6506 10.5769 -0.0066 0.9989
Car 0.0000 0.0000 0.0000 724.0000 175.0000 829.0000 218.0000 1.5895 1.6200 3.7785 6.5158 1.6537 28.3049 0.0134 0.9987
Car 0.0000 0.0000 0.0000 764.0000 182.0000 937.0000 247.0000 1.5539 1.6158 3.8779 6.0861 1.7867 18.5047 0.0166 0.9982
Car 0.0000 0.0000 0.0000 805.0000 180.0000 1034.0000 263.0000 1.5229 1.5888 3.8084 5.9015 1.6525 14.1191 0.1317 0.9972
Car 0.0000 0.0000 0.0000 -634.0000 158.0000 97.0000 400.0000 1.6535 1.6530 3.9241 -6.8263 1.5660 5.9143 -0.0254 0.9972
Car 0.0000 0.0000 0.0000 632.0000 178.0000 658.0000 199.0000 1.4713 1.6085 3.9236 2.6130 1.7579 52.5079 1.5369 0.9956
Car 0.0000 0.0000 0.0000 484.0000 174.0000 547.0000 200.0000 1.6203 1.6028 3.8108 -5.9360 1.6311 46.1529 0.0146 0.9953
Car 0.0000 0.0000 0.0000 528.0000 166.0000 558.0000 192.0000 1.7278 1.8156 4.0353 -4.5555 1.2050 50.4039 1.5452 0.9870
Car 0.0000 0.0000 0.0000 428.0000 168.0000 517.0000 206.0000 1.6357 1.5925 3.7487 -6.1762 1.3969 32.8015 -0.7895 0.9791
