Car 0.0000 0.0000 0.0000 556.0000 179.0000 584.0000 205.0000 1.5664 1.6856 3.6143 -2.4132 1.8698 44.5609 1.5099 0.9999
Car 0.0000 0.0000 0.0000 726.0000 164.0000 887.0000 222.0000 1.5872 1.6704 4.2226 5.6644 1.3273 21.0612 -0.0135 0.9996
Car 0.0000 0.0000 0.0000 474.0000 181.0000 525.0000 220.0000 1.5245 1.6987 3.9412 -4.6252 1.8540 30.7553 1.5303 0.9996
Car 0.0000 0.0000 0.0000 1023.0000 140.0000 1133.0000 175.0000 1.5872 1.7062 4.1806 22.6238 0.0322 34.8205 0.0158 0.9993
Car 0.0000 0.0000 0.0000 1191.0000 132.0000 1345.0000 180.0000 1.5399 1.6032 3.7522 22.7087 0.1709 24.9061 0.0480 0.9991
Car 0.0000 0.0000 0.0000 653.0000 172.0000 688.0000 196.0000 1.5180 1.6539 3.9477 4.1159 1.4420 48.5984 1.4629 0.9990
Car 0.0000 0.0000 0.0000 611.0000 176.0000 636.0000 195.0000 1.5171 1.6769 3.9914 1.2964 1.6746 60.3094 -1.4541 0.9976
Car 0.0000 0.0000 0.0000 1318.0000 126.0000 1523.0000 187.0000 1.6256 1.6785 3.9278 23.3242 0.3348 20.8005 0.0250 0.9964
Car 0.0000 0.0000 0.0000 885.0000 151.0000 932.0000 178.0000 1.7762 1.6743 3.8115 20.2784 0.2807 48.8251 1.5708 0.9963
Car 0.0000 0.0000 0.0000 752.0000 155.0000 833.0000 186.0000 1.5932 1.6651 4.1982 9.9911 0.6128 39.2924 0.2424 0.9961
Car 0.0000 0.0000 0.0000 708.0000 158.0000 766.0000 180.0000 1.5932 1.6720 3.9769 9.4224 0.4495 52.9336 0.0409 0.9942
Car 0.0000 0.0000 0.0000 507.0000 179.0000 551.0000 206.0000 1.4766 1.6756 4.2108 -4.6979 1.8123 43.1391 -1.4453 0.9899
Car 0.0000 0.0000 0.0000 852.0000 154.0000 922.0000 178.0000 1.6484 1.7627 4.3552 20.1385 0.2616 52.1301 0.0392 0.9882
Car 0.0000 0.0000 0.0000 914.0000 152.0000 972.0000 177.0000 1.5642 1.6628 3.8612 22.6735 0.1748 49.0159 1.4088 0.9650
Car 0.0000 0.0000 0.0000 497.0000 175.0000 540.0000 207.0000 1.5591 1.6846 4.0825 -4.6398 1.6277 37.2573 1.5708 0.9641
