Car 0.0000 0.0000 0.0000 637.0000 167.0000 811.0000 239.0000 1.6446 1.6307 3.9151 2.7572 1.4908 17.7835 -0.1445 0.9998
Car 0.0000 0.0000 0.0000 108.0000 179.0000 307.0000 256.0000 1.7254 1.6357 3.9337 -9.7214 1.8623 17.6323 -0.1540 0.9997
Car 0.0000 0.0000 0.0000 -221.0000 205.0000 185.0000 346.0000 1.4829 1.5569 3.7364 -7.9490 1.9567 9.4838 -0.2928 0.9994
Car 0.0000 0.0000 0.0000 -63.0000 191.0000 225.0000 300.0000 1.5396 1.5419 3.4723 -8.4414 1.8598 11.7456 -0.2017 0.9993
Car 0.0000 0.0000 0.0000 277.0000 179.0000 386.0000 224.0000 1.6355 1.6089 3.7083 -10.7423 1.8514 28.0595 -0.1633 0.9993
Car 0.0000 0.0000 0.0000 175.0000 183.0000 336.0000 242.0000 1.5222 1.6162 3.7106 -9.8900 1.8119 20.2597 0.0006 0.9991
Car 0.0000 0.0000 0.0000 590.0000 172.0000 693.0000 215.0000 1.5900 1.6016 3.8010 1.2505 1.5324 28.4915 -0.1724 0.9990
Car 0.0000 0.0000 0.0000 401.0000 179.0000 432.0000 198.0000 1.6142 1.6593 3.2844 -17.3856 2.0942 65.1748 0.9593 0.9946
Car 0.0000 0.0000 0.0000 226.0000 182.0000 364.0000 238.0000 1.5904 1.5860 3.7168 -9.9396 1.8711 22.8585 -0.7203 0.9826
Car 0.0000 0.0000 0.0000 589.0000 171.0000 664.0000 213.0000 1.6712 1.6254 3.9023 0.8214 1.5804 31.0958 -1.0638 0.9773
