Car 0.0000 0.0000 0.0000 275.0000 190.0000 435.0000 306.0000 1.5058 1.5442 3.2885 -3.9090 1.7986 11.4893 1.5135 1.0000
Car 0.0000 0.0000 0.0000 982.0000 190.0000 1394.0000 496.0000 1.5181 1.6209 3.3720 3.9229 1.6802 5.5899 -1.1677 0.9998
Car 0.0000 0.0000 0.0000 753.0000 165.0000 912.0000 229.0000 1.7864 1.7478 4.2986 6.4134 1.5580 21.1557 0.2048 0.9997
Car 0.0000 0.0000 0.0000 1242.0000 176.0000 1438.0000 265.0000 1.6203 1.5804 3.7802 15.1150 1.6904 14.9053 -0.4134 0.9995
Car 0.0000 0.0000 0.0000 1045.0000 173.0000 1180.0000 224.0000 1.5842 1.6284 3.9062 16.8662 1.5852 24.1736 -0.2917 0.9995
Car 0.0000 0.0000 0.0000 379.0000 191.0000 485.0000 270.0000 1.4805 1.6055 3.4677 -4.0923 1.9040 16.1341 1.1209 0.9994
Car 0.0000 0.0000 0.0000 1464.0000 166.0000 1605.0000 229.0000 1.5880 1.5680 3.5664 25.4340 1.3993 19.7890 -0.4271 0.9981
Car 0.0000 0.0000 0.0000 946.0000 180.0000 1195.0000 325.0000 1.5899 1.5740 3.5993 6.2678 1.6868 9.7228 -0.6118 0.9974
Car 0.0000 0.0000 0.0000 -2024.0000 -1079.0000 1557.0000 567.0000 1.5144 1.5844 3.9780 2.9385 1.6121 1.0159 1.5708 0.9911
Car 0.0000 0.0000 0.0000 1242.0000 163.0000 1342.0000 204.0000 1.5497 1.5594 3.7931 27.5475 1.1447 29.0328 -0.4188 0.9899
Car 0.0000 0.0000 0.0000 -194.0000 -2786.0000 5533.0000 540.0000 1.4909 1.7195 4.1235 -3.0255 1.7864 1.5641 1.4991 0.9879
Car 0.0000 0.0000 0.0000 1321.0000 164.0000 1419.0000 205.0000 1.6831 1.6228 3.8251 33.0742 1.2730 31.2860 -0.3771 0.9755
