Car 0.0000 0.0000 0.0000 605.0000 184.0000 696.0000 259.0000 1.5590 1.5848 3.3775 0.8526 1.8241 17.0790 1.4539 0.9998
Car 0.0000 0.0000 0.0000 262.0000 203.0000 395.0000 303.0000 1.4961 1.5807 3.5070 -5.1875 2.1180 13.6509 1.4268 0.9998
Car 0.0000 0.0000 0.0000 384.0000 181.0000 448.0000 239.0000 1.7864 1.7431 4.3698 -6.6084 2.0443 24.9653 1.3971 0.9997
Car 0.0000 0.0000 0.0000 -76.0000 205.0000 326.0000 456.0000 1.5377 1.7044 4.2306 -4.2133 1.9287 7.1110 1.4053 0.9996
Car 0.0000 0.0000 0.0000 570.0000 188.0000 612.0000 228.0000 1.4589 1.6114 3.8937 -0.8055 2.0675 29.7029 1.5181 0.9995
Car 0.0000 0.0000 0.0000 746.0000 197.0000 1114.0000 422.0000 1.4985 1.6110 3.9654 2.6935 1.7860 7.2124 1.4767 0.9994
Car 0.0000 0.0000 0.0000 445.0000 190.0000 484.0000 216.0000 1.5412 1.6389 4.0763 -9.2819 2.5793 46.5214 1.5708 0.9993
Car 0.0000 0.0000 0.0000 662.0000 193.0000 826.0000 305.0000 1.4579 1.5952 3.9701 2.0165 1.8264 12.0732 1.4635 0.9988
Car 0.0000 0.0000 0.0000 560.0000 185.0000 602.0000 217.0000 1.4414 1.5834 3.8074 -1.4284 1.9994 35.3925 1.4135 0.9958
Car 0.0000 0.0000 0.0000 981.0000 208.0000 3429.0000 1492.0000 1.5119 1.5399 3.3954 3.0659 1.7124 2.6668 1.5150 0.9953
Car 0.0000 0.0000 0.0000 -312.0000 -2088.0000 4083.0000 578.0000 1.4505 1.6723 4.1866 -3.2626 1.8612 1.3846 1.4440 0.9917
Car 0.0000 0.0000 0.0000 546.0000 184.0000 576.0000 210.0000 1.5300 1.6496 3.7761 -3.0865 2.2203 46.2584 1.4374 0.9904
Car 0.0000 0.0000 0.0000 555.0000 188.0000 585.0000 216.0000 1.5032 1.5533 3.4481 -2.2900 2.3333 41.6266 1.4767 0.9724
