Car 0.0000 0.0000 0.0000 581.0000 180.0000 637.0000 230.0000 1.4931 1.6708 3.4280 -0.0450 1.7133 23.5681 1.5514 0.9999
Car 0.0000 0.0000 0.0000 657.0000 177.0000 691.0000 206.0000 1.5215 1.6939 3.7438 3.7054 1.7266 41.2184 1.5708 0.9995
Car 0.0000 0.0000 0.0000 -200.0000 188.0000 135.0000 325.0000 1.5220 1.6159 3.7393 -8.7365 1.7563 10.2489 1.5051 0.9994
Car 0.0000 0.0000 0.0000 -226.0000 177.0000 30.0000 262.0000 1.5110 1.6372 3.8181 -14.2807 1.5872 14.8353 1.5356 0.9994
Car 0.0000 0.0000 0.0000 243.0000 143.0000 362.0000 213.0000 1.8420 1.7481 4.3616 -8.9219 1.0375 21.3359 1.5531 0.9993
Car 0.0000 0.0000 0.0000 160.0000 176.0000 258.0000 220.0000 1.5131 1.6383 3.9493 -14.8713 1.5928 26.9839 1.5203 0.9993
Car 0.0000 0.0000 0.0000 174.0000 181.0000 395.0000 300.0000 1.4980 1.5724 3.6020 -5.0340 1.6218 10.8879 0.6748 0.9993
Car 0.0000 0.0000 0.0000 591.0000 166.0000 625.0000 198.0000 1.5168 1.6389 3.7375 -0.0658 1.1705 36.5961 1.5564 0.9984
Car 0.0000 0.0000 0.0000 690.0000 125.0000 840.0000 262.0000 2.7108 2.0030 5.5008 3.3832 1.7567 17.0145 1.5067 0.9980
Car 0.0000 0.0000 0.0000 379.0000 178.0000 515.0000 239.0000 1.5660 1.5967 3.7428 -4.6332 1.6978 20.2989 0.6009 0.9971
Car 0.0000 0.0000 0.0000 289.0000 174.0000 465.0000 275.0000 1.6757 1.6007 3.4167 -4.4974 1.6967 13.6647 0.7059 0.9962
Car 0.0000 0.0000 0.0000 479.0000 176.0000 549.0000 208.0000 1.5751 1.5545 3.3819 -4.9830 1.7096 37.7290 0.5458 0.9962
Car 0.0000 0.0000 0.0000 37.0000 173.0000 180.0000 231.0000 1.5216 1.6327 3.7301 -14.4143 1.5063 20.9685 1.5431 0.9915
Car 0.0000 0.0000 0.0000 710.0000 165.0000 736.0000 189.0000 1.4590 1.5802 3.8251 7.3155 0.9422 46.2623 -1.4314 0.9856
Car 0.0000 0.0000 0.0000 638.0000 162.0000 663.0000 193.0000 2.5081 1.9115 5.1930 3.5801 1.5499 61.9072 1.5708 0.9827
Car 0.0000 0.0000 0.0000 434.0000 174.0000 529.0000 212.0000 1.6149 1.5855 3.7752 -5.5615 1.6363 31.5600 0.2660 0.9793
