Car 0.0000 0.0000 0.0000 480.0000 165.0000 534.0000 194.0000 1.6163 1.6988 3.9037 -6.0486 1.1101 42.3333 1.0172 0.9993
Car 0.0000 0.0000 0.0000 536.0000 165.0000 587.0000 192.0000 1.5512 1.6823 3.9427 -2.8787 1.0633 43.0617 1.1311 0.9986
Car 0.0000 0.0000 0.0000 432.0000 169.0000 490.0000 201.0000 1.6573 1.7022 3.7832 -8.2688 1.4286 40.0356 0.9495 0.9983
Car 0.0000 0.0000 0.0000 809.0000 169.0000 853.0000 191.0000 1.5802 1.6357 3.7343 17.0962 1.2595 55.4592 1.3588 0.9968
Car 0.0000 0.0000 0.0000 835.0000 168.0000 883.0000 188.0000 1.5541 1.6729 3.7943 19.4663 1.0889 56.0843 1.2994 0.9944
Car 0.0000 0.0000 0.0000 715.0000 171.0000 749.0000 196.0000 1.6005 1.7232 3.4746 8.3694 1.4426 49.1670 1.5708 0.9944
Car 0.0000 0.0000 0.0000 624.0000 158.0000 692.0000 183.0000 1.6051 1.6855 4.1579 3.2856 0.5737 47.9915 -0.3839 0.9928
Car 0.0000 0.0000 0.0000 676.0000 160.0000 733.0000 188.0000 1.7355 1.6811 3.8435 6.1408 0.8593 46.7174 1.0612 0.9916
Car 0.0000 0.0000 0.0000 744.0000 164.0000 795.0000 188.0000 1.6194 1.6349 3.6099 11.3620 0.9558 50.9959 1.1143 0.9863
Car 0.0000 0.0000 0.0000 -935.0000 183.0000 -454.0000 288.0000 1.6653 1.7004 4.1967 -24.5056 1.8751 13.8870 -0.8093 0.9712
