Car 0.0000 0.0000 0.0000 693.0000 179.0000 893.0000 322.0000 1.5485 1.6450 3.9081 2.2028 1.6230 9.8025 1.5543 0.9999
Car 0.0000 0.0000 0.0000 472.0000 176.0000 536.0000 230.0000 1.5811 1.6606 3.6604 -3.3195 1.6736 23.2372 1.5344 0.9998
Car 0.0000 0.0000 0.0000 636.0000 173.0000 718.0000 232.0000 1.6506 1.6517 4.1084 1.9846 1.6507 22.4226 1.4424 0.9998
Car 0.0000 0.0000 0.0000 618.0000 169.0000 655.0000 203.0000 1.7264 1.7435 3.8325 1.4499 1.4770 38.9640 1.5366 0.9997
Car 0.0000 0.0000 0.0000 626.0000 176.0000 678.0000 219.0000 1.5646 1.6154 3.8922 1.6215 1.6600 28.4077 1.5293 0.9988
Car 0.0000 0.0000 0.0000 -6.0000 181.0000 232.0000 272.0000 1.5474 1.5299 3.3379 -9.0554 1.6894 13.2626 -0.0137 0.9987
Car 0.0000 0.0000 0.0000 -273.0000 188.0000 3.0000 275.0000 1.5023 1.5613 3.6459 -13.9098 1.7893 13.5375 0.0237 0.9987
Car 0.0000 0.0000 0.0000 486.0000 169.0000 538.0000 212.0000 1.5358 1.6279 3.9140 -3.7605 1.3850 28.3304 1.5334 0.9973
Car 0.0000 0.0000 0.0000 520.0000 176.0000 553.0000 207.0000 1.5279 1.5883 3.6876 -3.7064 1.6239 37.3154 1.5018 0.9950
Car 0.0000 0.0000 0.0000 -644.0000 196.0000 -115.0000 441.0000 1.4981 1.5551 3.6723 -8.4544 1.7472 6.6395 1.0339 0.9879
