Car 0.0000 0.0000 0.0000 716.0000 185.0000 810.0000 256.0000 1.5028 1.5926 3.4512 3.5626 1.7796 17.2807 1.5708 0.9999
Car 0.0000 0.0000 0.0000 695.0000 181.0000 770.0000 238.0000 1.5779 1.6185 3.5865 3.7073 1.8110 22.2610 1.5569 0.9999
Car 0.0000 0.0000 0.0000 321.0000 180.0000 479.0000 236.0000 1.5146 1.6291 4.1002 -6.0052 1.7213 20.9247 0.0027 0.9996
Car 0.0000 0.0000 0.0000 403.0000 177.0000 506.0000 224.0000 1.6091 1.5471 3.4534 -5.6419 1.7567 26.4912 0.0038 0.9989
Car 0.0000 0.0000 0.0000 208.0000 180.0000 438.0000 266.0000 1.5567 1.6259 3.9248 -5.5878 1.6967 14.1736 0.1606 0.9988
Car 0.0000 0.0000 0.0000 954.0000 209.0000 10125.0000 4365.0000 1.4824 1.6426 4.2101 2.9413 1.6967 2.3915 1.5708 0.9981
Car 0.0000 0.0000 0.0000 679.0000 182.0000 712.0000 212.0000 1.4184 1.5059 3.4559 4.3232 1.8267 35.8120 -1.4404 0.9976
Car 0.0000 0.0000 0.0000 440.0000 181.0000 532.0000 219.0000 1.5730 1.5782 3.5675 -5.3201 1.8932 31.1647 0.2166 0.9961
Car 0.0000 0.0000 0.0000 658.0000 168.0000 684.0000 196.0000 2.3554 1.8411 5.1061 5.4031 1.8729 62.7566 1.5636 0.9924
Car 0.0000 0.0000 0.0000 461.0000 179.0000 549.0000 214.0000 1.5625 1.6084 3.8087 -4.8152 1.8279 33.5260 0.0740 0.9889
Car 0.0000 0.0000 0.0000 -780.0000 189.0000 64.0000 478.0000 1.5760 1.5921 3.6536 -6.1164 1.7062 4.8276 0.0339 0.9879
Car 0.0000 0.0000 0.0000 421.0000 180.0000 527.0000 222.0000 1.5877 1.6235 3.8770 -5.3096 1.8480 28.5768 0.0275 0.9777
Car 0.0000 0.0000 0.0000 473.0000 174.0000 557.0000 210.0000 1.6921 1.6268 3.9126 -4.6442 1.7412 35.8937 0.0786 0.9742
Car 0.0000 0.0000 0.0000 565.0000 180.0000 585.0000 198.0000 1.4849 1.6320 3.8675 -2.8123 1.9820 60.6342 1.5252 0.9671
