Car 0.0000 0.0000 0.0000 708.0000 188.0000 843.0000 285.0000 1.4856 1.5581 3.2815 2.8339 1.7629 13.0317 1.5350 0.9999
Car 0.0000 0.0000 0.0000 698.0000 175.0000 809.0000 215.0000 1.6360 1.7121 4.3801 6.0955 1.6986 30.7057 -0.0286 0.9998
Car 0.0000 0.0000 0.0000 141.0000 176.0000 393.0000 276.0000 1.6113 1.6071 3.7005 -5.9648 1.6725 12.7658 -0.0103 0.9995
Car 0.0000 0.0000 0.0000 30.0000 185.0000 345.0000 304.0000 1.5569 1.5892 3.6837 -6.0264 1.7482 10.4816 0.0516 0.9993
Car 0.0000 0.0000 0.0000 -169.0000 175.0000 250.0000 337.0000 1.6072 1.5827 3.4880 -6.2282 1.6443 8.0952 0.0142 0.9991
Car 0.0000 0.0000 0.0000 247.0000 178.0000 424.0000 246.0000 1.5683 1.5939 3.7170 -6.6334 1.6762 17.6348 -0.0087 0.9991
Car 0.0000 0.0000 0.0000 768.0000 187.0000 914.0000 245.0000 1.5268 1.5975 3.6804 6.4455 1.9265 20.4043 0.1249 0.9988
Car 0.0000 0.0000 0.0000 737.0000 177.0000 875.0000 229.0000 1.5855 1.6397 3.9549 6.2224 1.6995 23.0905 0.0186 0.9984
Car 0.0000 0.0000 0.0000 -668.0000 156.0000 111.0000 417.0000 1.6521 1.6436 3.8772 -6.4015 1.5598 5.5355 -0.0336 0.9983
Car 0.0000 0.0000 0.0000 465.0000 176.0000 537.0000 209.0000 1.8352 1.6571 3.8407 -6.2435 1.9570 41.5610 -0.3356 0.9982
Car 0.0000 0.0000 0.0000 346.0000 167.0000 474.0000 221.0000 1.9304 1.7214 4.2834 -7.3526 1.6879 26.8443 -0.0200 0.9967
Car 0.0000 0.0000 0.0000 634.0000 166.0000 674.0000 210.0000 2.3019 1.9100 5.5238 2.4631 1.8921 40.4552 1.5708 0.9952
Car 0.0000 0.0000 0.0000 438.0000 178.0000 516.0000 210.0000 1.5563 1.5897 3.6712 -6.6310 1.7740 36.3757 0.0130 0.9929
Car 0.0000 0.0000 0.0000 666.0000 169.0000 707.0000 185.0000 1.5234 1.5942 3.7281 7.4113 1.0441 68.1893 0.1397 0.9769
