Car 0.0000 0.0000 0.0000 240.0000 171.0000 432.0000 253.0000 1.7241 1.6346 3.7009 -6.0962 1.6930 16.2408 0.0248 0.9999
Car 0.0000 0.0000 0.0000 341.0000 173.0000 481.0000 229.0000 1.6455 1.6285 3.8380 -6.0781 1.6286 22.2857 0.0250 0.9997
Car 0.0000 0.0000 0.0000 148.0000 180.0000 365.0000 270.0000 1.6039 1.5626 3.4258 -6.7073 1.7291 13.8788 -0.0294 0.9997
Car 0.0000 0.0000 0.0000 952.0000 147.0000 1115.0000 235.0000 2.0948 1.8981 4.7108 11.2933 1.4842 19.6384 1.5708 0.9995
Car 0.0000 0.0000 0.0000 20.0000 179.0000 341.0000 293.0000 1.5774 1.6366 3.9724 -6.4858 1.6826 11.1410 -0.0119 0.9994
Car 0.0000 0.0000 0.0000 662.0000 173.0000 696.0000 203.0000 1.4960 1.6201 3.8436 3.6679 1.4478 37.3917 -1.4536 0.9993
Car 0.0000 0.0000 0.0000 379.0000 178.0000 501.0000 224.0000 1.5252 1.5918 3.8270 -5.8437 1.6734 24.8938 0.3308 0.9984
Car 0.0000 0.0000 0.0000 478.0000 172.0000 557.0000 201.0000 1.5567 1.6427 4.1574 -5.1115 1.4661 40.5043 0.0319 0.9980
Car 0.0000 0.0000 0.0000 1048.0000 163.0000 1183.0000 221.0000 1.5019 1.6177 3.8090 14.1761 1.2282 20.4401 -1.4024 0.9980
Car 0.0000 0.0000 0.0000 -441.0000 168.0000 155.0000 390.0000 1.6244 1.6294 3.7394 -6.3367 1.6078 6.2593 0.0975 0.9975
Car 0.0000 0.0000 0.0000 297.0000 175.0000 444.0000 237.0000 1.5957 1.5549 3.4392 -6.4294 1.6449 19.5153 0.0801 0.9972
