Car 0.0000 0.0000 0.0000 588.0000 180.0000 645.0000 231.0000 1.5407 1.6917 3.6260 0.1474 1.7332 23.6058 1.5368 0.9997
Car 0.0000 0.0000 0.0000 315.0000 174.0000 396.0000 226.0000 2.0894 1.9272 4.5998 -10.9653 2.1046 31.4887 1.5598 0.9997
Car 0.0000 0.0000 0.0000 672.0000 162.0000 793.0000 222.0000 1.9299 1.7961 4.4715 4.4303 1.5457 25.4614 -0.7298 0.9995
Car 0.0000 0.0000 0.0000 728.0000 173.0000 902.0000 267.0000 1.6718 1.6936 3.9163 4.3243 1.6750 14.8659 -0.7650 0.9995
Car 0.0000 0.0000 0.0000 375.0000 181.0000 428.0000 213.0000 1.5825 1.6348 4.0890 -10.8157 1.9425 37.8052 1.5590 0.9993
Car 0.0000 0.0000 0.0000 1092.0000 152.0000 1702.0000 675.0000 1.6789 1.6513 3.7906 4.3100 1.6121 4.1820 -0.7294 0.9992
Car 0.0000 0.0000 0.0000 755.0000 179.0000 995.0000 310.0000 1.6188 1.6774 4.2265 4.1842 1.7119 11.0637 -0.7364 0.9988
Car 0.0000 0.0000 0.0000 312.0000 181.0000 352.0000 209.0000 1.4611 1.5876 3.5287 -15.1744 1.8541 39.5828 1.3271 0.9979
Car 0.0000 0.0000 0.0000 0.0000 184.0000 48.0000 219.0000 1.5544 1.6288 3.7419 -28.0379 2.0468 34.5542 0.9290 0.9976
Car 0.0000 0.0000 0.0000 419.0000 180.0000 461.0000 206.0000 1.5077 1.6464 3.8914 -10.4729 1.8997 44.8853 1.5700 0.9974
Car 0.0000 0.0000 0.0000 718.0000 167.0000 871.0000 244.0000 1.8045 1.7514 4.3577 4.9531 1.6472 19.0193 -0.7233 0.9971
Car 0.0000 0.0000 0.0000 658.0000 166.0000 730.0000 200.0000 1.4814 1.6547 3.7748 3.9699 1.1453 33.1387 -0.9441 0.9946
Car 0.0000 0.0000 0.0000 499.0000 164.0000 533.0000 196.0000 2.2950 1.9708 5.3346 -7.0025 1.6127 54.9639 1.5513 0.9943
Car 0.0000 0.0000 0.0000 475.0000 179.0000 501.0000 197.0000 1.4729 1.5976 3.9159 -10.1875 1.8985 60.8656 1.5574 0.9780
Car 0.0000 0.0000 0.0000 890.0000 180.0000 966.0000 208.0000 1.5492 1.5706 3.6396 18.1543 1.9074 41.1048 0.0795 0.9719
