Car 0.0000 0.0000 0.0000 278.0000 167.0000 449.0000 240.0000 1.7659 1.6729 3.8508 -6.3228 1.6171 18.7436 -0.0015 0.9998
Car 0.0000 0.0000 0.0000 371.0000 166.0000 489.0000 217.0000 1.6544 1.6186 3.6568 -6.1144 1.4126 24.7485 0.0048 0.9996
Car 0.0000 0.0000 0.0000 905.0000 115.0000 1052.0000 194.0000 2.1649 1.8974 4.9748 11.1453 0.5691 22.2235 1.5632 0.9995
Car 0.0000 0.0000 0.0000 236.0000 172.0000 402.0000 247.0000 1.6041 1.5400 3.1745 -6.5790 1.5806 16.4672 -0.0190 0.9995
Car 0.0000 0.0000 0.0000 985.0000 165.0000 1109.0000 219.0000 1.5711 1.6483 3.7831 13.9042 1.3405 23.1439 1.5644 0.9994
Car 0.0000 0.0000 0.0000 139.0000 178.0000 388.0000 267.0000 1.5545 1.6174 3.9721 -6.4811 1.6545 13.6950 0.0227 0.9994
Car 0.0000 0.0000 0.0000 -130.0000 157.0000 275.0000 322.0000 1.7971 1.6771 3.7609 -6.3918 1.6412 8.7933 0.0460 0.9989
Car 0.0000 0.0000 0.0000 392.0000 167.0000 502.0000 211.0000 1.5817 1.6142 3.7173 -6.0655 1.3386 27.1184 0.0508 0.9975
Car 0.0000 0.0000 0.0000 329.0000 173.0000 462.0000 227.0000 1.5757 1.5999 3.5770 -6.5412 1.5796 22.1678 0.0651 0.9915
Car 0.0000 0.0000 0.0000 -1105.0000 140.0000 -52.0000 541.0000 1.7140 1.6224 3.4896 -6.1666 1.5942 4.0024 0.0700 0.9905
