Car 0.0000 0.0000 0.0000 105.0000 173.0000 363.0000 279.0000 1.6288 1.5928 3.5215 -6.2284 1.6401 12.1667 -0.0086 0.9998
Car 0.0000 0.0000 0.0000 747.0000 174.0000 934.0000 244.0000 1.5887 1.6570 3.9976 5.4957 1.6149 17.4882 0.0040 0.9996
Car 0.0000 0.0000 0.0000 241.0000 179.0000 421.0000 248.0000 1.5254 1.5974 3.6908 -6.5909 1.6706 17.2510 0.0252 0.9996
Car 0.0000 0.0000 0.0000 357.0000 181.0000 484.0000 227.0000 1.5288 1.6423 4.0309 -6.6100 1.7990 25.4697 0.0392 0.9995
Car 0.0000 0.0000 0.0000 636.0000 183.0000 679.0000 218.0000 1.4502 1.6014 4.0586 2.1038 1.8672 32.1934 1.5684 0.9995
Car 0.0000 0.0000 0.0000 188.0000 181.0000 390.0000 265.0000 1.6195 1.5476 3.5004 -6.5683 1.7797 14.9272 0.0195 0.9992
Car 0.0000 0.0000 0.0000 984.0000 177.0000 1475.0000 344.0000 1.5646 1.6108 3.7763 6.2811 1.6190 7.6612 0.0249 0.9989
Car 0.0000 0.0000 0.0000 -24.0000 193.0000 321.0000 322.0000 1.5088 1.5541 3.6269 -5.9882 1.8010 9.5538 0.0308 0.9984
Car 0.0000 0.0000 0.0000 553.0000 179.0000 575.0000 198.0000 1.4291 1.5900 3.7609 -3.4686 1.8085 56.2109 1.5429 0.9974
Car 0.0000 0.0000 0.0000 -242.0000 185.0000 255.0000 363.0000 1.5612 1.6152 3.7829 -5.9065 1.6948 7.2718 0.0637 0.9972
Car 0.0000 0.0000 0.0000 398.0000 170.0000 507.0000 212.0000 1.5894 1.6262 3.8985 -6.1176 1.4439 28.3887 0.0554 0.9968
Car 0.0000 0.0000 0.0000 1138.0000 176.0000 1876.0000 420.0000 1.5200 1.5563 3.5882 6.3006 1.5574 5.3887 -0.0104 0.9949
Car 0.0000 0.0000 0.0000 404.0000 172.0000 500.0000 210.0000 1.6942 1.6690 4.0443 -7.1410 1.6138 32.9700 0.0209 0.9930
Car 0.0000 0.0000 0.0000 -841.0000 198.0000 28.0000 474.0000 1.5145 1.5778 3.7797 -6.5403 1.7218 4.9203 0.0144 0.9861
Car 0.0000 0.0000 0.0000 620.0000 178.0000 641.0000 196.0000 1.4450 1.6009 3.8653 1.8176 1.8104 59.8088 1.5622 0.9788
