Car 0.0000 0.0000 0.0000 350.0000 177.0000 485.0000 270.0000 1.6036 1.7061 4.1239 -3.7195 1.6801 14.5923 1.5501 0.9999
Car 0.0000 0.0000 0.0000 487.0000 179.0000 581.0000 235.0000 1.5318 1.6417 3.7915 -2.1618 1.6832 21.6010 -1.3465 0.9999
Car 0.0000 0.0000 0.0000 745.0000 179.0000 864.0000 264.0000 1.5821 1.6388 3.6936 3.9686 1.6923 15.2933 1.5708 0.9999
Car 0.0000 0.0000 0.0000 636.0000 176.0000 706.0000 212.0000 1.5242 1.6884 4.0218 2.8101 1.6056 31.9904 -1.0996 0.9999
Car 0.0000 0.0000 0.0000 31.0000 196.0000 384.0000 408.0000 1.5055 1.5981 3.4704 -3.6232 1.7743 7.1745 1.5663 0.9998
Car 0.0000 0.0000 0.0000 905.0000 162.0000 959.0000 196.0000 1.6299 1.7073 3.7926 16.2138 1.0747 36.2998 -1.3633 0.9996
Car 0.0000 0.0000 0.0000 739.0000 176.0000 804.0000 236.0000 1.5173 1.6372 3.7898 4.6580 1.5945 20.4670 -1.3141 0.9994
Car 0.0000 0.0000 0.0000 827.0000 183.0000 1185.0000 378.0000 1.5558 1.6858 4.0452 3.8096 1.6701 7.8860 1.5708 0.9993
Car 0.0000 0.0000 0.0000 394.0000 168.0000 415.0000 185.0000 1.4778 1.5824 3.4372 -19.2739 0.9847 67.8844 1.2011 0.9978
Car 0.0000 0.0000 0.0000 -155.0000 199.0000 -24.0000 240.0000 1.4739 1.7729 3.8509 -29.3256 2.5966 30.3407 1.5708 0.9957
Car 0.0000 0.0000 0.0000 273.0000 188.0000 310.0000 206.0000 1.5616 1.7738 4.3855 -29.4968 2.8629 67.1049 1.4960 0.9929
Car 0.0000 0.0000 0.0000 -2184.0000 -840.0000 1778.0000 580.0000 1.5102 1.6288 4.1001 3.7900 1.6310 0.8727 1.5708 0.9895
Car 0.0000 0.0000 0.0000 -232.0000 -62486.0000 228285.0000 514.0000 1.5484 1.6972 3.8398 -3.5758 1.7602 1.8762 1.5469 0.9885
Car 0.0000 0.0000 0.0000 788.0000 171.0000 831.0000 210.0000 1.5012 1.5835 3.5145 8.2713 1.4009 29.8138 -1.3101 0.9866
Car 0.0000 0.0000 0.0000 336.0000 185.0000 367.0000 200.0000 1.4832 1.6356 3.6579 -25.4551 2.5455 71.3641 1.5708 0.9818
Car 0.0000 0.0000 0.0000 707.0000 168.0000 743.0000 194.0000 1.5760 1.6573 4.0460 7.3613 1.2176 45.8913 1.5708 0.9752
