Car 0.0000 0.0000 0.0000 574.0000 181.0000 628.0000 230.0000 1.4680 1.6222 3.4334 -0.2964 1.6928 23.3814 1.5460 0.9999
Car 0.0000 0.0000 0.0000 666.0000 183.0000 719.0000 222.0000 1.4792 1.6395 3.9915 3.3596 1.8529 29.7082 1.5564 0.9999
Car 0.0000 0.0000 0.0000 750.0000 187.0000 932.0000 296.0000 1.4739 1.6253 4.1867 3.6398 1.7194 12.2136 1.5481 0.9995
Car 0.0000 0.0000 0.0000 -325.0000 148.0000 132.0000 358.0000 2.1542 1.8107 4.5571 -8.8803 1.9140 9.7501 1.5479 0.9991
Car 0.0000 0.0000 0.0000 363.0000 182.0000 485.0000 242.0000 1.5187 1.5963 3.7263 -5.3069 1.7605 20.2992 0.7622 0.9990
Car 0.0000 0.0000 0.0000 429.0000 179.0000 523.0000 226.0000 1.5819 1.5779 3.5441 -4.9323 1.8014 26.3655 0.7469 0.9989
Car 0.0000 0.0000 0.0000 105.0000 175.0000 394.0000 339.0000 1.6173 1.6961 4.4407 -4.7864 1.6549 9.1689 0.7086 0.9989
Car 0.0000 0.0000 0.0000 219.0000 179.0000 310.0000 215.0000 1.4574 1.6348 4.0699 -14.8341 1.6693 31.2293 -1.4527 0.9988
Car 0.0000 0.0000 0.0000 639.0000 164.0000 676.0000 204.0000 2.5970 2.0376 5.3539 3.3594 1.9747 50.1704 1.5405 0.9987
Car 0.0000 0.0000 0.0000 822.0000 -20.0000 1819.0000 632.0000 2.3425 1.9152 5.1960 3.3425 1.6494 5.2076 1.5283 0.9984
Car 0.0000 0.0000 0.0000 100.0000 187.0000 272.0000 266.0000 1.4394 1.5544 3.7385 -8.8909 1.7466 15.4544 1.5455 0.9983
Car 0.0000 0.0000 0.0000 591.0000 177.0000 629.0000 211.0000 1.5142 1.6804 3.7530 -0.0018 1.6701 34.7462 1.5281 0.9982
Car 0.0000 0.0000 0.0000 232.0000 178.0000 434.0000 283.0000 1.5581 1.5731 3.5699 -4.8766 1.6555 12.4523 0.6316 0.9981
Car 0.0000 0.0000 0.0000 421.0000 178.0000 451.0000 197.0000 1.5422 1.6506 4.1742 -14.5401 1.8899 60.8096 1.5430 0.9962
Car 0.0000 0.0000 0.0000 514.0000 177.0000 565.0000 206.0000 1.6410 1.6880 3.8108 -4.1542 1.8300 42.4303 1.1029 0.9953
Car 0.0000 0.0000 0.0000 486.0000 157.0000 515.0000 186.0000 2.2647 1.9220 4.9699 -8.7317 0.9593 58.5948 1.5124 0.9701
Car 0.0000 0.0000 0.0000 571.0000 179.0000 591.0000 197.0000 1.4730 1.6209 3.8590 -2.4025 1.9100 62.3237 1.5195 0.9673
