Car 0.0000 0.0000 0.0000 760.0000 177.0000 896.0000 236.0000 1.5106 1.5554 3.6017 6.1244 1.6230 20.5264 1.0465 0.9998
Car 0.0000 0.0000 0.0000 624.0000 181.0000 674.0000 216.0000 1.4777 1.5686 3.4736 1.7511 1.7995 32.7506 1.4202 0.9997
Car 0.0000 0.0000 0.0000 201.0000 157.0000 425.0000 257.0000 2.0743 1.7760 4.2507 -6.4992 1.7385 16.0746 -0.0094 0.9995
Car 0.0000 0.0000 0.0000 32.0000 177.0000 294.0000 285.0000 1.6036 1.5384 3.2840 -7.0924 1.6691 11.6035 0.0133 0.9990
Car 0.0000 0.0000 0.0000 124.0000 180.0000 352.0000 271.0000 1.5940 1.5549 3.5142 -6.9683 1.7369 13.6706 0.0196 0.9989
Car 0.0000 0.0000 0.0000 609.0000 178.0000 641.0000 204.0000 1.4776 1.6151 3.7840 0.9268 1.7075 42.2101 1.5254 0.9984
Car 0.0000 0.0000 0.0000 358.0000 179.0000 475.0000 222.0000 1.6266 1.6579 4.0788 -7.5298 1.8384 28.2318 0.1492 0.9969
Car 0.0000 0.0000 0.0000 405.0000 176.0000 491.0000 209.0000 1.5793 1.5978 3.7631 -7.8192 1.6804 35.1593 0.0788 0.9935
Car 0.0000 0.0000 0.0000 308.0000 175.0000 442.0000 226.0000 1.5683 1.6099 3.8213 -7.6398 1.6379 23.5851 0.1432 0.9894
Car 0.0000 0.0000 0.0000 651.0000 160.0000 697.0000 179.0000 1.5632 1.6873 4.0944 5.8362 0.3907 64.4607 0.0552 0.9760
Car 0.0000 0.0000 0.0000 -1054.0000 191.0000 -60.0000 510.0000 1.4988 1.5241 3.4210 -6.5131 1.6337 4.3217 -0.0221 0.9641
