Car 0.0000 0.0000 0.0000 529.0000 176.0000 577.0000 207.0000 1.6568 1.6544 3.8926 -3.0481 1.7732 40.0217 -1.3799 0.9999
Car 0.0000 0.0000 0.0000 606.0000 179.0000 674.0000 245.0000 1.5940 1.6490 3.4164 0.7638 1.7431 19.2887 1.5708 0.9998
Car 0.0000 0.0000 0.0000 204.0000 185.0000 394.0000 277.0000 1.5755 1.8042 4.5326 -6.1614 1.8301 14.9074 1.5708 0.9997
Car 0.0000 0.0000 0.0000 769.0000 178.0000 977.0000 311.0000 1.7269 1.6943 3.9809 4.3084 1.8048 11.4906 -0.8222 0.9994
Car 0.0000 0.0000 0.0000 414.0000 181.0000 486.0000 216.0000 1.4930 1.6501 4.3607 -7.4309 1.8650 34.0339 -1.3548 0.9994
Car 0.0000 0.0000 0.0000 207.0000 185.0000 343.0000 243.0000 1.5073 1.6491 3.9913 -9.6619 1.8415 21.1329 -1.3966 0.9986
Car 0.0000 0.0000 0.0000 656.0000 174.0000 701.0000 199.0000 1.4900 1.6448 3.5808 4.4741 1.5064 45.5946 -1.1033 0.9978
Car 0.0000 0.0000 0.0000 -295.0000 186.0000 84.0000 334.0000 1.7862 1.7450 4.0841 -10.4151 1.9994 10.9865 1.5708 0.9961
Car 0.0000 0.0000 0.0000 1114.0000 174.0000 1579.0000 531.0000 1.5314 1.6369 3.2451 4.6699 1.5429 4.8199 -0.7928 0.9956
Car 0.0000 0.0000 0.0000 -330.0000 191.0000 -76.0000 288.0000 1.4674 1.6100 3.6794 -14.8378 1.8252 13.4106 1.2110 0.9933
Car 0.0000 0.0000 0.0000 45.0000 187.0000 193.0000 246.0000 1.4460 1.5872 3.8919 -13.7054 1.8398 20.3981 1.5578 0.9737
