Car 0.0000 0.0000 0.0000 170.0000 167.0000 405.0000 266.0000 1.7366 1.6484 3.7503 -6.0645 1.6453 13.7408 0.0551 0.9997
Car 0.0000 0.0000 0.0000 321.0000 174.0000 473.0000 237.0000 1.6368 1.6032 3.6419 -5.7618 1.6525 19.7331 0.0517 0.9997
Car 0.0000 0.0000 0.0000 351.0000 177.0000 488.0000 233.0000 1.6103 1.6096 3.7692 -5.7665 1.7338 22.0795 -0.0109 0.9996
Car 0.0000 0.0000 0.0000 39.0000 180.0000 316.0000 291.0000 1.6015 1.5546 3.4388 -6.7238 1.7080 11.4068 -0.0378 0.9995
Car 0.0000 0.0000 0.0000 995.0000 148.0000 1213.0000 251.0000 2.0823 1.8829 4.6210 11.3374 1.5724 17.0118 1.5548 0.9992
Car 0.0000 0.0000 0.0000 478.0000 176.0000 559.0000 207.0000 1.5426 1.6459 4.0356 -4.7449 1.6725 38.0922 0.0050 0.9990
Car 0.0000 0.0000 0.0000 -152.0000 192.0000 280.0000 336.0000 1.5034 1.6137 3.9887 -6.3465 1.7491 8.6119 0.0224 0.9985
Car 0.0000 0.0000 0.0000 662.0000 172.0000 755.0000 208.0000 1.5810 1.6815 4.2079 4.6011 1.5204 33.7644 0.0629 0.9985
Car 0.0000 0.0000 0.0000 948.0000 157.0000 1052.0000 203.0000 1.5040 1.5779 3.8556 13.7297 0.9739 25.5655 1.5708 0.9979
Car 0.0000 0.0000 0.0000 256.0000 180.0000 423.0000 251.0000 1.5761 1.5554 3.3378 -6.3129 1.7318 16.9570 0.0898 0.9976
Car 0.0000 0.0000 0.0000 -1344.0000 172.0000 -94.0000 572.0000 1.5880 1.5830 3.5620 -6.2048 1.6059 3.6887 0.0142 0.9938
Car 0.0000 0.0000 0.0000 877.0000 173.0000 913.0000 194.0000 1.4534 1.6141 3.5401 21.0618 1.4049 53.0262 -1.4583 0.9910
Car 0.0000 0.0000 0.0000 535.0000 171.0000 565.0000 196.0000 1.6291 1.7546 4.3124 -3.9966 1.4718 49.7766 1.5555 0.9880
Car 0.0000 0.0000 0.0000 1087.0000 170.0000 1275.0000 240.0000 1.5446 1.6316 3.5941 13.9319 1.4702 17.8469 1.5073 0.9869
Car 0.0000 0.0000 0.0000 133.0000 165.0000 249.0000 205.0000 1.5823 1.6406 3.9443 -17.4473 1.2371 30.1207 0.0660 0.9861
Car 0.0000 0.0000 0.0000 548.0000 173.0000 576.0000 194.0000 1.5323 1.6795 3.9753 -3.5382 1.5008 55.3206 1.5708 0.9815
Car 0.0000 0.0000 0.0000 711.0000 153.0000 743.0000 173.0000 1.5280 1.6664 3.7781 9.6563 -0.1142 58.9370 1.4853 0.9780
Car 0.0000 0.0000 0.0000 141.0000 173.0000 267.0000 217.0000 1.5894 1.5846 4.0105 -15.4974 1.5712 27.7619 -0.3269 0.9775
Car 0.0000 0.0000 0.0000 657.0000 172.0000 689.0000 203.0000 1.5241 1.5951 3.8425 3.3841 1.4487 38.2146 1.5708 0.9667
