Car 0.0000 0.0000 0.0000 280.0000 192.0000 415.0000 275.0000 1.4156 1.5821 3.7768 -5.2666 1.8380 14.9111 1.5194 0.9999
Car 0.0000 0.0000 0.0000 85.0000 192.0000 263.0000 275.0000 1.5010 1.6595 4.0884 -9.3185 1.9294 15.8022 1.5019 0.9996
Car 0.0000 0.0000 0.0000 657.0000 174.0000 692.0000 204.0000 1.5415 1.6828 3.9018 3.4544 1.5380 38.3965 1.5708 0.9996
Car 0.0000 0.0000 0.0000 623.0000 172.0000 652.0000 200.0000 1.7743 1.7976 3.6723 1.9058 1.6509 47.0574 1.5708 0.9993
Car 0.0000 0.0000 0.0000 1194.0000 116.0000 1386.0000 176.0000 1.6215 1.6848 4.0002 19.8531 0.0252 21.1194 0.0162 0.9988
Car 0.0000 0.0000 0.0000 229.0000 187.0000 349.0000 240.0000 1.4765 1.5731 3.6942 -10.0027 1.9311 22.7585 -1.3625 0.9986
Car 0.0000 0.0000 0.0000 -329.0000 195.0000 9.0000 308.0000 1.4283 1.6007 3.8993 -12.1189 1.8127 11.7370 1.4757 0.9982
Car 0.0000 0.0000 0.0000 -264.0000 199.0000 125.0000 346.0000 1.5064 1.7223 4.3128 -9.0699 1.9220 10.2008 1.4831 0.9980
Car 0.0000 0.0000 0.0000 676.0000 174.0000 706.0000 199.0000 1.6230 1.6327 3.7469 5.6522 1.6429 49.6984 1.5708 0.9955
Car 0.0000 0.0000 0.0000 1596.0000 101.0000 1884.0000 190.0000 1.5541 1.6195 3.8438 21.5299 0.2638 13.7745 -0.1839 0.9894
Car 0.0000 0.0000 0.0000 1124.0000 140.0000 1290.0000 195.0000 1.6999 1.6728 3.9546 19.5347 0.6511 23.6536 0.0432 0.9806
Car 0.0000 0.0000 0.0000 892.0000 147.0000 981.0000 177.0000 1.5926 1.7346 4.1184 17.8968 0.1577 39.5172 0.1727 0.9750
Car 0.0000 0.0000 0.0000 973.0000 152.0000 1062.0000 190.0000 1.6282 1.6748 4.0611 18.4205 0.6744 32.4122 -0.5285 0.9693
Car 0.0000 0.0000 0.0000 1078.0000 139.0000 1152.0000 189.0000 1.6919 1.6470 3.9175 18.6427 0.4994 26.4728 -0.8043 0.9607
