Car 0.0000 0.0000 0.0000 493.0000 180.0000 553.0000 227.0000 1.5877 1.7224 4.0212 -3.1441 1.8340 26.8227 1.5708 0.9999
Car 0.0000 0.0000 0.0000 668.0000 180.0000 754.0000 243.0000 1.4992 1.6268 4.0499 2.6155 1.6846 19.4849 1.5455 0.9998
Car 0.0000 0.0000 0.0000 700.0000 187.0000 835.0000 282.0000 1.4771 1.6196 3.6472 2.7679 1.7523 13.4855 1.5394 0.9998
Car 0.0000 0.0000 0.0000 734.0000 177.0000 1031.0000 366.0000 1.5672 1.6780 4.1430 2.6329 1.6200 8.1430 1.5453 0.9997
Car 0.0000 0.0000 0.0000 908.0000 -7414.0000 54253.0000 41152.0000 2.0341 1.8207 4.5915 2.8612 1.5894 2.3428 1.5452 0.9989
Car 0.0000 0.0000 0.0000 522.0000 185.0000 558.0000 216.0000 1.4753 1.6654 4.1154 -3.4851 2.0545 36.9267 1.5232 0.9984
Car 0.0000 0.0000 0.0000 645.0000 181.0000 685.0000 213.0000 1.4738 1.5737 3.5695 2.7462 1.8303 35.9063 1.5219 0.9983
Car 0.0000 0.0000 0.0000 665.0000 178.0000 714.0000 220.0000 1.4914 1.6024 3.9459 3.0226 1.6606 27.6234 1.5708 0.9915
Car 0.0000 0.0000 0.0000 631.0000 148.0000 667.0000 185.0000 2.5517 2.0065 5.3565 2.9316 0.7607 53.0572 1.5148 0.9895
Car 0.0000 0.0000 0.0000 626.0000 181.0000 661.0000 206.0000 1.5417 1.6104 3.8200 2.1913 2.0060 46.4486 1.4478 0.9886
