Car 0.0000 0.0000 0.0000 200.0000 173.0000 417.0000 267.0000 1.8307 1.6673 3.8499 -6.2052 1.8393 15.0739 0.0237 0.9996
Car 0.0000 0.0000 0.0000 970.0000 149.0000 1168.0000 241.0000 2.0189 1.8758 4.6950 11.3136 1.4893 18.2461 1.5378 0.9995
Car 0.0000 0.0000 0.0000 329.0000 176.0000 482.0000 235.0000 1.6434 1.6453 3.9661 -5.9095 1.7205 21.0782 0.0742 0.9994
Car 0.0000 0.0000 0.0000 112.0000 182.0000 348.0000 277.0000 1.5279 1.5417 3.3232 -6.5635 1.6863 12.6442 -0.0377 0.9993
Car 0.0000 0.0000 0.0000 363.0000 177.0000 496.0000 228.0000 1.5767 1.6209 3.8752 -5.7750 1.6877 23.3503 0.0068 0.9991
Car 0.0000 0.0000 0.0000 1067.0000 172.0000 1228.0000 237.0000 1.5554 1.6553 3.5756 14.0971 1.5168 19.1379 1.5708 0.9991
Car 0.0000 0.0000 0.0000 -22.0000 191.0000 310.0000 312.0000 1.4631 1.5581 3.5614 -6.2455 1.7260 9.8561 0.0083 0.9989
Car 0.0000 0.0000 0.0000 934.0000 157.0000 1029.0000 203.0000 1.5799 1.6040 3.7364 13.7644 1.0170 26.8272 1.5708 0.9984
Car 0.0000 0.0000 0.0000 664.0000 176.0000 707.0000 208.0000 1.5091 1.6525 3.9290 3.8954 1.6052 36.0947 -1.3439 0.9953
Car 0.0000 0.0000 0.0000 274.0000 180.0000 435.0000 248.0000 1.6182 1.5815 3.4771 -6.3652 1.7777 18.1031 0.1589 0.9949
Car 0.0000 0.0000 0.0000 -749.0000 179.0000 71.0000 465.0000 1.5854 1.5872 3.6762 -6.1012 1.6400 4.8879 0.0547 0.9944
Car 0.0000 0.0000 0.0000 477.0000 180.0000 559.0000 209.0000 1.5078 1.6421 4.0972 -4.9289 1.8765 39.2070 0.1549 0.9859
Car 0.0000 0.0000 0.0000 1138.0000 171.0000 1249.0000 220.0000 1.4732 1.5935 3.7191 19.1932 1.4039 23.8348 -1.2642 0.9856
