Car 0.0000 0.0000 0.0000 243.0000 195.0000 477.0000 352.0000 1.4868 1.6623 3.6546 -2.8855 1.7960 9.0756 1.5708 0.9998
Car 0.0000 0.0000 0.0000 647.0000 165.0000 793.0000 224.0000 1.6145 1.6773 4.0189 3.1188 1.3898 20.9559 0.0531 0.9996
Car 0.0000 0.0000 0.0000 706.0000 162.0000 958.0000 259.0000 1.6014 1.6666 4.0461 3.8341 1.4339 12.9946 0.0526 0.9996
Car 0.0000 0.0000 0.0000 162.0000 196.0000 355.0000 303.0000 1.4245 1.5824 3.8252 -5.7248 1.8516 12.2221 1.5161 0.9995
Car 0.0000 0.0000 0.0000 634.0000 177.0000 668.0000 207.0000 1.5052 1.5888 3.6112 2.2058 1.6663 38.4187 1.5708 0.9992
Car 0.0000 0.0000 0.0000 -25289.0000 226.0000 253.0000 12661.0000 1.5043 1.7117 4.0909 -2.9641 1.8024 2.1609 1.5526 0.9988
Car 0.0000 0.0000 0.0000 430.0000 119.0000 540.0000 254.0000 2.9479 2.0726 5.5710 -3.0161 1.7634 18.6276 1.5314 0.9987
Car 0.0000 0.0000 0.0000 771.0000 149.0000 1304.0000 341.0000 1.5985 1.6632 4.1276 3.7784 1.4159 6.9523 0.0172 0.9984
Car 0.0000 0.0000 0.0000 511.0000 158.0000 567.0000 216.0000 2.2231 1.8084 4.9470 -2.8467 1.6319 30.3449 1.5708 0.9960
Car 0.0000 0.0000 0.0000 315.0000 188.0000 427.0000 255.0000 1.4399 1.5658 3.5628 -5.7751 1.8141 17.7976 1.5708 0.9841
Car 0.0000 0.0000 0.0000 351.0000 189.0000 449.0000 243.0000 1.4349 1.5201 3.5433 -6.2189 1.9279 21.7040 -1.4319 0.9766
