Car 0.0000 0.0000 0.0000 764.0000 192.0000 1052.0000 376.0000 1.4391 1.5756 3.5072 2.8096 1.6726 7.7055 1.5587 0.9999
Car 0.0000 0.0000 0.0000 706.0000 174.0000 823.0000 222.0000 1.6278 1.6462 3.8125 5.5324 1.6448 25.9569 -0.0118 0.9999
Car 0.0000 0.0000 0.0000 -39.0000 170.0000 329.0000 303.0000 1.6702 1.6689 4.1057 -6.3219 1.6444 10.0390 0.0351 0.9998
Car 0.0000 0.0000 0.0000 328.0000 157.0000 469.0000 217.0000 1.9230 1.7528 4.2654 -7.0754 1.3865 24.4669 -0.0195 0.9997
Car 0.0000 0.0000 0.0000 91.0000 175.0000 333.0000 275.0000 1.5856 1.5528 3.3551 -6.8327 1.6313 12.5600 -0.0242 0.9997
Car 0.0000 0.0000 0.0000 188.0000 178.0000 405.0000 259.0000 1.5619 1.6114 3.8408 -6.4426 1.6763 15.0166 0.0452 0.9996
Car 0.0000 0.0000 0.0000 634.0000 179.0000 669.0000 205.0000 1.4460 1.6180 3.7022 2.4135 1.7153 41.4873 1.5307 0.9996
Car 0.0000 0.0000 0.0000 769.0000 167.0000 947.0000 239.0000 1.6846 1.6734 3.8808 6.0813 1.5345 17.9751 0.0405 0.9996
Car 0.0000 0.0000 0.0000 722.0000 175.0000 855.0000 226.0000 1.5453 1.6279 3.9320 5.7668 1.5878 23.1490 0.3948 0.9993
Car 0.0000 0.0000 0.0000 322.0000 172.0000 457.0000 230.0000 1.6855 1.6105 3.6443 -6.6649 1.6489 22.0156 -0.0016 0.9993
Car 0.0000 0.0000 0.0000 702.0000 168.0000 810.0000 213.0000 1.6785 1.6801 3.9075 5.7088 1.4586 28.3081 0.0002 0.9992
Car 0.0000 0.0000 0.0000 259.0000 174.0000 422.0000 247.0000 1.6725 1.5979 3.3403 -6.4914 1.7020 17.5103 0.0973 0.9991
Car 0.0000 0.0000 0.0000 -225.0000 169.0000 231.0000 340.0000 1.5967 1.5966 3.6161 -6.2765 1.5768 7.6413 0.0693 0.9989
Car 0.0000 0.0000 0.0000 836.0000 163.0000 1104.0000 266.0000 1.6774 1.6558 3.8610 6.1716 1.5248 12.6995 0.0593 0.9983
Car 0.0000 0.0000 0.0000 804.0000 167.0000 1013.0000 246.0000 1.5458 1.6083 3.7271 6.1554 1.4330 15.1845 0.0551 0.9981
Car 0.0000 0.0000 0.0000 -697.0000 176.0000 133.0000 446.0000 1.5996 1.6385 3.9584 -6.0043 1.6371 5.1832 0.0002 0.9980
Car 0.0000 0.0000 0.0000 437.0000 169.0000 520.0000 202.0000 1.5651 1.6032 3.8016 -6.4436 1.3652 35.8559 0.0142 0.9968
Car 0.0000 0.0000 0.0000 451.0000 178.0000 529.0000 208.0000 1.5464 1.5934 3.7872 -6.3075 1.7619 38.4013 0.1722 0.9943
Car 0.0000 0.0000 0.0000 785.0000 178.0000 881.0000 235.0000 1.4874 1.5438 3.4599 6.3227 1.6075 20.7739 1.5266 0.9836
