Car 0.0000 0.0000 0.0000 725.0000 156.0000 915.0000 300.0000 2.0026 1.8401 4.3886 3.2981 1.7765 12.3164 1.5481 1.0000
Car 0.0000 0.0000 0.0000 583.0000 183.0000 652.0000 245.0000 1.4835 1.6565 3.4607 0.1499 1.7270 19.0906 1.5584 0.9998
Car 0.0000 0.0000 0.0000 691.0000 185.0000 762.0000 236.0000 1.4573 1.5911 3.8169 3.6478 1.8237 23.0694 1.5565 0.9997
Car 0.0000 0.0000 0.0000 676.0000 177.0000 729.0000 220.0000 1.6673 1.6937 4.2011 3.8732 1.8072 30.3194 1.5708 0.9997
Car 0.0000 0.0000 0.0000 128.0000 166.0000 276.0000 235.0000 1.6976 1.7231 4.2820 -11.2336 1.5283 20.2132 1.5708 0.9995
Car 0.0000 0.0000 0.0000 -158.0000 179.0000 117.0000 283.0000 1.6270 1.6756 3.9208 -11.3269 1.7222 13.3278 1.5708 0.9995
Car 0.0000 0.0000 0.0000 278.0000 178.0000 455.0000 266.0000 1.5321 1.6235 3.8557 -4.9843 1.6272 14.4756 0.7117 0.9990
Car 0.0000 0.0000 0.0000 384.0000 178.0000 513.0000 237.0000 1.5236 1.5555 3.4628 -4.5935 1.6599 20.3569 0.5610 0.9989
Car 0.0000 0.0000 0.0000 589.0000 177.0000 630.0000 215.0000 1.5477 1.6777 3.8702 -0.0380 1.7022 31.9711 1.5500 0.9987
Car 0.0000 0.0000 0.0000 256.0000 179.0000 327.0000 215.0000 1.5453 1.5876 3.7743 -14.4730 1.7703 33.0170 1.5666 0.9987
Car 0.0000 0.0000 0.0000 320.0000 179.0000 485.0000 248.0000 1.5403 1.5598 3.5781 -4.9984 1.6701 17.3789 0.3367 0.9978
Car 0.0000 0.0000 0.0000 447.0000 179.0000 543.0000 221.0000 1.5283 1.5892 3.7961 -4.5000 1.7457 28.0651 0.6946 0.9974
Car 0.0000 0.0000 0.0000 499.0000 178.0000 568.0000 207.0000 1.5708 1.5902 3.7341 -4.3232 1.8361 41.2894 0.5508 0.9972
Car 0.0000 0.0000 0.0000 659.0000 167.0000 689.0000 192.0000 1.5818 1.6455 3.6040 4.2668 1.1251 47.5871 1.5708 0.9949
Car 0.0000 0.0000 0.0000 772.0000 85.0000 896.0000 157.0000 1.5327 1.6490 3.5753 5.5662 -0.4930 18.3528 1.4385 0.9893
Car 0.0000 0.0000 0.0000 556.0000 176.0000 587.0000 195.0000 1.4730 1.5849 3.8297 -3.1721 1.6843 60.5926 1.2446 0.9840
Car 0.0000 0.0000 0.0000 608.0000 174.0000 629.0000 192.0000 1.5123 1.6081 3.7797 0.8309 1.5087 62.2864 1.5255 0.9764
