Car 0.0000 0.0000 0.0000 579.0000 180.0000 701.0000 299.0000 1.6000 1.6259 3.4322 0.4113 1.7002 11.4365 1.5708 0.9998
Car 0.0000 0.0000 0.0000 819.0000 175.0000 1109.0000 370.0000 1.6867 1.6969 4.1317 4.2322 1.7110 8.3121 -0.7696 0.9998
Car 0.0000 0.0000 0.0000 171.0000 190.0000 304.0000 251.0000 1.5087 1.6552 4.0325 -10.4193 1.9952 20.5077 1.5708 0.9998
Car 0.0000 0.0000 0.0000 688.0000 169.0000 804.0000 220.0000 1.7339 1.7335 4.3607 5.0219 1.5546 26.0838 -0.6870 0.9997
Car 0.0000 0.0000 0.0000 382.0000 183.0000 440.0000 216.0000 1.5112 1.7293 4.5033 -10.0268 2.0081 36.7956 1.5708 0.9994
Car 0.0000 0.0000 0.0000 -116.0000 185.0000 158.0000 293.0000 1.6547 1.7198 4.2003 -10.6464 1.8858 13.4681 1.5673 0.9991
Car 0.0000 0.0000 0.0000 466.0000 177.0000 504.0000 200.0000 1.6011 1.7522 4.4206 -9.1548 1.8578 53.5956 1.5708 0.9986
Car 0.0000 0.0000 0.0000 671.0000 171.0000 731.0000 202.0000 1.4884 1.6583 3.8199 4.7943 1.3731 37.1474 -1.0248 0.9970
Car 0.0000 0.0000 0.0000 280.0000 176.0000 340.0000 208.0000 1.4949 1.5767 3.6843 -14.7000 1.6184 35.5454 1.5224 0.9967
Car 0.0000 0.0000 0.0000 421.0000 179.0000 463.0000 209.0000 1.6882 1.6204 3.8750 -9.8988 1.9987 42.9163 1.5571 0.9962
Car 0.0000 0.0000 0.0000 -1814.0000 198.0000 -1090.0000 351.0000 1.6374 1.6659 3.9177 -28.0048 2.0151 10.1070 0.8385 0.9950
Car 0.0000 0.0000 0.0000 -2140.0000 -1560.0000 2318.0000 1313.0000 2.3955 1.9450 5.2369 4.4226 1.4527 1.1012 -1.0152 0.9891
Car 0.0000 0.0000 0.0000 -1128.0000 175.0000 -153.0000 455.0000 1.8298 1.7958 4.4210 -10.6709 1.8661 6.9752 1.5597 0.9790
Car 0.0000 0.0000 0.0000 522.0000 179.0000 544.0000 195.0000 1.4824 1.6522 3.8017 -6.8777 1.9034 65.6116 1.5531 0.9757
Car 0.0000 0.0000 0.0000 -252.0000 190.0000 10.0000 274.0000 1.4431 1.5632 3.7070 -14.7768 1.8094 14.8439 1.5708 0.9738
