Car 0.0000 0.0000 0.0000 142.0000 191.0000 284.0000 256.0000 1.4701 1.6115 3.9851 -10.4015 1.9596 19.1919 1.5632 0.9999
Car 0.0000 0.0000 0.0000 377.0000 181.0000 439.0000 214.0000 1.5321 1.6856 4.4614 -9.8255 1.8779 35.5424 1.5708 0.9997
Car 0.0000 0.0000 0.0000 573.0000 180.0000 710.0000 307.0000 1.5506 1.6827 3.5429 0.3468 1.6558 10.6785 1.5635 0.9996
Car 0.0000 0.0000 0.0000 691.0000 169.0000 812.0000 223.0000 1.7135 1.7154 4.2590 4.9589 1.5577 24.8264 -0.6579 0.9995
Car 0.0000 0.0000 0.0000 862.0000 175.0000 1187.0000 415.0000 1.6590 1.6813 4.1026 4.2167 1.6896 7.0503 -0.7698 0.9993
Car 0.0000 0.0000 0.0000 416.0000 180.0000 462.0000 208.0000 1.5632 1.6251 4.1420 -9.8002 1.9078 41.7689 1.5708 0.9986
Car 0.0000 0.0000 0.0000 -206.0000 186.0000 117.0000 311.0000 1.6927 1.7150 4.1570 -10.6500 1.9286 12.1895 1.5657 0.9984
Car 0.0000 0.0000 0.0000 462.0000 179.0000 507.0000 201.0000 1.5092 1.6841 4.1201 -8.9234 1.8992 52.0200 -1.3107 0.9981
Car 0.0000 0.0000 0.0000 266.0000 173.0000 337.0000 207.0000 1.4895 1.6172 3.8145 -14.5461 1.4844 34.2892 1.5708 0.9978
Car 0.0000 0.0000 0.0000 673.0000 172.0000 746.0000 208.0000 1.7053 1.6772 3.9643 5.0629 1.6087 35.9447 -0.8459 0.9957
Car 0.0000 0.0000 0.0000 -2263.0000 199.0000 -1251.0000 383.0000 1.6344 1.7130 4.1352 -27.9662 1.9996 8.9381 0.8565 0.9916
Car 0.0000 0.0000 0.0000 659.0000 168.0000 728.0000 203.0000 1.8981 1.8039 4.5552 5.0646 1.5965 42.4326 -0.8671 0.9833
Car 0.0000 0.0000 0.0000 -1643.0000 -856.0000 4646.0000 1059.0000 1.6920 1.6879 3.7592 4.8954 1.4760 0.0747 -0.9938 0.9741
Car 0.0000 0.0000 0.0000 544.0000 175.0000 577.0000 203.0000 1.5244 1.6315 3.6297 -2.8229 1.5837 41.6200 1.4289 0.9734
Car 0.0000 0.0000 0.0000 -252.0000 187.0000 -8.0000 273.0000 1.4504 1.5703 3.7305 -14.7741 1.7478 14.6622 1.4015 0.9686
