Car 0.0000 0.0000 0.0000 118.0000 186.0000 337.0000 304.0000 1.6069 1.7185 4.0613 -6.2351 1.8480 12.2863 1.5290 0.9999
Car 0.0000 0.0000 0.0000 512.0000 179.0000 551.0000 212.0000 1.5192 1.7144 4.1765 -3.8861 1.8066 36.6534 1.5219 0.9998
Car 0.0000 0.0000 0.0000 299.0000 181.0000 416.0000 257.0000 1.7576 1.7180 4.1045 -6.4736 1.9433 18.9439 1.5500 0.9997
Car 0.0000 0.0000 0.0000 631.0000 177.0000 656.0000 199.0000 1.4876 1.6464 3.8682 2.4480 1.6979 51.2794 1.5708 0.9996
Car 0.0000 0.0000 0.0000 484.0000 183.0000 519.0000 209.0000 1.4609 1.6323 4.0045 -6.5918 2.0473 44.5804 1.5643 0.9991
Car 0.0000 0.0000 0.0000 979.0000 185.0000 33069.0000 17266.0000 1.5871 1.6301 3.9331 2.8606 1.6439 2.0395 1.5618 0.9988
Car 0.0000 0.0000 0.0000 858.0000 156.0000 900.0000 180.0000 1.7331 1.7120 3.8653 20.4399 0.4063 54.5450 1.5708 0.9967
Car 0.0000 0.0000 0.0000 415.0000 185.0000 475.0000 224.0000 1.4360 1.6728 4.1386 -6.6323 1.9162 29.4276 1.5250 0.9953
Car 0.0000 0.0000 0.0000 539.0000 180.0000 565.0000 203.0000 1.5017 1.5897 3.9215 -3.9216 1.9335 49.5769 1.4500 0.9950
Car 0.0000 0.0000 0.0000 696.0000 168.0000 776.0000 196.0000 1.6665 1.7035 4.5912 7.7757 1.3330 44.3070 0.0288 0.9919
Car 0.0000 0.0000 0.0000 680.0000 173.0000 706.0000 194.0000 1.5041 1.6394 3.5733 6.3500 1.4488 54.6166 1.5708 0.9916
Car 0.0000 0.0000 0.0000 1137.0000 148.0000 1390.0000 225.0000 1.7251 1.6975 4.5241 16.1513 1.1649 18.1272 0.6884 0.9890
Car 0.0000 0.0000 0.0000 -1877.0000 240.0000 -11.0000 882.0000 1.4213 1.6888 4.0713 -6.1278 1.9722 4.0357 1.5645 0.9750
Car 0.0000 0.0000 0.0000 422.0000 178.0000 471.0000 198.0000 1.5654 1.5499 3.6106 -13.1399 1.9038 58.3430 0.3137 0.9711
