Car 0.0000 0.0000 0.0000 363.0000 191.0000 502.0000 291.0000 1.4532 1.6182 3.7728 -2.9974 1.7929 12.8516 1.5515 0.9999
Car 0.0000 0.0000 0.0000 -145.0000 205.0000 409.0000 531.0000 1.4375 1.6728 4.1542 -2.9793 1.7609 5.6309 1.5449 0.9998
Car 0.0000 0.0000 0.0000 -229.0000 204.0000 233.0000 414.0000 1.4518 1.6103 3.7368 -5.6476 1.8261 7.3454 1.5577 0.9997
Car 0.0000 0.0000 0.0000 676.0000 171.0000 871.0000 248.0000 1.6269 1.6731 4.0731 3.6128 1.5924 16.4671 0.0107 0.9997
Car 0.0000 0.0000 0.0000 641.0000 171.0000 761.0000 220.0000 1.5613 1.6551 3.8916 3.0388 1.4997 24.3302 0.0695 0.9996
Car 0.0000 0.0000 0.0000 715.0000 149.0000 1061.0000 287.0000 1.7999 1.7642 4.3636 3.8427 1.4898 10.5416 -0.0150 0.9994
Car 0.0000 0.0000 0.0000 292.0000 189.0000 411.0000 261.0000 1.4443 1.5420 3.2043 -5.8162 1.8177 16.5362 1.5708 0.9993
Car 0.0000 0.0000 0.0000 463.0000 132.0000 551.0000 241.0000 3.0022 2.1090 6.0153 -3.0801 1.8736 23.0230 1.5445 0.9985
Car 0.0000 0.0000 0.0000 526.0000 149.0000 568.0000 201.0000 2.3303 1.8977 5.2489 -2.9925 1.2414 35.3625 1.5029 0.9968
Car 0.0000 0.0000 0.0000 626.0000 179.0000 659.0000 207.0000 1.5215 1.5589 3.4236 1.9290 1.8109 41.7047 1.5184 0.9964
Car 0.0000 0.0000 0.0000 342.0000 188.0000 454.0000 244.0000 1.4261 1.5335 3.6408 -5.9549 1.8538 20.6867 -1.3627 0.9906
Car 0.0000 0.0000 0.0000 612.0000 175.0000 645.0000 199.0000 1.4730 1.5715 3.5704 1.2636 1.5565 46.8832 1.4268 0.9728
