Car 0.0000 0.0000 0.0000 429.0000 187.0000 503.0000 231.0000 1.4387 1.6215 3.6132 -5.1255 1.9237 26.1263 -1.4673 0.9999
Car 0.0000 0.0000 0.0000 -317.0000 203.0000 -192.0000 261.0000 1.5058 1.5863 3.3880 -26.0560 2.4396 21.7932 0.9588 0.9988
Car 0.0000 0.0000 0.0000 -562.0000 208.0000 -334.0000 304.0000 1.5228 1.6345 4.0584 -21.1809 2.2921 14.6083 0.8523 0.9988
Car 0.0000 0.0000 0.0000 675.0000 177.0000 698.0000 194.0000 1.4406 1.6322 3.6048 7.0644 1.7571 65.3767 1.5536 0.9982
Car 0.0000 0.0000 0.0000 -1274.0000 204.0000 -542.0000 415.0000 1.7155 1.7656 4.4221 -17.1307 2.1452 8.6596 0.9799 0.9979
Car 0.0000 0.0000 0.0000 550.0000 178.0000 581.0000 206.0000 1.6344 1.6613 4.1445 -2.6830 1.8843 43.9988 1.4524 0.9956
Car 0.0000 0.0000 0.0000 568.0000 180.0000 602.0000 200.0000 1.4768 1.5674 3.9016 -1.8467 1.9806 57.3311 -1.3028 0.9933
Car 0.0000 0.0000 0.0000 893.0000 169.0000 950.0000 190.0000 1.5054 1.5500 3.5935 23.3113 1.1441 53.7557 0.1506 0.9836
Car 0.0000 0.0000 0.0000 3516.0000 -985.0000 59836.0000 4468.0000 1.6151 1.6295 3.9030 16.0518 1.2826 1.9378 0.5626 0.9722
Car 0.0000 0.0000 0.0000 751.0000 172.0000 776.0000 189.0000 1.4480 1.5648 3.8827 13.6470 1.3102 63.6151 1.5708 0.9650
Car 0.0000 0.0000 0.0000 708.0000 176.0000 736.0000 195.0000 1.4977 1.5984 3.7532 9.0859 1.6618 57.7810 1.5674 0.9640
