Car 0.0000 0.0000 0.0000 760.0000 182.0000 1020.0000 339.0000 1.5133 1.6326 4.0727 3.1577 1.6282 9.1211 1.5550 0.9999
Car 0.0000 0.0000 0.0000 697.0000 185.0000 789.0000 250.0000 1.5152 1.5862 3.7521 3.3914 1.8207 18.9779 1.5309 0.9999
Car 0.0000 0.0000 0.0000 399.0000 188.0000 482.0000 239.0000 1.4995 1.6778 4.1101 -5.6049 2.0175 24.3543 1.5708 0.9999
Car 0.0000 0.0000 0.0000 254.0000 193.0000 397.0000 279.0000 1.5096 1.6083 3.6892 -5.8314 1.9502 15.2056 1.5553 0.9999
Car 0.0000 0.0000 0.0000 -46.0000 202.0000 308.0000 368.0000 1.5479 1.7719 4.1510 -5.7828 1.9903 9.3880 1.5708 0.9999
Car 0.0000 0.0000 0.0000 656.0000 182.0000 701.0000 216.0000 1.4882 1.5759 3.6234 3.1484 1.8538 33.1835 1.5371 0.9997
Car 0.0000 0.0000 0.0000 674.0000 185.0000 739.0000 232.0000 1.4588 1.5841 3.7635 3.2418 1.8390 24.6547 1.5341 0.9995
Car 0.0000 0.0000 0.0000 968.0000 55.0000 1361.0000 260.0000 2.6656 2.0442 5.6218 8.6511 1.1336 12.2036 1.5115 0.9995
Car 0.0000 0.0000 0.0000 914.0000 197.0000 2556.0000 986.0000 1.5076 1.6497 4.0626 3.2010 1.6816 3.5346 1.5419 0.9994
Car 0.0000 0.0000 0.0000 532.0000 180.0000 577.0000 197.0000 1.4981 1.5632 3.6089 -4.7529 2.0105 63.3028 0.4318 0.9933
Car 0.0000 0.0000 0.0000 1376.0000 136.0000 2349.0000 411.0000 1.6044 1.6182 3.9636 8.2682 1.4063 5.0928 0.0150 0.9884
Car 0.0000 0.0000 0.0000 486.0000 181.0000 524.0000 210.0000 1.4608 1.5502 3.7341 -5.6432 1.8569 39.4071 1.5708 0.9877
Car 0.0000 0.0000 0.0000 2237.0000 72.0000 5380.0000 815.0000 1.5428 1.5659 3.6350 8.7945 1.3376 2.3439 -0.0268 0.9776
Car 0.0000 0.0000 0.0000 648.0000 178.0000 695.0000 207.0000 1.4854 1.5188 3.4949 3.3026 1.6946 38.6548 1.3637 0.9761
