Car 0.0000 0.0000 0.0000 595.0000 185.0000 687.0000 269.0000 1.4742 1.6376 3.5583 0.5517 1.7295 14.7911 1.5708 0.9999
Car 0.0000 0.0000 0.0000 714.0000 179.0000 865.0000 247.0000 1.6404 1.6825 4.3257 4.9977 1.7912 19.7047 -0.6594 0.9998
Car 0.0000 0.0000 0.0000 335.0000 190.0000 411.0000 231.0000 1.5301 1.6830 4.2118 -9.8599 2.2273 30.3609 1.5708 0.9997
Car 0.0000 0.0000 0.0000 473.0000 186.0000 526.0000 217.0000 1.5183 1.8026 4.2612 -5.8700 2.2218 39.0434 -1.4570 0.9995
Car 0.0000 0.0000 0.0000 682.0000 181.0000 772.0000 223.0000 1.6172 1.6438 4.0571 5.0959 1.9589 30.8792 -0.7433 0.9994
Car 0.0000 0.0000 0.0000 206.0000 187.0000 291.0000 227.0000 1.4928 1.6242 3.6847 -14.6297 2.0319 29.3892 1.5708 0.9993
Car 0.0000 0.0000 0.0000 -178.0000 208.0000 179.0000 366.0000 1.4302 1.5856 3.4261 -7.2027 1.9339 8.9666 1.5589 0.9989
Car 0.0000 0.0000 0.0000 382.0000 188.0000 444.0000 222.0000 1.5724 1.6391 4.3511 -9.9297 2.3144 36.8217 -1.4761 0.9988
Car 0.0000 0.0000 0.0000 449.0000 186.0000 489.0000 211.0000 1.4821 1.5982 4.1403 -9.0573 2.3005 47.0503 1.5708 0.9967
Car 0.0000 0.0000 0.0000 664.0000 179.0000 749.0000 213.0000 1.6368 1.7022 4.2783 5.0846 1.8996 37.3439 -0.5840 0.9952
Car 0.0000 0.0000 0.0000 -22.0000 197.0000 184.0000 285.0000 1.4348 1.5327 3.5658 -10.3459 1.9494 14.3996 1.5674 0.9903
Car 0.0000 0.0000 0.0000 1500.0000 176.0000 19710.0000 9216.0000 1.5323 1.6352 3.9657 4.0921 1.5553 2.0768 -0.7578 0.9847
Car 0.0000 0.0000 0.0000 320.0000 185.0000 378.0000 213.0000 1.4505 1.6309 3.9308 -14.2123 2.0618 39.5197 1.5708 0.9651
