Car 0.0000 0.0000 0.0000 741.0000 187.0000 860.0000 267.0000 1.4837 1.5583 3.5192 4.0305 1.8033 15.7627 1.5426 0.9999
Car 0.0000 0.0000 0.0000 796.0000 189.0000 1026.0000 327.0000 1.5001 1.6223 3.9391 3.8822 1.7383 10.0904 1.5708 0.9999
Car 0.0000 0.0000 0.0000 462.0000 186.0000 526.0000 232.0000 1.4740 1.6471 3.9162 -4.0889 1.9329 26.0289 1.5708 0.9999
Car 0.0000 0.0000 0.0000 714.0000 184.0000 799.0000 242.0000 1.4968 1.6181 3.8286 4.1615 1.8093 20.9492 1.5618 0.9999
Car 0.0000 0.0000 0.0000 936.0000 84.0000 2872.0000 1076.0000 2.0069 1.7996 4.6777 3.7144 1.8457 3.8184 1.5520 0.9998
Car 0.0000 0.0000 0.0000 699.0000 182.0000 763.0000 227.0000 1.5227 1.6233 3.6175 4.3955 1.8121 26.4469 1.5505 0.9994
Car 0.0000 0.0000 0.0000 564.0000 183.0000 589.0000 204.0000 1.4422 1.6338 3.9326 -2.3223 2.1192 53.1989 1.5708 0.9988
Car 0.0000 0.0000 0.0000 519.0000 184.0000 555.0000 215.0000 1.4602 1.6467 4.1553 -3.6248 2.0031 36.8801 1.5145 0.9987
Car 0.0000 0.0000 0.0000 691.0000 183.0000 737.0000 219.0000 1.4400 1.5547 3.7943 4.5235 1.8466 31.4680 1.5708 0.9915
Car 0.0000 0.0000 0.0000 499.0000 186.0000 551.0000 224.0000 1.4885 1.5523 3.8249 -3.6667 2.0648 31.8215 1.5708 0.9731
Car 0.0000 0.0000 0.0000 393.0000 176.0000 473.0000 209.0000 1.5672 1.5692 3.6145 -8.7505 1.7082 35.9803 -0.0060 0.9622
