Car 0.0000 0.0000 0.0000 56.0000 183.0000 315.0000 273.0000 1.5411 1.6147 3.9223 -7.8937 1.7440 13.6011 -0.0122 0.9997
Car 0.0000 0.0000 0.0000 456.0000 186.0000 488.0000 210.0000 1.5881 1.6579 3.3146 -9.7346 2.4780 51.0992 1.2155 0.9995
Car 0.0000 0.0000 0.0000 188.0000 180.0000 350.0000 250.0000 1.6534 1.5831 3.4877 -8.6272 1.8336 18.4684 -0.2103 0.9994
Car 0.0000 0.0000 0.0000 737.0000 183.0000 975.0000 281.0000 1.5295 1.5635 3.5271 4.0890 1.7049 12.3802 -0.0149 0.9992
Car 0.0000 0.0000 0.0000 -323.0000 176.0000 148.0000 331.0000 1.5940 1.6253 3.9399 -7.8951 1.6388 8.3681 0.0123 0.9987
Car 0.0000 0.0000 0.0000 242.0000 188.0000 372.0000 255.0000 1.7276 1.6248 3.5644 -8.7428 2.1710 21.1112 -1.2880 0.9980
Car 0.0000 0.0000 0.0000 712.0000 193.0000 893.0000 276.0000 1.5106 1.4980 3.3163 3.9481 1.9327 14.8936 -0.3014 0.9938
Car 0.0000 0.0000 0.0000 135.0000 182.0000 322.0000 263.0000 1.5868 1.5544 3.3184 -8.4038 1.7752 16.0517 -0.9467 0.9898
Car 0.0000 0.0000 0.0000 1049.0000 183.0000 1096.0000 219.0000 1.4588 1.6109 3.5961 20.8703 1.9050 32.3292 -0.9564 0.9836
Car 0.0000 0.0000 0.0000 1351.0000 179.0000 6987.0000 1723.0000 1.5217 1.5901 3.8465 4.3198 1.5540 1.5353 0.0175 0.9635
