Car 0.0000 0.0000 0.0000 243.0000 188.0000 488.0000 340.0000 1.5173 1.7197 4.3079 -2.9439 1.7408 9.6470 1.5708 0.9998
Car 0.0000 0.0000 0.0000 490.0000 180.0000 543.0000 229.0000 1.5074 1.5551 3.3989 -3.1002 1.7366 24.5844 1.5146 0.9998
Car 0.0000 0.0000 0.0000 739.0000 191.0000 951.0000 339.0000 1.5428 1.6002 3.6173 2.8715 1.8075 9.6687 1.5581 0.9998
Car 0.0000 0.0000 0.0000 402.0000 182.0000 508.0000 263.0000 1.5304 1.5760 3.5928 -3.2512 1.7207 15.7049 1.5574 0.9998
Car 0.0000 0.0000 0.0000 664.0000 184.0000 717.0000 224.0000 1.4364 1.6056 4.0959 3.2072 1.8795 29.1487 1.5587 0.9998
Car 0.0000 0.0000 0.0000 909.0000 190.0000 3426.0000 1474.0000 1.6177 1.6337 4.0706 2.9023 1.7265 2.9938 1.5587 0.9997
Car 0.0000 0.0000 0.0000 690.0000 188.0000 811.0000 273.0000 1.4874 1.6505 4.1598 2.7653 1.8031 15.0950 1.5564 0.9995
Car 0.0000 0.0000 0.0000 648.0000 179.0000 677.0000 204.0000 1.5927 1.7199 3.8823 3.6375 1.9758 49.3296 1.5708 0.9991
Car 0.0000 0.0000 0.0000 522.0000 176.0000 569.0000 212.0000 1.4565 1.5766 3.8953 -2.7535 1.5692 31.7843 1.5708 0.9927
Car 0.0000 0.0000 0.0000 641.0000 165.0000 670.0000 197.0000 2.5305 2.0017 5.3406 3.9633 1.8466 61.4799 1.5487 0.9899
