Car 0.0000 0.0000 0.0000 720.0000 174.0000 863.0000 274.0000 1.5783 1.6424 3.9573 3.2005 1.6052 13.5117 1.5634 0.9999
Car 0.0000 0.0000 0.0000 682.0000 183.0000 752.0000 234.0000 1.4797 1.5801 3.7496 3.3955 1.8047 23.4299 1.5361 0.9999
Car 0.0000 0.0000 0.0000 343.0000 188.0000 440.0000 254.0000 1.5694 1.6085 3.5876 -5.8401 1.9860 19.6401 1.5610 0.9999
Car 0.0000 0.0000 0.0000 197.0000 199.0000 390.0000 300.0000 1.5186 1.7491 4.1567 -5.8045 2.0532 13.7795 1.5708 0.9999
Car 0.0000 0.0000 0.0000 432.0000 184.0000 506.0000 230.0000 1.6724 1.7252 4.2322 -5.5331 2.0777 28.9216 -1.4612 0.9998
Car 0.0000 0.0000 0.0000 784.0000 186.0000 1112.0000 378.0000 1.5390 1.6408 3.8938 3.2606 1.6919 7.9315 1.5336 0.9997
Car 0.0000 0.0000 0.0000 -517.0000 216.0000 180.0000 499.0000 1.4462 1.7071 4.1139 -5.8865 1.9326 6.3221 1.5628 0.9991
Car 0.0000 0.0000 0.0000 649.0000 180.0000 689.0000 211.0000 1.5005 1.5875 3.7659 3.1133 1.8267 37.7416 1.5208 0.9985
Car 0.0000 0.0000 0.0000 1030.0000 151.0000 1447.0000 279.0000 1.5529 1.6287 4.1268 8.2123 1.2950 9.7144 0.0233 0.9976
Car 0.0000 0.0000 0.0000 667.0000 180.0000 722.0000 220.0000 1.4922 1.5877 3.9273 3.3748 1.7586 29.1337 1.5229 0.9973
Car 0.0000 0.0000 0.0000 1260.0000 137.0000 1885.0000 325.0000 1.5523 1.5817 3.7612 8.7890 1.2669 6.8545 0.0137 0.9949
Car 0.0000 0.0000 0.0000 884.0000 95.0000 1102.0000 222.0000 2.4684 2.0054 5.4220 8.5270 0.9528 16.7798 1.5338 0.9939
Car 0.0000 0.0000 0.0000 500.0000 184.0000 534.0000 210.0000 1.4813 1.6076 3.8511 -5.5450 2.0799 43.9629 1.5568 0.9906
