Car 0.0000 0.0000 0.0000 328.0000 181.0000 438.0000 246.0000 1.6746 1.7284 4.1142 -6.4544 1.8937 20.9869 1.5708 0.9999
Car 0.0000 0.0000 0.0000 586.0000 182.0000 655.0000 248.0000 1.6326 1.6863 3.5840 0.2072 1.8586 19.8719 1.5311 0.9997
Car 0.0000 0.0000 0.0000 -110.0000 195.0000 170.0000 298.0000 1.5092 1.7714 4.3660 -10.4912 1.9608 13.5137 1.5708 0.9997
Car 0.0000 0.0000 0.0000 147.0000 179.0000 288.0000 253.0000 1.8091 1.7144 4.0476 -10.6052 1.9659 19.8216 1.5585 0.9996
Car 0.0000 0.0000 0.0000 689.0000 174.0000 829.0000 239.0000 1.6604 1.6673 4.0853 4.3231 1.6855 20.5743 -0.6625 0.9994
Car 0.0000 0.0000 0.0000 491.0000 181.0000 542.0000 211.0000 1.5046 1.7065 4.3473 -4.9076 1.8834 38.7192 -1.4456 0.9992
Car 0.0000 0.0000 0.0000 454.0000 180.0000 492.0000 207.0000 1.5290 1.6336 4.0796 -8.0548 1.9070 42.9279 1.5413 0.9988
Car 0.0000 0.0000 0.0000 652.0000 176.0000 673.0000 193.0000 1.4290 1.6363 3.8366 4.6031 1.5917 61.9599 1.5708 0.9976
Car 0.0000 0.0000 0.0000 753.0000 178.0000 933.0000 274.0000 1.6190 1.5819 3.6340 4.6203 1.7248 14.1152 -0.6645 0.9976
Car 0.0000 0.0000 0.0000 92.0000 181.0000 197.0000 231.0000 1.4587 1.5846 3.7424 -14.8585 1.7031 23.1963 1.3693 0.9808
Car 0.0000 0.0000 0.0000 1342.0000 90.0000 2784.0000 1109.0000 1.6914 1.6625 3.9895 4.6013 1.5534 3.0753 -0.6659 0.9730
