Car 0.0000 0.0000 0.0000 736.0000 186.0000 845.0000 261.0000 1.5071 1.5794 3.3682 4.0750 1.8159 16.7606 1.5450 0.9999
Car 0.0000 0.0000 0.0000 711.0000 183.0000 792.0000 239.0000 1.5192 1.6324 3.8030 4.2110 1.8233 21.9412 1.5503 0.9998
Car 0.0000 0.0000 0.0000 781.0000 189.0000 982.0000 312.0000 1.4821 1.6420 4.0482 3.8898 1.7508 11.1299 1.5708 0.9998
Car 0.0000 0.0000 0.0000 893.0000 74.0000 2025.0000 712.0000 2.1474 1.8500 4.8635 3.8325 1.8289 4.8820 1.5506 0.9997
Car 0.0000 0.0000 0.0000 467.0000 185.0000 531.0000 231.0000 1.5668 1.7000 4.0424 -4.0732 2.0124 27.2344 1.5708 0.9996
Car 0.0000 0.0000 0.0000 699.0000 184.0000 757.0000 228.0000 1.5099 1.5980 3.6773 4.4615 1.9228 27.4969 1.5654 0.9995
Car 0.0000 0.0000 0.0000 568.0000 184.0000 590.0000 204.0000 1.4605 1.6312 3.8483 -2.2069 2.2009 54.2877 1.5472 0.9991
Car 0.0000 0.0000 0.0000 504.0000 187.0000 552.0000 224.0000 1.5669 1.6527 3.8990 -3.6422 2.1704 32.8381 1.5708 0.9960
Car 0.0000 0.0000 0.0000 525.0000 185.0000 561.0000 214.0000 1.4342 1.5888 4.0327 -3.4295 2.0082 37.8621 1.5462 0.9877
Car 0.0000 0.0000 0.0000 691.0000 178.0000 736.0000 214.0000 1.5240 1.6096 3.7858 4.6371 1.7055 32.4706 1.5708 0.9761
Car 0.0000 0.0000 0.0000 926.0000 177.0000 973.0000 203.0000 1.4499 1.5933 3.7719 20.0508 1.6554 42.4995 -1.3925 0.9622
