Car 0.0000 0.0000 0.0000 629.0000 179.0000 690.0000 234.0000 1.4740 1.5954 3.9344 1.5441 1.6189 21.1647 -1.4535 0.9995
Car 0.0000 0.0000 0.0000 239.0000 203.0000 378.0000 271.0000 1.3894 1.6172 3.8267 -7.4024 2.1396 17.5193 0.7309 0.9993
Car 0.0000 0.0000 0.0000 381.0000 153.0000 640.0000 314.0000 2.1964 1.9117 5.0620 -1.9467 1.9415 12.3355 0.8536 0.9993
Car 0.0000 0.0000 0.0000 311.0000 180.0000 405.0000 218.0000 1.5766 1.5795 3.7829 -11.5001 1.8953 33.1723 -0.8513 0.9992
Car 0.0000 0.0000 0.0000 123.0000 193.0000 175.0000 237.0000 1.5348 1.6174 4.1097 -18.3127 2.3406 28.6392 1.0018 0.9987
Car 0.0000 0.0000 0.0000 714.0000 179.0000 802.0000 239.0000 1.4744 1.5963 4.1325 3.9326 1.6091 19.7136 1.5708 0.9982
Car 0.0000 0.0000 0.0000 -170.0000 197.0000 -89.0000 233.0000 1.5177 1.6086 4.0383 -35.0771 2.6644 34.2539 1.0614 0.9968
Car 0.0000 0.0000 0.0000 269.0000 183.0000 305.0000 215.0000 1.5392 1.6109 4.0903 -16.7067 2.0157 37.4252 1.1662 0.9961
Car 0.0000 0.0000 0.0000 -373.0000 219.0000 -129.0000 390.0000 1.4368 1.6349 4.0269 -10.4681 2.0817 8.7694 0.6854 0.9864
Car 0.0000 0.0000 0.0000 43.0000 188.0000 73.0000 210.0000 1.5376 1.6352 3.6966 -41.0825 2.5806 53.7466 0.9495 0.9694
