Car 0.0000 0.0000 0.0000 724.0000 166.0000 802.0000 240.0000 1.9259 1.7832 4.6455 4.3886 1.7395 21.2230 -1.4529 0.9999
Car 0.0000 0.0000 0.0000 -116.0000 184.0000 327.0000 425.0000 1.7318 1.7282 4.0070 -4.5545 1.8590 7.3155 1.5626 0.9999
Car 0.0000 0.0000 0.0000 362.0000 188.0000 476.0000 262.0000 1.4611 1.5734 3.9173 -4.2942 1.8252 16.7689 1.5708 0.9998
Car 0.0000 0.0000 0.0000 244.0000 193.0000 421.0000 301.0000 1.4595 1.5544 3.6556 -4.4927 1.8309 12.1723 1.5708 0.9997
Car 0.0000 0.0000 0.0000 551.0000 179.0000 581.0000 206.0000 1.5117 1.6157 3.9561 -2.5625 1.8329 43.6256 1.5692 0.9982
Car 0.0000 0.0000 0.0000 703.0000 179.0000 751.0000 215.0000 1.5392 1.6086 3.7184 5.3504 1.7661 33.0265 1.5708 0.9936
Car 0.0000 0.0000 0.0000 605.0000 178.0000 622.0000 194.0000 1.5063 1.6083 3.9157 0.5441 1.9438 70.8541 1.5708 0.9913
Car 0.0000 0.0000 0.0000 712.0000 180.0000 762.0000 224.0000 1.5410 1.5852 3.9939 4.7642 1.7709 27.2317 -1.4622 0.9887
Car 0.0000 0.0000 0.0000 -8472.0000 226.0000 -29.0000 3358.0000 1.5686 1.6950 3.8068 -4.6681 1.8702 2.3259 1.5708 0.9852
Car 0.0000 0.0000 0.0000 -70.0000 179.0000 108.0000 241.0000 1.6171 1.6145 3.8910 -16.9160 1.7692 20.8527 -0.5926 0.9830
Car 0.0000 0.0000 0.0000 495.0000 176.0000 549.0000 198.0000 1.5260 1.5571 3.6929 -6.4659 1.7247 53.8512 0.1334 0.9751
Car 0.0000 0.0000 0.0000 709.0000 179.0000 747.0000 205.0000 1.6848 1.7099 4.2051 8.0846 2.0103 49.0507 1.5229 0.9723
Car 0.0000 0.0000 0.0000 880.0000 173.0000 905.0000 192.0000 1.5050 1.5697 3.7921 22.7474 1.4097 57.7398 -1.2726 0.9659
