Car 0.0000 0.0000 0.0000 827.0000 179.0000 923.0000 255.0000 1.5341 1.5776 3.2779 5.9387 1.6649 16.4651 -1.3662 0.9999
Car 0.0000 0.0000 0.0000 1016.0000 192.0000 1689.0000 521.0000 1.4669 1.5505 3.4243 4.4350 1.6323 5.1451 -1.4306 0.9999
Car 0.0000 0.0000 0.0000 360.0000 189.0000 550.0000 302.0000 1.4661 1.5831 3.9234 -2.3402 1.7456 11.8154 -1.3640 0.9998
Car 0.0000 0.0000 0.0000 594.0000 181.0000 651.0000 222.0000 1.5217 1.5835 3.6103 0.5948 1.8253 29.0436 -1.3418 0.9998
Car 0.0000 0.0000 0.0000 803.0000 181.0000 872.0000 236.0000 1.4984 1.5791 3.6149 6.8098 1.7218 21.8035 -1.3687 0.9997
Car 0.0000 0.0000 0.0000 553.0000 180.0000 633.0000 233.0000 1.5870 1.6652 4.0823 -0.4537 1.7817 23.7818 -1.3394 0.9997
Car 0.0000 0.0000 0.0000 663.0000 177.0000 700.0000 204.0000 1.5353 1.6065 3.6642 4.4205 1.7069 43.1598 -1.3068 0.9995
Car 0.0000 0.0000 0.0000 743.0000 175.0000 777.0000 197.0000 1.5556 1.6346 3.6157 11.0748 1.6465 52.5189 -1.1209 0.9977
Car 0.0000 0.0000 0.0000 621.0000 179.0000 671.0000 210.0000 1.4695 1.5581 3.6734 1.8984 1.7347 36.0110 -1.2521 0.9958
Car 0.0000 0.0000 0.0000 779.0000 181.0000 840.0000 223.0000 1.5295 1.6089 4.1141 7.8296 1.8010 28.4282 -1.4693 0.9940
Car 0.0000 0.0000 0.0000 -398.0000 189.0000 -194.0000 245.0000 1.4682 1.5306 3.4694 -26.8699 1.9451 21.4858 -1.3408 0.9773
Car 0.0000 0.0000 0.0000 511.0000 140.0000 556.0000 171.0000 1.5513 1.5674 3.9267 -4.0360 -0.2096 39.1799 -1.4454 0.9771
Car 0.0000 0.0000 0.0000 777.0000 173.0000 821.0000 206.0000 1.5746 1.6158 3.7392 9.4702 1.5528 36.1345 -1.4514 0.9753
Car 0.0000 0.0000 0.0000 -5054.0000 -3673.0000 18704.0000 1282.0000 1.5529 1.6310 4.4283 -5.5946 1.5025 1.7431 -0.6805 0.9678
Car 0.0000 0.0000 0.0000 827.0000 170.0000 853.0000 193.0000 1.4966 1.5654 3.8328 15.8888 1.2333 49.6175 -1.2899 0.9619
