Car 0.0000 0.0000 0.0000 465.0000 175.0000 542.0000 233.0000 1.6915 1.7037 4.3177 -3.2856 1.7312 23.0791 1.5708 0.9999
Car 0.0000 0.0000 0.0000 730.0000 184.0000 938.0000 326.0000 1.5077 1.5992 3.8136 2.7438 1.6595 9.7582 1.5688 0.9998
Car 0.0000 0.0000 0.0000 685.0000 178.0000 790.0000 257.0000 1.4836 1.5667 3.9760 2.6064 1.5749 15.5722 1.5708 0.9998
Car 0.0000 0.0000 0.0000 822.0000 176.0000 1700.0000 672.0000 1.5796 1.6259 4.1742 2.6559 1.6095 4.3946 1.5708 0.9996
Car 0.0000 0.0000 0.0000 650.0000 177.0000 688.0000 212.0000 1.4753 1.5587 3.7200 2.6210 1.6089 32.0896 1.5708 0.9983
Car 0.0000 0.0000 0.0000 501.0000 185.0000 550.0000 221.0000 1.5006 1.5933 4.2032 -3.7506 2.0296 32.9459 1.5708 0.9983
Car 0.0000 0.0000 0.0000 630.0000 164.0000 662.0000 198.0000 2.2123 1.8610 4.6874 2.4863 1.5779 49.1803 1.5513 0.9920
Car 0.0000 0.0000 0.0000 666.0000 178.0000 731.0000 229.0000 1.5212 1.6113 4.1494 2.8459 1.6684 23.7940 1.5641 0.9873
Car 0.0000 0.0000 0.0000 680.0000 164.0000 705.0000 188.0000 1.7719 1.7043 3.9968 6.5473 1.0551 55.9872 -1.4000 0.9861
Car 0.0000 0.0000 0.0000 629.0000 180.0000 658.0000 207.0000 1.4856 1.5761 3.9958 2.1050 1.8575 42.6440 1.5708 0.9754
