Car 0.0000 0.0000 0.0000 -23.0000 170.0000 332.0000 310.0000 1.7502 1.6364 3.9408 -6.1595 1.7326 9.9519 0.0521 0.9996
Car 0.0000 0.0000 0.0000 288.0000 184.0000 456.0000 246.0000 1.4832 1.5457 3.7744 -6.0209 1.7573 18.4615 0.0460 0.9995
Car 0.0000 0.0000 0.0000 237.0000 171.0000 437.0000 253.0000 1.7150 1.6315 3.9002 -6.0855 1.6817 16.2040 0.1359 0.9994
Car 0.0000 0.0000 0.0000 -261.0000 181.0000 196.0000 347.0000 1.5476 1.5431 3.5304 -6.6519 1.6475 7.6703 0.0145 0.9988
Car 0.0000 0.0000 0.0000 671.0000 173.0000 772.0000 212.0000 1.5194 1.6353 4.0179 4.6276 1.5158 30.1217 0.0635 0.9986
Car 0.0000 0.0000 0.0000 1080.0000 144.0000 1393.0000 286.0000 2.1773 1.8926 4.7824 11.2089 1.7401 13.4983 1.5708 0.9979
Car 0.0000 0.0000 0.0000 132.0000 179.0000 369.0000 271.0000 1.5457 1.5562 3.5661 -6.4348 1.6539 13.0417 0.1067 0.9978
Car 0.0000 0.0000 0.0000 450.0000 179.0000 546.0000 212.0000 1.4881 1.6389 4.2371 -5.2525 1.7592 34.3409 0.0622 0.9970
Car 0.0000 0.0000 0.0000 993.0000 162.0000 1132.0000 222.0000 1.6339 1.6636 4.1195 13.4712 1.3224 21.7189 1.5708 0.9949
Car 0.0000 0.0000 0.0000 929.0000 167.0000 963.0000 191.0000 1.5146 1.5825 3.5326 22.6559 1.0946 48.3861 -1.2642 0.9901
Car 0.0000 0.0000 0.0000 952.0000 173.0000 1034.0000 209.0000 1.4923 1.5500 4.0218 17.0206 1.4601 32.1208 1.5708 0.9883
Car 0.0000 0.0000 0.0000 661.0000 162.0000 756.0000 199.0000 1.6458 1.6686 4.1872 4.5219 1.1215 33.2016 0.0412 0.9741
