Car 0.0000 0.0000 0.0000 569.0000 183.0000 643.0000 259.0000 1.6431 1.6382 3.4589 -0.0711 1.8928 17.7337 1.5708 0.9999
Car 0.0000 0.0000 0.0000 309.0000 197.0000 362.0000 227.0000 1.5313 1.6492 3.6152 -15.4824 2.8797 40.9019 1.5579 0.9998
Car 0.0000 0.0000 0.0000 67.0000 199.0000 235.0000 268.0000 1.5694 1.8054 4.5671 -12.5753 2.3494 20.1458 1.5644 0.9996
Car 0.0000 0.0000 0.0000 190.0000 203.0000 275.0000 244.0000 1.4743 1.6158 3.7445 -15.5758 2.7380 29.9692 1.5612 0.9993
Car 0.0000 0.0000 0.0000 -9.0000 208.0000 121.0000 262.0000 1.5169 1.6417 4.0869 -19.1232 2.8092 25.0855 1.5012 0.9987
Car 0.0000 0.0000 0.0000 911.0000 166.0000 967.0000 187.0000 1.7228 1.6382 4.1229 27.9230 1.0707 60.9872 0.3221 0.9946
Car 0.0000 0.0000 0.0000 255.0000 197.0000 307.0000 227.0000 1.5128 1.6014 4.1683 -19.0275 2.9190 41.9457 1.4381 0.9941
Car 0.0000 0.0000 0.0000 854.0000 166.0000 880.0000 191.0000 2.0950 1.8324 4.6646 22.9480 1.4432 63.8371 -1.1706 0.9717
Car 0.0000 0.0000 0.0000 382.0000 199.0000 407.0000 219.0000 1.4421 1.5889 4.2037 -17.8098 3.6250 60.0108 1.3865 0.9697
Car 0.0000 0.0000 0.0000 314.0000 182.0000 371.0000 203.0000 1.6572 1.6809 4.2841 -22.8432 2.4059 61.8138 0.0346 0.9646
