Car 0.0000 0.0000 0.0000 384.0000 191.0000 465.0000 245.0000 1.5229 1.6038 3.6346 -5.8588 2.1002 23.1523 1.5708 0.9998
Car 0.0000 0.0000 0.0000 473.0000 189.0000 521.0000 222.0000 1.5417 1.6308 4.1724 -5.6371 2.3138 36.6367 1.5708 0.9996
Car 0.0000 0.0000 0.0000 319.0000 195.0000 430.0000 264.0000 1.4522 1.5428 3.8378 -5.8320 2.0433 18.2393 1.5708 0.9994
Car 0.0000 0.0000 0.0000 430.0000 187.0000 493.0000 230.0000 1.5220 1.6267 4.2811 -5.8901 2.0972 29.1101 1.5708 0.9993
Car 0.0000 0.0000 0.0000 815.0000 161.0000 949.0000 210.0000 1.5741 1.6121 4.0166 9.3077 1.1754 24.7955 0.0362 0.9992
Car 0.0000 0.0000 0.0000 170.0000 197.0000 365.0000 301.0000 1.4622 1.5785 3.8969 -5.8638 1.9261 12.8340 1.5708 0.9992
Car 0.0000 0.0000 0.0000 807.0000 154.0000 930.0000 199.0000 1.6251 1.6450 4.0797 9.7960 0.9215 27.4496 0.0602 0.9984
Car 0.0000 0.0000 0.0000 656.0000 175.0000 695.0000 210.0000 1.6189 1.6371 3.9653 3.3142 1.7115 36.4560 1.5708 0.9962
Car 0.0000 0.0000 0.0000 1224.0000 152.0000 1393.0000 200.0000 1.5057 1.6088 3.9254 23.1937 0.8169 23.9831 0.0569 0.9946
Car 0.0000 0.0000 0.0000 779.0000 167.0000 889.0000 207.0000 1.5402 1.6704 4.0123 9.2505 1.2821 29.7809 0.7155 0.9863
Car 0.0000 0.0000 0.0000 667.0000 179.0000 713.0000 218.0000 1.5695 1.6335 4.2024 3.4039 1.7804 31.0245 1.5708 0.9796
Car 0.0000 0.0000 0.0000 1081.0000 145.0000 1209.0000 183.0000 1.6442 1.7501 4.3081 23.9448 0.3926 32.2922 0.0817 0.9709
