Car 0.0000 0.0000 0.0000 432.0000 184.0000 504.0000 233.0000 1.4229 1.5588 3.6331 -4.5093 1.7569 23.3559 1.5708 0.9998
Car 0.0000 0.0000 0.0000 251.0000 174.0000 339.0000 216.0000 1.5314 1.6615 4.2789 -12.4226 1.5447 28.7328 1.5661 0.9995
Car 0.0000 0.0000 0.0000 580.0000 178.0000 613.0000 209.0000 1.6426 1.6776 3.7574 -0.6493 1.8501 39.6283 1.5708 0.9994
Car 0.0000 0.0000 0.0000 265.0000 186.0000 445.0000 297.0000 1.5193 1.6281 4.1087 -4.1117 1.7518 12.2929 1.5698 0.9991
Car 0.0000 0.0000 0.0000 3.0000 180.0000 247.0000 282.0000 1.5263 1.6338 3.9931 -8.3397 1.6346 12.8422 1.5708 0.9989
Car 0.0000 0.0000 0.0000 382.0000 179.0000 440.0000 215.0000 1.4938 1.5790 3.5494 -8.6555 1.7205 31.7326 1.5689 0.9984
Car 0.0000 0.0000 0.0000 476.0000 179.0000 524.0000 212.0000 1.4160 1.5471 3.9947 -5.0132 1.6783 33.4989 1.5708 0.9981
Car 0.0000 0.0000 0.0000 261.0000 180.0000 372.0000 234.0000 1.4259 1.5432 3.8534 -8.4738 1.6073 21.1265 1.5708 0.9964
Car 0.0000 0.0000 0.0000 509.0000 179.0000 543.0000 205.0000 1.4492 1.5411 3.5843 -4.8818 1.7812 42.7938 1.5708 0.9943
Car 0.0000 0.0000 0.0000 365.0000 177.0000 411.0000 204.0000 1.5244 1.6033 3.7907 -12.7014 1.6851 41.6147 1.5390 0.9911
Car 0.0000 0.0000 0.0000 -444.0000 181.0000 -42.0000 303.0000 1.4870 1.5865 3.6833 -12.2716 1.6047 10.7404 1.5708 0.9693
Car 0.0000 0.0000 0.0000 55.0000 175.0000 194.0000 231.0000 1.5243 1.6201 3.9512 -14.4513 1.5771 21.7151 1.5311 0.9653
