Car 0.0000 0.0000 0.0000 160.0000 190.0000 309.0000 254.0000 1.5361 1.6913 4.4108 -10.4113 2.0349 20.3907 1.5708 0.9998
Car 0.0000 0.0000 0.0000 353.0000 186.0000 446.0000 243.0000 1.5470 1.6122 3.9122 -6.2619 1.9240 21.8501 1.5708 0.9997
Car 0.0000 0.0000 0.0000 590.0000 180.0000 655.0000 244.0000 1.5938 1.6246 3.6570 0.3401 1.7671 20.0256 1.5708 0.9996
Car 0.0000 0.0000 0.0000 281.0000 179.0000 367.0000 233.0000 1.8190 1.6173 3.8285 -10.4417 2.0263 26.6266 1.5708 0.9995
Car 0.0000 0.0000 0.0000 820.0000 168.0000 1075.0000 317.0000 1.6286 1.6387 4.0871 4.7149 1.5643 9.8242 -0.7238 0.9994
Car 0.0000 0.0000 0.0000 -48.0000 190.0000 123.0000 254.0000 1.4676 1.5401 3.4897 -15.0166 1.9369 19.0989 -1.4356 0.9990
Car 0.0000 0.0000 0.0000 676.0000 179.0000 760.0000 223.0000 1.5274 1.5995 3.6050 4.1838 1.7287 27.3654 -0.9156 0.9989
Car 0.0000 0.0000 0.0000 479.0000 183.0000 534.0000 213.0000 1.4930 1.6145 4.0454 -5.4020 1.9732 38.3875 -1.3645 0.9977
Car 0.0000 0.0000 0.0000 712.0000 178.0000 824.0000 235.0000 1.4741 1.5781 3.7083 4.6698 1.6177 20.9512 -0.8438 0.9971
Car 0.0000 0.0000 0.0000 555.0000 179.0000 581.0000 199.0000 1.5017 1.6220 3.9814 -3.1999 1.9239 57.6790 1.5708 0.9956
Car 0.0000 0.0000 0.0000 393.0000 181.0000 449.0000 214.0000 1.5954 1.6046 4.0731 -9.6635 1.9876 37.2704 1.5708 0.9888
Car 0.0000 0.0000 0.0000 56.0000 194.0000 157.0000 237.0000 1.5216 1.5862 3.8696 -20.4564 2.3969 29.4819 1.5120 0.9883
Car 0.0000 0.0000 0.0000 628.0000 174.0000 651.0000 194.0000 1.5125 1.6111 3.8932 2.5130 1.5422 58.2014 -1.4693 0.9793
Car 0.0000 0.0000 0.0000 495.0000 178.0000 529.0000 203.0000 1.6015 1.6322 4.0927 -6.7139 1.9178 50.1854 1.5708 0.9621
