Car 0.0000 0.0000 0.0000 712.0000 184.0000 881.0000 306.0000 1.5336 1.5872 3.7053 2.6423 1.7093 11.1123 1.5628 0.9999
Car 0.0000 0.0000 0.0000 770.0000 170.0000 1236.0000 479.0000 1.5949 1.6145 3.8009 2.4172 1.5958 5.6270 1.5708 0.9998
Car 0.0000 0.0000 0.0000 222.0000 184.0000 494.0000 361.0000 1.4840 1.6075 4.3065 -2.5643 1.6273 8.3890 1.5708 0.9998
Car 0.0000 0.0000 0.0000 663.0000 180.0000 716.0000 224.0000 1.5148 1.5959 4.1045 2.9241 1.7408 26.8974 1.5708 0.9998
Car 0.0000 0.0000 0.0000 392.0000 182.0000 539.0000 277.0000 1.4802 1.6288 4.2992 -2.5259 1.6509 13.5510 1.5708 0.9998
Car 0.0000 0.0000 0.0000 554.0000 180.0000 589.0000 209.0000 1.5477 1.6282 3.8757 -2.0551 1.8911 40.5602 1.5708 0.9996
Car 0.0000 0.0000 0.0000 649.0000 178.0000 687.0000 208.0000 1.5658 1.6297 4.1828 3.1993 1.7982 39.6109 1.5419 0.9992
Car 0.0000 0.0000 0.0000 637.0000 177.0000 663.0000 198.0000 1.5508 1.6150 3.7722 3.1783 1.7754 56.0994 1.5346 0.9978
Car 0.0000 0.0000 0.0000 443.0000 185.0000 528.0000 249.0000 1.4156 1.4992 3.6092 -3.0265 1.7045 18.0607 1.5695 0.9905
Car 0.0000 0.0000 0.0000 570.0000 177.0000 596.0000 198.0000 1.5199 1.6124 4.1931 -1.9392 1.7513 55.0463 1.5708 0.9838
