Car 0.0000 0.0000 0.0000 744.0000 182.0000 815.0000 246.0000 1.4906 1.5190 2.9130 4.2826 1.7114 18.4633 -1.4209 1.0000
Car 0.0000 0.0000 0.0000 878.0000 204.0000 1652.0000 704.0000 1.4373 1.5218 3.1750 2.6093 1.6595 3.8940 -1.4507 0.9999
Car 0.0000 0.0000 0.0000 398.0000 183.0000 567.0000 298.0000 1.4849 1.5881 3.9344 -1.8406 1.6442 11.4933 -1.4515 0.9998
Car 0.0000 0.0000 0.0000 -326.0000 192.0000 405.0000 612.0000 1.4941 1.5743 3.5581 -2.7706 1.6482 4.5176 -1.4703 0.9997
Car 0.0000 0.0000 0.0000 587.0000 173.0000 636.0000 212.0000 1.5434 1.6063 3.8703 0.1520 1.5366 30.9741 -1.4341 0.9997
Car 0.0000 0.0000 0.0000 726.0000 182.0000 790.0000 232.0000 1.4836 1.5383 3.3228 4.6872 1.7452 23.0858 1.5708 0.9994
Car 0.0000 0.0000 0.0000 610.0000 167.0000 654.0000 201.0000 1.7474 1.6922 4.3034 1.3096 1.4104 39.0265 -1.3875 0.9976
Car 0.0000 0.0000 0.0000 708.0000 177.0000 730.0000 197.0000 1.4424 1.5787 3.9508 8.4723 1.6883 55.1540 -1.4077 0.9976
Car 0.0000 0.0000 0.0000 429.0000 174.0000 543.0000 222.0000 1.5783 1.5854 3.6048 -4.2684 1.6054 25.1501 0.1082 0.9970
Car 0.0000 0.0000 0.0000 528.0000 165.0000 602.0000 197.0000 1.7892 1.6522 4.1051 -2.5369 1.3171 42.4814 0.1396 0.9717
