Car 0.0000 0.0000 0.0000 425.0000 179.0000 510.0000 238.0000 1.4711 1.6037 3.6940 -3.8584 1.6286 20.0532 1.5708 0.9999
Car 0.0000 0.0000 0.0000 304.0000 172.0000 401.0000 226.0000 1.5693 1.6846 3.9308 -8.1810 1.5427 23.2664 1.5708 0.9998
Car 0.0000 0.0000 0.0000 498.0000 171.0000 547.0000 207.0000 1.5024 1.5900 4.2556 -3.8019 1.4045 32.3332 1.5708 0.9997
Car 0.0000 0.0000 0.0000 -59.0000 188.0000 413.0000 466.0000 1.5606 1.6968 4.1500 -3.1571 1.7219 6.3119 1.5559 0.9997
Car 0.0000 0.0000 0.0000 570.0000 178.0000 613.0000 220.0000 1.6265 1.6758 3.7252 -0.7180 1.8263 30.5065 1.5670 0.9996
Car 0.0000 0.0000 0.0000 -79.0000 180.0000 208.0000 298.0000 1.4717 1.5723 3.7602 -7.9768 1.5773 10.9798 1.5622 0.9948
Car 0.0000 0.0000 0.0000 381.0000 184.0000 448.0000 222.0000 1.4544 1.5520 3.6895 -8.0165 1.8682 29.9290 1.5708 0.9945
Car 0.0000 0.0000 0.0000 537.0000 171.0000 562.0000 196.0000 2.1183 1.8003 4.6881 -5.3136 1.8970 65.0543 1.5708 0.9892
Car 0.0000 0.0000 0.0000 166.0000 181.0000 312.0000 251.0000 1.4586 1.5536 3.7166 -8.6614 1.6358 17.1667 1.5708 0.9887
Car 0.0000 0.0000 0.0000 32.0000 184.0000 204.0000 251.0000 1.4693 1.5678 3.9160 -12.1386 1.7389 18.0921 1.5708 0.9873
Car 0.0000 0.0000 0.0000 200.0000 181.0000 298.0000 227.0000 1.4579 1.5291 3.6910 -12.4525 1.7088 25.1199 1.5708 0.9704
Car 0.0000 0.0000 0.0000 -422.0000 192.0000 -23.0000 313.0000 1.4608 1.5829 4.0988 -12.5828 1.7919 11.3293 1.5579 0.9658
