Car 0.0000 0.0000 0.0000 458.0000 187.0000 526.0000 237.0000 1.5258 1.7165 4.2425 -3.9861 2.0186 25.0934 1.5582 0.9999
Car 0.0000 0.0000 0.0000 5.0000 190.0000 295.0000 335.0000 1.7055 1.7500 4.1491 -6.5880 1.9818 10.9144 1.5708 0.9998
Car 0.0000 0.0000 0.0000 504.0000 184.0000 545.0000 217.0000 1.5378 1.5729 3.7143 -4.1543 2.0465 35.8435 1.5704 0.9995
Car 0.0000 0.0000 0.0000 628.0000 181.0000 659.0000 208.0000 1.5201 1.6254 3.8537 2.0456 1.9634 43.2588 1.5708 0.9991
Car 0.0000 0.0000 0.0000 336.0000 192.0000 424.0000 248.0000 1.4632 1.5413 3.7522 -6.8972 2.0586 21.9620 1.5512 0.9986
Car 0.0000 0.0000 0.0000 711.0000 173.0000 802.0000 205.0000 1.5444 1.6744 4.2886 7.4120 1.5383 36.4548 0.0543 0.9978
Car 0.0000 0.0000 0.0000 710.0000 164.0000 796.0000 198.0000 1.7668 1.7221 4.3738 7.8369 1.2841 39.3870 0.0314 0.9968
Car 0.0000 0.0000 0.0000 449.0000 188.0000 494.0000 220.0000 1.4977 1.5872 3.9646 -6.9244 2.2142 36.5365 1.5529 0.9958
Car 0.0000 0.0000 0.0000 832.0000 167.0000 858.0000 187.0000 1.5166 1.5877 3.6031 19.3324 1.0133 59.0181 -1.3727 0.9952
Car 0.0000 0.0000 0.0000 902.0000 153.0000 987.0000 183.0000 1.8096 1.8292 4.5287 21.2998 0.5204 45.8242 0.0542 0.9944
Car 0.0000 0.0000 0.0000 -1388.0000 219.0000 24.0000 723.0000 1.5283 1.6718 4.0918 -6.2671 1.9394 4.5813 1.5655 0.9877
