Car 0.0000 0.0000 0.0000 364.0000 175.0000 473.0000 241.0000 1.5044 1.6749 4.1467 -4.7967 1.5509 18.6032 1.5708 0.9999
Car 0.0000 0.0000 0.0000 457.0000 175.0000 513.0000 216.0000 1.4726 1.5820 3.4929 -4.7434 1.5342 27.8938 1.5707 0.9999
Car 0.0000 0.0000 0.0000 90.0000 182.0000 373.0000 336.0000 1.4598 1.5412 3.5390 -4.2752 1.5787 8.7316 1.5708 0.9995
Car 0.0000 0.0000 0.0000 577.0000 172.0000 613.0000 206.0000 1.6437 1.7024 3.5252 -0.6696 1.5588 36.7418 1.5708 0.9994
Car 0.0000 0.0000 0.0000 322.0000 176.0000 402.0000 222.0000 1.4957 1.5866 3.6717 -8.7113 1.5764 25.6513 1.5708 0.9989
Car 0.0000 0.0000 0.0000 230.0000 174.0000 325.0000 217.0000 1.4879 1.5984 3.9524 -12.2415 1.5001 26.8186 1.5708 0.9965
Car 0.0000 0.0000 0.0000 450.0000 173.0000 483.0000 200.0000 1.7043 1.6849 4.1408 -9.3173 1.6497 47.3609 1.4853 0.9950
Car 0.0000 0.0000 0.0000 -200.0000 149.0000 110.0000 271.0000 1.9826 1.8085 4.5806 -12.2921 1.5952 14.0085 1.5708 0.9942
Car 0.0000 0.0000 0.0000 175.0000 178.0000 323.0000 250.0000 1.4964 1.5911 3.7510 -8.3559 1.6072 17.0253 1.5708 0.9940
Car 0.0000 0.0000 0.0000 482.0000 167.0000 507.0000 194.0000 2.2297 1.8558 4.8792 -9.8509 1.6959 62.4780 1.4657 0.9874
