Car 0.0000 0.0000 0.0000 850.0000 174.0000 981.0000 285.0000 1.6276 1.6122 3.6908 5.1458 1.6484 12.5856 -1.3009 1.0000
Car 0.0000 0.0000 0.0000 594.0000 175.0000 704.0000 256.0000 1.5909 1.6187 4.0027 1.0128 1.6336 16.3593 -1.2860 0.9999
Car 0.0000 0.0000 0.0000 821.0000 178.0000 866.0000 212.0000 1.4624 1.5756 3.9002 10.7138 1.6481 33.1100 -1.3547 0.9996
Car 0.0000 0.0000 0.0000 732.0000 178.0000 760.0000 202.0000 1.5084 1.6539 3.8677 9.0553 1.7976 47.7377 -1.4148 0.9993
Car 0.0000 0.0000 0.0000 632.0000 180.0000 724.0000 239.0000 1.5424 1.6503 4.4407 2.1411 1.7446 21.4766 -1.2202 0.9991
Car 0.0000 0.0000 0.0000 839.0000 178.0000 932.0000 244.0000 1.4981 1.5295 3.2285 6.8179 1.6191 18.1033 -1.4172 0.9989
Car 0.0000 0.0000 0.0000 814.0000 177.0000 849.0000 202.0000 1.5195 1.6249 3.7655 13.9160 1.6943 45.1308 -1.4094 0.9985
Car 0.0000 0.0000 0.0000 804.0000 172.0000 833.0000 191.0000 1.5521 1.6409 3.7990 17.8878 1.3855 61.4375 -1.4679 0.9968
Car 0.0000 0.0000 0.0000 654.0000 168.0000 685.0000 192.0000 1.6000 1.6672 4.0570 4.3161 1.2258 50.4066 -1.3622 0.9918
Car 0.0000 0.0000 0.0000 650.0000 131.0000 691.0000 172.0000 1.5869 1.6203 3.9634 2.6270 -0.1002 30.6767 -1.4805 0.9869
