Car 0.0000 0.0000 0.0000 546.0000 172.0000 749.0000 370.0000 1.5638 1.6256 3.6299 0.5348 1.5648 7.5913 -1.4128 0.9998
Car 0.0000 0.0000 0.0000 351.0000 179.0000 423.0000 220.0000 1.6665 1.7391 4.4507 -9.8810 1.9220 32.3907 1.5708 0.9997
Car 0.0000 0.0000 0.0000 36.0000 189.0000 231.0000 270.0000 1.5052 1.6062 4.0022 -10.3743 1.8801 16.0501 1.5708 0.9993
Car 0.0000 0.0000 0.0000 400.0000 174.0000 450.0000 207.0000 1.6655 1.6375 3.9882 -9.8184 1.6779 38.6731 1.5708 0.9990
Car 0.0000 0.0000 0.0000 710.0000 161.0000 837.0000 222.0000 1.6497 1.6626 4.0464 4.9565 1.3083 21.5079 -0.7388 0.9986
Car 0.0000 0.0000 0.0000 231.0000 180.0000 318.0000 217.0000 1.4859 1.5729 3.6036 -14.3951 1.7681 31.1583 -1.3507 0.9979
Car 0.0000 0.0000 0.0000 507.0000 177.0000 538.0000 201.0000 1.4967 1.5826 3.9875 -5.5427 1.7043 46.7425 1.5528 0.9970
Car 0.0000 0.0000 0.0000 686.0000 170.0000 755.0000 206.0000 1.5156 1.6102 3.8606 5.1153 1.3500 32.6547 -0.9856 0.9929
Car 0.0000 0.0000 0.0000 594.0000 172.0000 661.0000 229.0000 1.4881 1.5868 3.6764 0.4129 1.4464 20.5634 1.5128 0.9921
Car 0.0000 0.0000 0.0000 1187.0000 181.0000 1963.0000 767.0000 1.5482 1.6141 3.3320 4.1316 1.6072 3.7107 -0.8266 0.9889
Car 0.0000 0.0000 0.0000 663.0000 173.0000 742.0000 202.0000 1.4800 1.6420 3.9567 5.0549 1.4605 38.7408 -0.4583 0.9870
Car 0.0000 0.0000 0.0000 453.0000 178.0000 499.0000 201.0000 1.4964 1.6058 4.2398 -8.9655 1.7706 48.8261 -1.3724 0.9853
Car 0.0000 0.0000 0.0000 622.0000 172.0000 643.0000 192.0000 1.5335 1.5959 3.9428 1.9150 1.3930 58.0662 1.5708 0.9813
Car 0.0000 0.0000 0.0000 338.0000 178.0000 387.0000 205.0000 1.4671 1.5864 4.0488 -14.1102 1.6867 41.4139 1.5389 0.9811
Car 0.0000 0.0000 0.0000 580.0000 177.0000 600.0000 192.0000 1.5091 1.6313 3.8680 -1.7872 1.7908 71.5849 1.5708 0.9646
