Car 0.0000 0.0000 0.0000 673.0000 171.0000 752.0000 240.0000 1.6754 1.6148 3.5353 2.7024 1.6339 19.6457 1.5645 0.9999
Car 0.0000 0.0000 0.0000 722.0000 187.0000 912.0000 315.0000 1.4491 1.5795 3.9696 2.7099 1.6638 10.4204 1.5682 0.9999
Car 0.0000 0.0000 0.0000 824.0000 149.0000 1681.0000 685.0000 1.8160 1.6987 4.0533 2.7622 1.7534 4.4850 1.5708 0.9999
Car 0.0000 0.0000 0.0000 647.0000 175.0000 689.0000 210.0000 1.4827 1.5790 3.6774 2.6858 1.5662 33.4408 1.5656 0.9997
Car 0.0000 0.0000 0.0000 325.0000 163.0000 458.0000 218.0000 1.6898 1.5945 3.7721 -6.9723 1.3757 23.2258 0.0544 0.9994
Car 0.0000 0.0000 0.0000 403.0000 180.0000 503.0000 221.0000 1.5211 1.5432 3.6095 -6.1408 1.7901 28.5659 0.0031 0.9986
Car 0.0000 0.0000 0.0000 425.0000 174.0000 527.0000 216.0000 1.7073 1.6427 4.0076 -5.6455 1.7479 30.8277 0.0272 0.9985
Car 0.0000 0.0000 0.0000 285.0000 181.0000 459.0000 244.0000 1.5148 1.6121 3.8844 -5.9874 1.7022 18.2997 0.1061 0.9985
Car 0.0000 0.0000 0.0000 -290.0000 188.0000 197.0000 357.0000 1.4750 1.5412 3.6493 -6.4512 1.6473 7.2701 0.0631 0.9958
Car 0.0000 0.0000 0.0000 313.0000 178.0000 467.0000 235.0000 1.5617 1.6001 3.9422 -6.2553 1.6947 20.7788 0.0296 0.9954
Car 0.0000 0.0000 0.0000 476.0000 161.0000 541.0000 186.0000 1.6873 1.7076 4.2574 -6.9674 0.7961 50.3675 0.0164 0.9950
Car 0.0000 0.0000 0.0000 -775.0000 150.0000 79.0000 476.0000 1.7714 1.6227 3.7379 -6.0299 1.6648 4.8103 0.0498 0.9912
Car 0.0000 0.0000 0.0000 534.0000 169.0000 557.0000 190.0000 1.7896 1.7719 4.3402 -5.4331 1.3669 62.8360 1.5324 0.9840
Car 0.0000 0.0000 0.0000 627.0000 176.0000 647.0000 193.0000 1.4891 1.6043 3.9644 2.6283 1.6879 67.0668 1.5698 0.9677
Car 0.0000 0.0000 0.0000 656.0000 163.0000 713.0000 185.0000 1.5394 1.6657 4.1296 5.6443 0.7823 53.8386 0.0318 0.9639
