Car 0.0000 0.0000 0.0000 787.0000 168.0000 1125.0000 392.0000 1.5899 1.5935 3.3480 2.8633 1.5691 6.8351 1.5708 0.9999
Car 0.0000 0.0000 0.0000 708.0000 162.0000 862.0000 285.0000 1.6896 1.6087 3.8259 2.6694 1.5474 11.8759 1.5708 0.9998
Car 0.0000 0.0000 0.0000 677.0000 157.0000 777.0000 243.0000 1.7806 1.7201 4.2011 2.6480 1.4428 17.1733 1.5708 0.9998
Car 0.0000 0.0000 0.0000 356.0000 175.0000 461.0000 243.0000 1.6246 1.6586 3.9267 -5.2494 1.6644 19.2619 1.5708 0.9998
Car 0.0000 0.0000 0.0000 435.0000 173.0000 499.0000 219.0000 1.5486 1.5742 3.7219 -5.1775 1.5406 26.5570 1.5708 0.9997
Car 0.0000 0.0000 0.0000 242.0000 184.0000 414.0000 282.0000 1.5581 1.6574 4.1866 -5.1849 1.7619 13.8316 1.5708 0.9996
Car 0.0000 0.0000 0.0000 -24.0000 197.0000 318.0000 363.0000 1.4503 1.5490 3.7226 -5.1373 1.7832 8.5962 1.5708 0.9995
Car 0.0000 0.0000 0.0000 528.0000 166.0000 560.0000 193.0000 1.6996 1.7235 4.4296 -4.3783 1.2262 49.4081 1.5708 0.9985
Car 0.0000 0.0000 0.0000 671.0000 168.0000 733.0000 223.0000 1.5618 1.6209 3.9774 2.8128 1.4234 22.6340 1.5708 0.9941
Car 0.0000 0.0000 0.0000 710.0000 152.0000 771.0000 176.0000 1.4484 1.5768 3.6526 8.3044 0.0894 45.6271 0.0962 0.9928
Car 0.0000 0.0000 0.0000 -1796.0000 219.0000 71.0000 893.0000 1.4520 1.6012 4.1464 -5.3442 1.8205 3.8862 1.5708 0.9862
