Car 0.0000 0.0000 0.0000 468.0000 185.0000 520.0000 226.0000 1.5867 1.6173 3.6781 -4.8448 2.0746 30.7268 1.5708 0.9999
Car 0.0000 0.0000 0.0000 716.0000 182.0000 862.0000 289.0000 1.4377 1.5402 3.4075 2.7008 1.5887 11.6268 1.5708 0.9999
Car 0.0000 0.0000 0.0000 17.0000 209.0000 353.0000 408.0000 1.4808 1.5515 3.4614 -4.1641 1.9345 7.6751 1.5693 0.9998
Car 0.0000 0.0000 0.0000 657.0000 176.0000 712.0000 224.0000 1.6750 1.6302 3.6928 2.7831 1.7624 27.4036 1.5593 0.9998
Car 0.0000 0.0000 0.0000 351.0000 180.0000 475.0000 271.0000 1.8320 1.7322 4.2492 -4.4448 1.9903 16.8692 1.5694 0.9996
Car 0.0000 0.0000 0.0000 545.0000 183.0000 568.0000 201.0000 1.4825 1.6014 3.9628 -4.6817 2.3599 65.4526 1.5708 0.9966
Car 0.0000 0.0000 0.0000 516.0000 185.0000 551.0000 209.0000 1.4742 1.5675 3.9243 -4.8179 2.1987 46.4844 1.5708 0.9898
Car 0.0000 0.0000 0.0000 -4463.0000 -2131.0000 1426.0000 533.0000 1.4972 1.5629 3.7854 2.8335 1.6139 1.3754 1.5708 0.9889
Car 0.0000 0.0000 0.0000 562.0000 180.0000 586.0000 201.0000 1.5761 1.5977 3.6934 -2.6975 2.0392 55.8335 1.4630 0.9861
Car 0.0000 0.0000 0.0000 684.0000 157.0000 742.0000 178.0000 1.5409 1.6531 4.2432 7.9683 0.3172 55.1300 0.0562 0.9772
