Car 0.0000 0.0000 0.0000 400.0000 173.0000 485.0000 228.0000 1.4344 1.6088 4.0323 -4.8340 1.4415 21.2964 1.5632 0.9999
Car 0.0000 0.0000 0.0000 229.0000 180.0000 422.0000 289.0000 1.4304 1.5489 3.5568 -4.2725 1.5328 11.3322 1.5708 0.9998
Car 0.0000 0.0000 0.0000 469.0000 175.0000 520.0000 211.0000 1.4171 1.5648 3.6041 -4.8159 1.4778 30.6526 1.5699 0.9998
Car 0.0000 0.0000 0.0000 576.0000 174.0000 612.0000 207.0000 1.6252 1.6716 3.8623 -0.7109 1.6517 37.4401 1.5708 0.9996
Car 0.0000 0.0000 0.0000 351.0000 170.0000 419.0000 210.0000 1.4602 1.5803 3.8943 -8.7271 1.3406 28.3094 1.5301 0.9990
Car 0.0000 0.0000 0.0000 228.0000 174.0000 352.0000 236.0000 1.5236 1.6149 3.7668 -8.5633 1.5381 19.6210 1.5708 0.9990
Car 0.0000 0.0000 0.0000 -44.0000 160.0000 177.0000 251.0000 1.7967 1.7409 4.4577 -12.3008 1.5482 16.7017 1.5708 0.9982
Car 0.0000 0.0000 0.0000 -270.0000 190.0000 120.0000 335.0000 1.4112 1.5171 3.6182 -8.2866 1.6543 9.1745 1.5708 0.9956
Car 0.0000 0.0000 0.0000 488.0000 166.0000 509.0000 191.0000 2.1839 1.8379 4.6733 -9.9881 1.5202 65.5739 1.4385 0.9903
Car 0.0000 0.0000 0.0000 458.0000 170.0000 489.0000 196.0000 1.7768 1.6948 3.9074 -9.3516 1.5017 50.0808 1.4974 0.9882
Car 0.0000 0.0000 0.0000 408.0000 176.0000 458.0000 205.0000 1.4811 1.5752 3.9621 -9.4787 1.6076 39.0547 1.5708 0.9670
