Car 0.0000 0.0000 0.0000 303.0000 193.0000 414.0000 263.0000 1.5277 1.5884 3.4668 -6.2272 2.0494 18.1800 1.5708 0.9999
Car 0.0000 0.0000 0.0000 672.0000 177.0000 745.0000 234.0000 1.5512 1.6228 3.8216 2.8830 1.6606 21.7034 1.5687 0.9998
Car 0.0000 0.0000 0.0000 439.0000 185.0000 498.0000 222.0000 1.5095 1.6318 4.1170 -6.1881 2.0071 32.0702 1.5708 0.9996
Car 0.0000 0.0000 0.0000 375.0000 190.0000 460.0000 245.0000 1.5788 1.6270 4.1767 -6.2170 2.1434 23.7198 1.5708 0.9995
Car 0.0000 0.0000 0.0000 -120.0000 205.0000 11.0000 257.0000 1.5578 1.6330 4.0069 -23.6744 2.7374 25.8635 1.3760 0.9980
Car 0.0000 0.0000 0.0000 524.0000 183.0000 555.0000 201.0000 1.4925 1.6130 3.9498 -6.1296 2.3131 64.2933 -1.3800 0.9971
Car 0.0000 0.0000 0.0000 -68.0000 196.0000 60.0000 244.0000 1.4177 1.5639 3.3449 -20.8416 2.2281 24.5977 1.5691 0.9967
Car 0.0000 0.0000 0.0000 1113.0000 142.0000 1249.0000 196.0000 2.1747 1.9315 4.9386 24.6823 0.9017 31.3637 1.5606 0.9962
Car 0.0000 0.0000 0.0000 -187.0000 206.0000 -40.0000 261.0000 1.6715 1.6796 4.2109 -25.9057 2.8937 25.9686 1.3703 0.9940
Car 0.0000 0.0000 0.0000 469.0000 185.0000 511.0000 216.0000 1.5244 1.6066 4.0172 -6.3257 2.1364 38.7266 1.5622 0.9933
Car 0.0000 0.0000 0.0000 563.0000 181.0000 582.0000 198.0000 1.5068 1.6246 3.6963 -3.4488 2.2302 69.8348 1.5708 0.9903
Car 0.0000 0.0000 0.0000 630.0000 179.0000 647.0000 195.0000 1.4767 1.6117 3.9720 2.9950 2.0256 71.0616 1.5708 0.9853
Car 0.0000 0.0000 0.0000 1222.0000 133.0000 1365.0000 177.0000 1.7957 1.7835 4.3679 29.6092 0.1223 31.2258 0.0489 0.9836
Car 0.0000 0.0000 0.0000 773.0000 170.0000 835.0000 192.0000 1.4986 1.5508 3.8839 13.6450 1.2648 50.4564 0.6584 0.9601
