Car 0.0000 0.0000 0.0000 714.0000 182.0000 832.0000 267.0000 1.4845 1.5705 3.4645 3.1087 1.6535 14.4285 1.5708 0.9999
Car 0.0000 0.0000 0.0000 680.0000 175.0000 761.0000 243.0000 1.6033 1.6137 3.6936 2.8212 1.6549 18.9793 1.5708 0.9998
Car 0.0000 0.0000 0.0000 852.0000 189.0000 1824.0000 705.0000 1.5102 1.6012 4.0456 2.8650 1.6356 4.2222 1.5708 0.9998
Car 0.0000 0.0000 0.0000 534.0000 181.0000 572.0000 214.0000 1.5875 1.6245 3.7106 -2.8343 1.9666 37.2845 1.5708 0.9997
Car 0.0000 0.0000 0.0000 414.0000 185.0000 473.0000 208.0000 1.5866 1.5972 3.9192 -12.0649 2.4155 52.6116 0.0122 0.9991
Car 0.0000 0.0000 0.0000 670.0000 177.0000 730.0000 228.0000 1.5077 1.5199 3.1447 2.8197 1.6120 22.9141 1.5708 0.9988
Car 0.0000 0.0000 0.0000 595.0000 179.0000 622.0000 201.0000 1.5252 1.6329 3.8582 0.0193 1.8898 51.6428 1.5708 0.9971
Car 0.0000 0.0000 0.0000 649.0000 174.0000 685.0000 206.0000 1.5642 1.6259 3.8424 2.9938 1.5941 37.7759 1.5708 0.9942
Car 0.0000 0.0000 0.0000 331.0000 184.0000 396.0000 205.0000 1.4537 1.6215 4.1675 -17.8792 2.2207 52.6411 0.0548 0.9939
Car 0.0000 0.0000 0.0000 653.0000 178.0000 696.0000 215.0000 1.5539 1.6066 4.1371 2.8951 1.7329 32.7167 1.5708 0.9932
