Car 0.0000 0.0000 0.0000 369.0000 190.0000 495.0000 280.0000 1.4858 1.6145 4.0927 -3.4347 1.8417 14.5357 1.5469 0.9999
Car 0.0000 0.0000 0.0000 -8.0000 204.0000 282.0000 355.0000 1.4612 1.5325 3.3885 -5.7783 1.9072 9.2517 1.5649 0.9997
Car 0.0000 0.0000 0.0000 611.0000 180.0000 674.0000 206.0000 1.6389 1.6507 4.0830 2.1866 2.0792 47.5123 0.0236 0.9996
Car 0.0000 0.0000 0.0000 202.0000 195.0000 371.0000 291.0000 1.4712 1.5420 3.5912 -5.9046 1.9184 13.5696 1.5708 0.9995
Car 0.0000 0.0000 0.0000 1123.0000 153.0000 1461.0000 266.0000 1.8270 1.7159 4.1021 11.7068 1.5107 12.6253 0.0887 0.9994
Car 0.0000 0.0000 0.0000 490.0000 184.0000 544.0000 226.0000 1.5139 1.6104 4.0740 -3.5854 1.9326 28.5625 1.5708 0.9994
Car 0.0000 0.0000 0.0000 632.0000 182.0000 717.0000 215.0000 1.5013 1.5936 3.8739 3.0241 1.8842 33.7540 0.0325 0.9994
Car 0.0000 0.0000 0.0000 447.0000 171.0000 533.0000 242.0000 1.9027 1.7453 4.5170 -3.4594 1.8449 21.5724 1.5708 0.9992
Car 0.0000 0.0000 0.0000 350.0000 188.0000 437.0000 246.0000 1.4700 1.5694 3.8820 -6.1193 1.8966 20.7668 1.5050 0.9983
Car 0.0000 0.0000 0.0000 536.0000 182.0000 565.0000 204.0000 1.4890 1.5949 4.0677 -4.0484 2.0415 50.9204 1.5708 0.9978
Car 0.0000 0.0000 0.0000 389.0000 184.0000 466.0000 229.0000 1.4336 1.5331 3.7900 -6.4229 1.8206 25.8003 1.5708 0.9920
Car 0.0000 0.0000 0.0000 -1865.0000 237.0000 -65.0000 918.0000 1.4588 1.5598 3.2094 -5.5574 1.8937 3.4275 1.5708 0.9842
