Car 0.0000 0.0000 0.0000 555.0000 183.0000 607.0000 232.0000 1.4691 1.5752 3.5589 -0.9552 1.7746 23.8811 1.5219 0.9999
Car 0.0000 0.0000 0.0000 278.0000 182.0000 446.0000 249.0000 1.4885 1.5988 3.6482 -5.9808 1.6989 17.3873 0.3576 0.9998
Car 0.0000 0.0000 0.0000 860.0000 197.0000 1601.0000 587.0000 1.4846 1.5960 4.0908 3.2219 1.7050 5.0000 1.5708 0.9998
Car 0.0000 0.0000 0.0000 402.0000 182.0000 499.0000 221.0000 1.4548 1.5604 3.6041 -6.3585 1.8019 28.7389 0.4780 0.9985
Car 0.0000 0.0000 0.0000 526.0000 180.0000 565.0000 212.0000 1.5329 1.6609 3.7065 -3.2350 1.8724 37.4886 1.5708 0.9985
Car 0.0000 0.0000 0.0000 646.0000 163.0000 712.0000 234.0000 2.2474 1.9054 5.0205 2.3642 1.9185 25.6086 1.5708 0.9982
Car 0.0000 0.0000 0.0000 363.0000 156.0000 432.0000 202.0000 1.9721 1.8103 4.4756 -9.8316 1.2139 33.8232 1.5708 0.9977
Car 0.0000 0.0000 0.0000 574.0000 180.0000 612.0000 217.0000 1.5785 1.6187 3.9404 -0.6690 1.8632 32.8761 1.5708 0.9970
Car 0.0000 0.0000 0.0000 636.0000 182.0000 678.0000 218.0000 1.5098 1.6288 4.2182 2.1612 1.8957 33.3090 1.5708 0.9966
Car 0.0000 0.0000 0.0000 256.0000 178.0000 321.0000 211.0000 1.5043 1.5548 3.4940 -15.6329 1.7324 35.2703 1.5708 0.9963
Car 0.0000 0.0000 0.0000 610.0000 179.0000 631.0000 197.0000 1.4872 1.6009 3.6962 1.0823 1.9308 62.1072 1.5708 0.9753
