Car 0.0000 0.0000 0.0000 718.0000 167.0000 867.0000 279.0000 1.6238 1.6644 3.8855 2.9544 1.5483 12.5111 1.5708 0.9999
Car 0.0000 0.0000 0.0000 891.0000 156.0000 1962.0000 732.0000 1.6250 1.6305 3.5530 2.9806 1.5961 3.8233 1.5708 0.9999
Car 0.0000 0.0000 0.0000 687.0000 171.0000 778.0000 245.0000 1.6748 1.6623 3.9370 3.0506 1.6384 18.6143 1.5702 0.9998
Car 0.0000 0.0000 0.0000 336.0000 169.0000 468.0000 266.0000 1.7822 1.6294 3.9917 -4.2643 1.7097 15.3546 1.5708 0.9998
Car 0.0000 0.0000 0.0000 148.0000 169.0000 391.0000 329.0000 1.7888 1.6043 3.6868 -4.4149 1.7516 9.9337 1.5706 0.9998
Car 0.0000 0.0000 0.0000 -779.0000 204.0000 218.0000 637.0000 1.4759 1.6278 3.9463 -4.4642 1.7437 4.6743 1.5645 0.9992
Car 0.0000 0.0000 0.0000 511.0000 174.0000 538.0000 197.0000 1.5126 1.5794 3.5469 -5.8484 1.5417 50.2829 1.5471 0.9980
Car 0.0000 0.0000 0.0000 630.0000 173.0000 657.0000 197.0000 1.5068 1.5962 3.6759 2.3030 1.4501 47.9813 1.5691 0.9968
Car 0.0000 0.0000 0.0000 652.0000 136.0000 730.0000 214.0000 2.5381 2.0481 5.7630 2.8592 1.3177 26.4405 1.5509 0.9896
Car 0.0000 0.0000 0.0000 585.0000 177.0000 604.0000 194.0000 1.5095 1.6135 3.7182 -1.3083 1.7737 66.6588 1.5226 0.9846
