Car 0.0000 0.0000 0.0000 363.0000 197.0000 494.0000 294.0000 1.4881 1.6282 4.1209 -3.3853 2.0085 14.1233 1.5438 0.9998
Car 0.0000 0.0000 0.0000 195.0000 204.0000 368.0000 304.0000 1.4461 1.5378 3.5880 -5.8511 2.0676 13.2502 1.5708 0.9996
Car 0.0000 0.0000 0.0000 489.0000 191.0000 543.0000 235.0000 1.5167 1.6128 4.0512 -3.5940 2.2162 28.3079 1.5708 0.9995
Car 0.0000 0.0000 0.0000 443.0000 175.0000 528.0000 249.0000 1.9126 1.6842 4.3516 -3.5085 1.9752 21.0377 1.5708 0.9995
Car 0.0000 0.0000 0.0000 635.0000 190.0000 723.0000 225.0000 1.5287 1.5983 3.9420 3.1906 2.3157 33.3471 0.0462 0.9994
Car 0.0000 0.0000 0.0000 -38.0000 210.0000 274.0000 370.0000 1.4311 1.5053 3.4829 -5.7586 1.9579 8.9206 1.5703 0.9992
Car 0.0000 0.0000 0.0000 1133.0000 164.0000 1482.0000 278.0000 1.7660 1.6837 4.0541 11.6012 1.6388 12.2516 0.1162 0.9987
Car 0.0000 0.0000 0.0000 349.0000 200.0000 431.0000 262.0000 1.4531 1.5626 3.9152 -6.0844 2.2378 20.2912 1.4478 0.9984
Car 0.0000 0.0000 0.0000 613.0000 186.0000 674.0000 211.0000 1.6083 1.6235 3.8844 2.2571 2.3904 47.1351 0.0520 0.9977
Car 0.0000 0.0000 0.0000 389.0000 192.0000 459.0000 237.0000 1.4041 1.5050 3.7359 -6.4644 2.0662 25.4415 1.5691 0.9914
Car 0.0000 0.0000 0.0000 533.0000 190.0000 564.0000 215.0000 1.4930 1.5672 3.8739 -3.9757 2.6150 47.8784 1.5708 0.9894
Car 0.0000 0.0000 0.0000 549.0000 186.0000 569.0000 204.0000 1.6247 1.6316 4.1108 -4.8490 2.8144 70.2018 1.4119 0.9886
Car 0.0000 0.0000 0.0000 686.0000 165.0000 730.0000 183.0000 1.5006 1.5544 3.7478 8.5868 0.7517 62.5962 0.1077 0.9819
