Car 0.0000 0.0000 0.0000 661.0000 193.0000 735.0000 252.0000 1.5320 1.5888 3.5704 2.5391 2.1291 21.4535 1.5244 0.9999
Car 0.0000 0.0000 0.0000 736.0000 193.0000 911.0000 329.0000 1.4618 1.5677 3.6215 2.6954 1.7592 9.9289 1.5708 0.9999
Car 0.0000 0.0000 0.0000 693.0000 191.0000 792.0000 270.0000 1.5116 1.5473 3.4033 2.8431 1.9306 16.0841 1.5652 0.9999
Car 0.0000 0.0000 0.0000 463.0000 185.0000 562.0000 256.0000 1.5584 1.6089 3.8470 -2.3162 1.8528 18.0608 -1.4702 0.9998
Car 0.0000 0.0000 0.0000 831.0000 208.0000 1793.0000 790.0000 1.4926 1.5711 3.6555 2.5202 1.7540 3.8712 1.5642 0.9997
Car 0.0000 0.0000 0.0000 567.0000 183.0000 592.0000 209.0000 1.6330 1.6029 3.8914 -1.9744 2.2656 49.0928 1.5311 0.9993
Car 0.0000 0.0000 0.0000 641.0000 186.0000 688.0000 222.0000 1.5010 1.5737 3.7379 2.4923 2.0949 32.9811 1.4891 0.9987
Car 0.0000 0.0000 0.0000 655.0000 187.0000 710.0000 228.0000 1.4672 1.5223 3.4942 2.8200 1.9915 28.2753 1.4903 0.9974
Car 0.0000 0.0000 0.0000 504.0000 182.0000 563.0000 232.0000 1.4609 1.5328 3.5395 -2.3978 1.7362 23.3374 1.5671 0.9972
Car 0.0000 0.0000 0.0000 524.0000 189.0000 573.0000 233.0000 1.5398 1.6195 3.9346 -2.3385 2.1782 28.5512 1.5614 0.9965
Car 0.0000 0.0000 0.0000 613.0000 186.0000 636.0000 202.0000 1.5428 1.7014 3.8089 1.6032 2.7053 70.8251 -1.3809 0.9900
Car 0.0000 0.0000 0.0000 543.0000 190.0000 581.0000 217.0000 1.4914 1.5597 3.9538 -2.7766 2.4938 43.3790 -1.4531 0.9862
Car 0.0000 0.0000 0.0000 -1463.0000 213.0000 -825.0000 337.0000 1.4580 1.6623 4.1598 -28.0365 2.2067 11.8910 1.1157 0.9830
Car 0.0000 0.0000 0.0000 710.0000 168.0000 745.0000 189.0000 1.6333 1.7254 3.9311 9.7627 1.2068 59.0185 -1.0973 0.9796
