Car 0.0000 0.0000 0.0000 584.0000 182.0000 637.0000 232.0000 1.5593 1.6819 3.6230 0.1119 1.8495 24.8723 1.5708 0.9998
Car 0.0000 0.0000 0.0000 1142.0000 173.0000 1179.0000 204.0000 1.8126 1.7743 4.3407 34.5817 1.7846 45.1645 -0.9294 0.9988
Car 0.0000 0.0000 0.0000 -93.0000 191.0000 203.0000 311.0000 1.4684 1.5741 3.9983 -8.2923 1.7721 11.2499 1.5685 0.9985
Car 0.0000 0.0000 0.0000 281.0000 148.0000 495.0000 271.0000 2.1369 1.8234 5.1261 -4.7487 1.7153 14.8787 0.7311 0.9984
Car 0.0000 0.0000 0.0000 419.0000 181.0000 533.0000 230.0000 1.5796 1.5752 3.5766 -4.6037 1.8509 24.8099 0.4083 0.9977
Car 0.0000 0.0000 0.0000 178.0000 181.0000 331.0000 251.0000 1.4925 1.5964 4.1057 -8.5153 1.6737 17.6749 1.5708 0.9967
Car 0.0000 0.0000 0.0000 -99.0000 183.0000 93.0000 251.0000 1.4320 1.5378 3.6172 -14.4805 1.6598 17.2577 1.5708 0.9961
Car 0.0000 0.0000 0.0000 641.0000 169.0000 681.0000 205.0000 2.3460 1.9340 5.2222 3.5356 2.0536 49.6835 1.4903 0.9867
Car 0.0000 0.0000 0.0000 502.0000 178.0000 567.0000 206.0000 1.7490 1.6362 3.8974 -4.7958 2.0153 46.3514 0.4626 0.9828
Car 0.0000 0.0000 0.0000 479.0000 162.0000 505.0000 184.0000 1.5676 1.6213 3.8428 -8.7888 0.7087 54.4898 1.4781 0.9806
Car 0.0000 0.0000 0.0000 589.0000 172.0000 622.0000 203.0000 1.5697 1.6219 4.1838 -0.1264 1.4677 38.7277 1.5708 0.9725
Car 0.0000 0.0000 0.0000 501.0000 175.0000 547.0000 209.0000 1.5955 1.6333 4.1504 -4.3917 1.6692 36.7302 1.2712 0.9637
