Car 0.0000 0.0000 0.0000 793.0000 180.0000 1201.0000 434.0000 1.5380 1.5843 3.3864 2.7829 1.6022 6.1233 1.5549 1.0000
Car 0.0000 0.0000 0.0000 671.0000 166.0000 804.0000 271.0000 1.6389 1.6349 3.5508 2.1415 1.5289 13.0626 1.5295 0.9999
Car 0.0000 0.0000 0.0000 590.0000 175.0000 645.0000 224.0000 1.5863 1.5851 3.5202 0.2151 1.6471 25.2379 1.4807 0.9999
Car 0.0000 0.0000 0.0000 404.0000 182.0000 451.0000 221.0000 1.5146 1.5804 3.6421 -7.6284 1.8762 30.4621 1.4288 0.9997
Car 0.0000 0.0000 0.0000 42.0000 191.0000 321.0000 338.0000 1.4245 1.5290 3.7065 -5.1760 1.6835 9.2560 1.5184 0.9996
Car 0.0000 0.0000 0.0000 566.0000 174.0000 601.0000 207.0000 1.5354 1.5763 3.4779 -1.3031 1.5503 35.3657 1.4941 0.9995
Car 0.0000 0.0000 0.0000 233.0000 187.0000 372.0000 280.0000 1.5074 1.5978 4.2008 -5.9314 1.8019 14.3523 1.4077 0.9991
Car 0.0000 0.0000 0.0000 421.0000 174.0000 467.0000 204.0000 1.5493 1.6309 4.1797 -8.9866 1.5719 39.4536 1.5497 0.9881
Car 0.0000 0.0000 0.0000 545.0000 174.0000 574.0000 197.0000 1.5855 1.6061 3.7948 -3.4371 1.5917 51.0601 1.5708 0.9776
Car 0.0000 0.0000 0.0000 727.0000 124.0000 784.0000 162.0000 1.5258 1.5709 3.6242 6.5715 -0.5952 32.5623 1.4942 0.9739
