Car 0.0000 0.0000 0.0000 640.0000 178.0000 695.0000 221.0000 1.4639 1.5166 3.3655 2.0966 1.6279 26.7396 1.5024 0.9999
Car 0.0000 0.0000 0.0000 574.0000 181.0000 606.0000 207.0000 1.5656 1.6337 3.8298 -1.2506 2.0267 45.7920 1.4430 0.9996
Car 0.0000 0.0000 0.0000 39.0000 194.0000 142.0000 255.0000 1.5162 1.5700 3.4605 -14.8542 2.1448 20.7618 1.2107 0.9996
Car 0.0000 0.0000 0.0000 711.0000 165.0000 866.0000 285.0000 1.7319 1.6776 4.2364 2.8683 1.6215 12.5491 1.5708 0.9995
Car 0.0000 0.0000 0.0000 611.0000 180.0000 659.0000 214.0000 1.5116 1.5605 3.5771 1.1394 1.7831 33.6007 1.4143 0.9993
Car 0.0000 0.0000 0.0000 797.0000 -79.0000 1713.0000 597.0000 2.3761 2.0012 5.2746 2.9232 1.5118 5.1941 1.5708 0.9990
Car 0.0000 0.0000 0.0000 687.0000 178.0000 775.0000 246.0000 1.4859 1.5413 3.7560 2.9140 1.6048 17.9604 1.5708 0.9988
Car 0.0000 0.0000 0.0000 441.0000 184.0000 483.0000 224.0000 1.4705 1.5684 3.5534 -5.9140 1.8923 29.1691 1.4039 0.9984
Car 0.0000 0.0000 0.0000 552.0000 181.0000 575.0000 201.0000 1.4645 1.5837 3.9062 -3.5086 1.9940 55.7839 1.4699 0.9981
Car 0.0000 0.0000 0.0000 537.0000 181.0000 554.0000 197.0000 1.4609 1.5876 3.9602 -6.2112 2.2011 71.0436 1.4862 0.9942
