Car 0.0000 0.0000 0.0000 866.0000 172.0000 1145.0000 271.0000 1.5618 1.6053 3.8356 6.5721 1.5570 12.3084 0.0666 0.9995
Car 0.0000 0.0000 0.0000 754.0000 170.0000 936.0000 234.0000 1.6728 1.7264 4.4893 6.4221 1.5887 20.0167 0.0296 0.9995
Car 0.0000 0.0000 0.0000 364.0000 173.0000 487.0000 220.0000 1.6027 1.6320 3.9982 -6.5586 1.6014 25.9204 0.0353 0.9993
Car 0.0000 0.0000 0.0000 422.0000 170.0000 520.0000 210.0000 1.6059 1.5771 3.8356 -5.9080 1.4639 30.7794 -0.3928 0.9991
Car 0.0000 0.0000 0.0000 1002.0000 210.0000 4954.0000 2272.0000 1.5249 1.5571 3.3314 2.9363 1.7192 2.2725 1.5416 0.9990
Car 0.0000 0.0000 0.0000 260.0000 183.0000 419.0000 244.0000 1.5044 1.5029 3.5688 -6.9935 1.7497 18.7468 0.0863 0.9990
Car 0.0000 0.0000 0.0000 187.0000 164.0000 408.0000 251.0000 1.8263 1.7076 4.2450 -6.9318 1.6425 16.2484 0.0152 0.9990
Car 0.0000 0.0000 0.0000 909.0000 186.0000 1290.0000 307.0000 1.4497 1.5891 3.9646 6.3479 1.6461 9.7619 0.1266 0.9983
Car 0.0000 0.0000 0.0000 -329.0000 167.0000 204.0000 369.0000 1.7260 1.6169 3.7742 -6.3686 1.6918 7.0681 0.0204 0.9980
Car 0.0000 0.0000 0.0000 646.0000 155.0000 707.0000 220.0000 2.4246 1.9467 5.5679 2.6854 1.7422 29.9574 1.5593 0.9971
Car 0.0000 0.0000 0.0000 506.0000 164.0000 566.0000 187.0000 2.0442 1.7769 5.3929 -6.8983 1.1622 68.8135 0.0495 0.9896
Car 0.0000 0.0000 0.0000 703.0000 169.0000 734.0000 193.0000 1.8445 1.7522 4.4815 8.9351 1.5099 58.8033 1.5676 0.9874
Car 0.0000 0.0000 0.0000 633.0000 164.0000 663.0000 198.0000 2.0301 1.8233 4.5761 2.4965 1.4631 46.5225 1.5708 0.9766
