Car 0.0000 0.0000 0.0000 411.0000 172.0000 516.0000 249.0000 1.4845 1.5239 3.3484 -3.1055 1.4718 15.7583 1.5708 0.9999
Car 0.0000 0.0000 0.0000 903.0000 188.0000 1431.0000 544.0000 1.5454 1.5940 3.3935 3.1968 1.6711 5.0398 -1.3595 0.9999
Car 0.0000 0.0000 0.0000 767.0000 166.0000 904.0000 215.0000 1.5764 1.6898 4.3629 7.7992 1.3479 24.9416 0.3487 0.9997
Car 0.0000 0.0000 0.0000 -96.0000 195.0000 433.0000 504.0000 1.4839 1.6253 4.1668 -2.8239 1.7048 5.7642 1.5708 0.9994
Car 0.0000 0.0000 0.0000 1174.0000 162.0000 1346.0000 224.0000 1.4292 1.5227 3.5543 16.0975 1.1533 17.8446 -0.2969 0.9994
Car 0.0000 0.0000 0.0000 470.0000 177.0000 543.0000 234.0000 1.4432 1.5506 3.7890 -3.0442 1.5536 20.6237 1.2849 0.9982
Car 0.0000 0.0000 0.0000 1042.0000 165.0000 1152.0000 209.0000 1.5297 1.5950 3.9163 18.3223 1.2256 27.0169 -0.4211 0.9981
Car 0.0000 0.0000 0.0000 860.0000 176.0000 1054.0000 321.0000 1.5077 1.5724 3.5220 4.6147 1.5454 9.3676 -0.9148 0.9980
Car 0.0000 0.0000 0.0000 749.0000 155.0000 814.0000 175.0000 1.4364 1.6665 4.2912 12.6787 0.0453 52.7955 -0.1859 0.9956
Car 0.0000 0.0000 0.0000 1497.0000 157.0000 1652.0000 205.0000 1.4866 1.6301 3.9628 31.7891 0.9670 23.7229 -0.2473 0.9942
Car 0.0000 0.0000 0.0000 1411.0000 149.0000 1548.0000 200.0000 1.4761 1.6229 3.7772 26.8348 0.7368 22.2048 -0.3893 0.9913
Car 0.0000 0.0000 0.0000 906.0000 163.0000 1052.0000 252.0000 1.4660 1.5618 3.6482 7.1083 1.2966 13.7226 -0.8360 0.9881
