Car 0.0000 0.0000 0.0000 686.0000 183.0000 785.0000 259.0000 1.4775 1.5573 3.5908 2.6707 1.6896 16.1050 1.5686 1.0000
Car 0.0000 0.0000 0.0000 538.0000 182.0000 587.0000 221.0000 1.5117 1.6217 3.8748 -1.9084 1.8564 30.4899 1.5708 0.9993
Car 0.0000 0.0000 0.0000 668.0000 177.0000 720.0000 220.0000 1.6013 1.5995 3.4716 3.2648 1.7173 28.3463 1.5680 0.9991
Car 0.0000 0.0000 0.0000 655.0000 181.0000 696.0000 216.0000 1.5381 1.5937 3.5385 3.0755 1.8633 33.7512 1.5707 0.9981
Car 0.0000 0.0000 0.0000 -641.0000 217.0000 -344.0000 320.0000 1.5079 1.6018 4.0990 -21.5056 2.4774 14.3051 1.0288 0.9980
Car 0.0000 0.0000 0.0000 679.0000 179.0000 735.0000 232.0000 1.4614 1.5471 3.5064 3.0338 1.6361 21.9342 -1.3986 0.9968
Car 0.0000 0.0000 0.0000 -1235.0000 224.0000 -620.0000 391.0000 1.4363 1.5438 3.4388 -18.5715 2.1793 9.0439 1.0710 0.9843
Car 0.0000 0.0000 0.0000 550.0000 177.0000 591.0000 210.0000 1.5335 1.6111 4.0063 -1.8662 1.7093 35.7866 1.5708 0.9687
Car 0.0000 0.0000 0.0000 -421.0000 209.0000 -233.0000 278.0000 1.4722 1.5597 3.8494 -24.5556 2.4801 19.0494 1.0899 0.9683
Car 0.0000 0.0000 0.0000 589.0000 181.0000 616.0000 199.0000 1.4839 1.6166 3.9548 -0.4731 2.0541 61.3925 -1.4116 0.9661
