Car 0.0000 0.0000 0.0000 585.0000 184.0000 638.0000 234.0000 1.5760 1.6611 3.6390 0.1042 1.9406 24.9132 1.5708 0.9999
Car 0.0000 0.0000 0.0000 644.0000 172.0000 675.0000 203.0000 2.1693 1.9184 4.7115 3.7108 2.0276 53.0002 1.5708 0.9995
Car 0.0000 0.0000 0.0000 29.0000 185.0000 175.0000 242.0000 1.4627 1.5174 3.5032 -14.4338 1.8091 20.6945 -1.4759 0.9984
Car 0.0000 0.0000 0.0000 55.0000 193.0000 348.0000 366.0000 1.4703 1.5608 3.5347 -4.6542 1.6979 7.9713 0.6528 0.9982
Car 0.0000 0.0000 0.0000 356.0000 161.0000 524.0000 244.0000 1.8758 1.7172 4.4005 -4.3986 1.6191 18.2839 0.6514 0.9978
Car 0.0000 0.0000 0.0000 -224.0000 181.0000 43.0000 265.0000 1.4997 1.6166 4.0770 -14.3099 1.6521 15.0643 1.5708 0.9973
Car 0.0000 0.0000 0.0000 444.0000 178.0000 546.0000 223.0000 1.6723 1.5942 3.6168 -4.4943 1.8579 28.2562 0.3410 0.9968
Car 0.0000 0.0000 0.0000 264.0000 183.0000 369.0000 239.0000 1.4703 1.5783 4.0150 -8.5356 1.7443 21.3146 1.5418 0.9961
Car 0.0000 0.0000 0.0000 -239.0000 209.0000 196.0000 559.0000 1.4033 1.5702 3.7020 -4.5013 1.7001 4.8901 0.6663 0.9906
Car 0.0000 0.0000 0.0000 146.0000 180.0000 301.0000 255.0000 1.4429 1.5337 3.6830 -8.3053 1.5807 15.8041 1.5348 0.9856
Car 0.0000 0.0000 0.0000 591.0000 173.0000 624.0000 205.0000 1.5615 1.6406 3.9578 -0.0465 1.5540 38.4894 1.5708 0.9826
Car 0.0000 0.0000 0.0000 765.0000 188.0000 806.0000 219.0000 1.4952 1.5806 3.7949 9.1506 2.2577 37.5161 -1.4697 0.9633
