Car 0.0000 0.0000 0.0000 696.0000 174.0000 790.0000 249.0000 1.5483 1.5680 3.1918 2.9836 1.5745 16.7229 1.5708 1.0000
Car 0.0000 0.0000 0.0000 394.0000 183.0000 497.0000 255.0000 1.4583 1.5447 3.6662 -3.7297 1.6890 16.8430 1.5708 0.9998
Car 0.0000 0.0000 0.0000 667.0000 175.0000 744.0000 235.0000 1.5922 1.6334 4.1037 2.7245 1.6354 21.2890 1.5447 0.9997
Car 0.0000 0.0000 0.0000 842.0000 194.0000 1949.0000 791.0000 1.5061 1.6067 4.0735 2.7537 1.6628 3.9796 1.5506 0.9997
Car 0.0000 0.0000 0.0000 605.0000 163.0000 630.0000 187.0000 1.6646 1.6899 4.0143 0.6272 0.8827 52.6009 1.5525 0.9995
Car 0.0000 0.0000 0.0000 439.0000 164.0000 523.0000 238.0000 2.0602 1.7397 4.6315 -3.8692 1.8026 22.4347 1.5708 0.9993
Car 0.0000 0.0000 0.0000 -952.0000 223.0000 275.0000 849.0000 1.4437 1.5606 3.6863 -3.4734 1.8184 3.7747 1.5708 0.9979
Car 0.0000 0.0000 0.0000 941.0000 162.0000 1208.0000 263.0000 1.5102 1.6198 3.9228 7.9871 1.3448 12.8748 1.3162 0.9975
Car 0.0000 0.0000 0.0000 294.0000 157.0000 409.0000 204.0000 1.8604 1.6978 4.2023 -10.7768 1.2080 30.2814 0.0769 0.9957
Car 0.0000 0.0000 0.0000 744.0000 153.0000 822.0000 180.0000 1.6691 1.7186 4.6900 11.3836 0.3691 47.1138 0.0339 0.9955
Car 0.0000 0.0000 0.0000 505.0000 168.0000 533.0000 191.0000 1.5981 1.6255 3.9748 -6.4821 1.1748 52.3486 1.5450 0.9914
Car 0.0000 0.0000 0.0000 626.0000 169.0000 645.0000 185.0000 1.5684 1.6372 3.8977 2.6600 1.0803 70.0874 1.5708 0.9890
Car 0.0000 0.0000 0.0000 670.0000 171.0000 716.0000 215.0000 1.5710 1.6180 3.7555 3.2810 1.4661 27.7248 -1.4214 0.9889
Car 0.0000 0.0000 0.0000 695.0000 156.0000 742.0000 194.0000 1.6022 1.6161 3.8531 5.0698 0.8564 33.1027 -1.2839 0.9822
