Car 0.0000 0.0000 0.0000 218.0000 199.0000 307.0000 240.0000 1.5646 1.7194 4.4045 -15.1502 2.7175 31.7209 1.5708 0.9998
Car 0.0000 0.0000 0.0000 366.0000 193.0000 422.0000 225.0000 1.5448 1.7241 4.4306 -11.8847 2.6666 40.1182 1.5708 0.9998
Car 0.0000 0.0000 0.0000 571.0000 181.0000 667.0000 274.0000 1.5729 1.6187 3.5558 0.1430 1.7230 14.1300 1.5708 0.9995
Car 0.0000 0.0000 0.0000 116.0000 205.0000 215.0000 248.0000 1.4967 1.6680 3.8918 -18.5160 2.8946 30.2179 1.5708 0.9995
Car 0.0000 0.0000 0.0000 1045.0000 180.0000 1223.0000 238.0000 1.6327 1.6624 4.0063 15.5206 1.8293 21.4766 0.0612 0.9990
Car 0.0000 0.0000 0.0000 416.0000 192.0000 438.0000 213.0000 1.5370 1.6087 3.8348 -14.5911 3.0291 57.8232 1.3169 0.9983
Car 0.0000 0.0000 0.0000 308.0000 196.0000 348.0000 222.0000 1.5311 1.6249 4.1161 -18.4424 3.0474 47.4178 1.4150 0.9976
Car 0.0000 0.0000 0.0000 1279.0000 176.0000 1471.0000 235.0000 1.6616 1.6098 3.6824 22.5215 1.7444 21.2953 0.1265 0.9856
Car 0.0000 0.0000 0.0000 102.0000 220.0000 180.0000 254.0000 1.4269 1.5718 3.7093 -23.9123 3.9105 36.9264 1.5708 0.9824
Car 0.0000 0.0000 0.0000 406.0000 195.0000 441.0000 219.0000 1.4608 1.5750 4.0674 -12.4676 2.8995 48.5113 1.4973 0.9657
