Car 0.0000 0.0000 0.0000 412.0000 185.0000 482.0000 234.0000 1.5315 1.5710 3.6769 -5.5917 1.9458 25.1709 1.5708 0.9999
Car 0.0000 0.0000 0.0000 886.0000 178.0000 2037.0000 759.0000 1.5979 1.6445 3.9918 3.0732 1.6326 3.9818 1.5708 0.9998
Car 0.0000 0.0000 0.0000 445.0000 183.0000 502.0000 222.0000 1.5047 1.5944 3.6789 -5.6002 1.9029 30.0724 1.5708 0.9998
Car 0.0000 0.0000 0.0000 345.0000 188.0000 455.0000 252.0000 1.5267 1.6562 3.9240 -5.6231 1.9346 19.7905 1.5708 0.9997
Car 0.0000 0.0000 0.0000 -106.0000 193.0000 273.0000 376.0000 1.6027 1.6380 3.9239 -5.8275 1.8781 8.6111 1.5708 0.9995
Car 0.0000 0.0000 0.0000 476.0000 180.0000 523.0000 213.0000 1.5380 1.6346 4.2454 -5.4440 1.8546 36.2205 1.5708 0.9984
Car 0.0000 0.0000 0.0000 778.0000 162.0000 886.0000 202.0000 1.6692 1.6690 4.2387 9.7615 1.1979 31.7527 0.0485 0.9981
Car 0.0000 0.0000 0.0000 1089.0000 140.0000 1221.0000 180.0000 1.5916 1.6894 4.2480 23.1693 0.2171 30.6381 0.0499 0.9969
Car 0.0000 0.0000 0.0000 1049.0000 146.0000 1160.0000 183.0000 1.6367 1.6469 3.9523 23.1110 0.3909 33.6812 0.0783 0.9895
Car 0.0000 0.0000 0.0000 1007.0000 151.0000 1103.0000 182.0000 1.6036 1.6998 4.0753 24.0788 0.4234 38.9469 0.0585 0.9851
Car 0.0000 0.0000 0.0000 508.0000 182.0000 543.0000 209.0000 1.5059 1.5809 3.9513 -4.9929 2.0330 43.6398 1.5708 0.9784
Car 0.0000 0.0000 0.0000 855.0000 153.0000 936.0000 182.0000 1.7049 1.7020 4.2423 17.4456 0.4708 43.9054 0.0491 0.9740
Car 0.0000 0.0000 0.0000 733.0000 171.0000 811.0000 201.0000 1.5674 1.6391 3.9708 8.8473 1.4241 39.3303 0.0836 0.9704
Car 0.0000 0.0000 0.0000 1029.0000 154.0000 1139.0000 188.0000 1.6450 1.7248 4.3029 23.9021 0.6958 36.3656 0.1128 0.9660
Car 0.0000 0.0000 0.0000 754.0000 167.0000 843.0000 200.0000 1.5881 1.6944 4.2600 9.6422 1.2941 36.6415 0.2624 0.9613
Car 0.0000 0.0000 0.0000 484.0000 170.0000 508.0000 192.0000 2.0705 1.8100 4.5939 -10.6649 1.7065 68.6538 1.5159 0.9607
