Car 0.0000 0.0000 0.0000 370.0000 175.0000 491.0000 256.0000 1.5498 1.6447 4.0478 -3.8462 1.6011 16.0707 1.5708 0.9999
Car 0.0000 0.0000 0.0000 579.0000 171.0000 643.0000 233.0000 1.5808 1.6458 3.7004 0.0424 1.5314 20.4317 1.5708 0.9997
Car 0.0000 0.0000 0.0000 239.0000 183.0000 355.0000 245.0000 1.4802 1.5794 3.5023 -8.2112 1.7265 19.2098 1.5695 0.9996
Car 0.0000 0.0000 0.0000 460.0000 175.0000 518.0000 218.0000 1.5355 1.5938 3.7008 -4.5812 1.5828 27.8086 1.5708 0.9993
Car 0.0000 0.0000 0.0000 343.0000 178.0000 418.0000 220.0000 1.5249 1.6207 4.1121 -8.8427 1.6873 28.1339 1.5708 0.9986
Car 0.0000 0.0000 0.0000 310.0000 177.0000 370.0000 210.0000 1.4644 1.5793 3.8289 -12.8570 1.6182 34.6048 1.5353 0.9945
Car 0.0000 0.0000 0.0000 -1449.0000 -224.0000 313.0000 783.0000 2.4736 1.9789 5.6889 -4.1395 1.5197 4.6140 1.5708 0.9942
Car 0.0000 0.0000 0.0000 519.0000 176.0000 551.0000 199.0000 1.4437 1.5698 3.9899 -4.8187 1.5711 47.5183 1.5708 0.9942
Car 0.0000 0.0000 0.0000 494.0000 177.0000 534.0000 207.0000 1.5290 1.5926 3.7792 -5.0874 1.6936 38.9876 1.5708 0.9898
Car 0.0000 0.0000 0.0000 441.0000 169.0000 471.0000 190.0000 1.7111 1.7002 4.1265 -13.0207 1.3550 61.6842 1.5708 0.9874
Car 0.0000 0.0000 0.0000 576.0000 177.0000 617.0000 216.0000 1.4838 1.5958 3.8899 -0.5034 1.6224 29.9952 1.5708 0.9711
Car 0.0000 0.0000 0.0000 434.0000 171.0000 476.0000 199.0000 1.5317 1.6115 3.7440 -8.8693 1.3986 41.7422 1.5708 0.9663
Car 0.0000 0.0000 0.0000 523.0000 167.0000 548.0000 196.0000 2.1715 1.8281 5.0076 -5.8555 1.6894 57.0973 1.4404 0.9620
