Car 0.0000 0.0000 0.0000 345.0000 177.0000 487.0000 274.0000 1.5322 1.5856 3.7258 -3.4508 1.6055 13.4157 1.5708 0.9999
Car 0.0000 0.0000 0.0000 427.0000 170.0000 514.0000 244.0000 1.6924 1.5995 3.4435 -3.4523 1.6249 18.3729 1.5571 0.9998
Car 0.0000 0.0000 0.0000 735.0000 170.0000 882.0000 270.0000 1.5277 1.5647 3.7673 3.4057 1.4939 13.1015 1.5597 0.9997
Car 0.0000 0.0000 0.0000 690.0000 157.0000 786.0000 235.0000 1.8420 1.7223 4.2195 3.3014 1.4613 19.2992 1.5488 0.9995
Car 0.0000 0.0000 0.0000 462.0000 175.0000 525.0000 221.0000 1.4770 1.5825 3.8846 -4.0226 1.5293 25.4325 1.5704 0.9993
Car 0.0000 0.0000 0.0000 -637.0000 155.0000 311.0000 672.0000 1.7413 1.6263 4.0664 -3.5325 1.7002 4.4961 1.5472 0.9989
Car 0.0000 0.0000 0.0000 1123.0000 85.0000 1725.0000 290.0000 2.1775 1.8049 5.1962 9.4612 1.2443 8.7196 0.0043 0.9973
Car 0.0000 0.0000 0.0000 512.0000 175.0000 542.0000 200.0000 1.5137 1.6129 4.0341 -5.1406 1.5687 45.6040 1.5121 0.9967
Car 0.0000 0.0000 0.0000 449.0000 161.0000 473.0000 179.0000 1.5782 1.6271 3.9793 -12.8479 0.4542 62.9936 1.4728 0.9954
Car 0.0000 0.0000 0.0000 487.0000 165.0000 509.0000 186.0000 1.6016 1.6573 3.9798 -8.9971 0.9275 58.5588 1.3980 0.9930
