Car 0.0000 0.0000 0.0000 761.0000 181.0000 1001.0000 341.0000 1.6067 1.6376 3.7168 3.1217 1.7054 9.1815 1.5708 1.0000
Car 0.0000 0.0000 0.0000 681.0000 183.0000 747.0000 234.0000 1.4827 1.5377 3.2702 3.2091 1.7691 22.6501 1.5618 0.9999
Car 0.0000 0.0000 0.0000 893.0000 192.0000 1789.0000 675.0000 1.5401 1.5987 3.5430 3.0986 1.6871 4.1770 1.5708 0.9998
Car 0.0000 0.0000 0.0000 270.0000 179.0000 443.0000 249.0000 1.6007 1.5477 3.6882 -6.1498 1.7542 17.6789 0.0692 0.9994
Car 0.0000 0.0000 0.0000 131.0000 173.0000 373.0000 273.0000 1.6930 1.6037 3.6387 -6.4613 1.7076 13.1855 0.0389 0.9992
Car 0.0000 0.0000 0.0000 640.0000 173.0000 669.0000 204.0000 2.0534 1.8248 4.6214 3.1466 1.9916 49.6319 1.5708 0.9991
Car 0.0000 0.0000 0.0000 -256.0000 188.0000 236.0000 354.0000 1.5258 1.5878 3.9189 -6.3734 1.7058 7.6442 0.0235 0.9985
Car 0.0000 0.0000 0.0000 348.0000 175.0000 489.0000 232.0000 1.6722 1.6205 3.9529 -5.9095 1.7249 22.5036 0.0397 0.9983
Car 0.0000 0.0000 0.0000 431.0000 170.0000 524.0000 207.0000 1.8086 1.7517 4.3488 -6.6380 1.6450 36.7047 0.0620 0.9983
Car 0.0000 0.0000 0.0000 392.0000 181.0000 499.0000 223.0000 1.5405 1.5464 3.7004 -6.1756 1.8097 27.3782 0.0189 0.9982
Car 0.0000 0.0000 0.0000 732.0000 179.0000 833.0000 218.0000 1.5250 1.6169 3.8529 7.1587 1.7660 30.0286 0.0764 0.9981
Car 0.0000 0.0000 0.0000 222.0000 184.0000 431.0000 263.0000 1.5575 1.6003 3.8161 -5.9372 1.7912 15.2907 0.0537 0.9979
Car 0.0000 0.0000 0.0000 330.0000 185.0000 480.0000 242.0000 1.4901 1.5811 3.7148 -5.6790 1.8224 20.1561 0.0985 0.9974
Car 0.0000 0.0000 0.0000 502.0000 174.0000 560.0000 202.0000 1.8717 1.6716 3.8724 -5.5147 1.9220 51.4529 0.0238 0.9956
Car 0.0000 0.0000 0.0000 719.0000 176.0000 813.0000 214.0000 1.6097 1.6178 3.9520 7.0642 1.7410 32.6935 0.0787 0.9863
