Car 0.0000 0.0000 0.0000 731.0000 163.0000 996.0000 352.0000 1.7393 1.6917 4.1358 2.6894 1.6651 8.7811 1.5541 0.9999
Car 0.0000 0.0000 0.0000 702.0000 179.0000 821.0000 266.0000 1.4882 1.5509 3.6603 2.8464 1.6012 14.2833 1.5707 0.9998
Car 0.0000 0.0000 0.0000 186.0000 159.0000 430.0000 258.0000 1.9671 1.7725 4.4978 -6.3506 1.6839 15.4667 -0.0037 0.9997
Car 0.0000 0.0000 0.0000 676.0000 174.0000 756.0000 241.0000 1.6405 1.5987 3.6337 2.8170 1.6650 19.7722 1.5590 0.9995
Car 0.0000 0.0000 0.0000 131.0000 170.0000 376.0000 273.0000 1.7570 1.5918 3.7018 -6.4351 1.7088 13.1916 0.0390 0.9995
Car 0.0000 0.0000 0.0000 23.0000 179.0000 326.0000 295.0000 1.5988 1.5691 3.6694 -6.4838 1.6995 10.9140 0.0366 0.9994
Car 0.0000 0.0000 0.0000 650.0000 175.0000 692.0000 211.0000 1.5105 1.6128 3.8834 2.6829 1.5660 31.8976 1.5708 0.9992
Car 0.0000 0.0000 0.0000 -128.0000 188.0000 270.0000 339.0000 1.5558 1.5230 3.6105 -6.1509 1.7438 8.3878 0.0728 0.9990
Car 0.0000 0.0000 0.0000 340.0000 171.0000 475.0000 222.0000 1.5114 1.5371 3.7931 -6.2873 1.4590 22.6162 0.0737 0.9990
Car 0.0000 0.0000 0.0000 401.0000 177.0000 506.0000 215.0000 1.4938 1.5907 4.0218 -6.4991 1.6535 30.2483 0.0710 0.9980
Car 0.0000 0.0000 0.0000 439.0000 173.0000 522.0000 209.0000 1.6619 1.5620 3.7224 -6.2388 1.6406 35.0672 0.0378 0.9974
Car 0.0000 0.0000 0.0000 -502.0000 182.0000 176.0000 411.0000 1.6229 1.6288 4.0008 -6.1343 1.7102 5.9904 0.0352 0.9972
Car 0.0000 0.0000 0.0000 639.0000 170.0000 671.0000 202.0000 1.7827 1.7389 4.2036 2.6946 1.5941 42.8212 1.5708 0.9962
Car 0.0000 0.0000 0.0000 255.0000 166.0000 417.0000 235.0000 1.6173 1.5255 3.4096 -6.7298 1.4549 17.8421 0.0914 0.9957
Car 0.0000 0.0000 0.0000 307.0000 181.0000 451.0000 238.0000 1.4851 1.5165 3.4701 -6.3248 1.7084 19.9205 0.0844 0.9936
Car 0.0000 0.0000 0.0000 532.0000 170.0000 564.0000 194.0000 1.6753 1.6521 3.9535 -4.4514 1.3923 53.1674 -1.4694 0.9753
Car 0.0000 0.0000 0.0000 688.0000 162.0000 739.0000 181.0000 1.5499 1.6479 4.3609 9.1331 0.5473 63.0923 0.1104 0.9664
Car 0.0000 0.0000 0.0000 503.0000 168.0000 552.0000 188.0000 1.6760 1.6176 3.9037 -6.8890 1.1808 61.5281 0.0746 0.9615
