Car 0.0000 0.0000 0.0000 723.0000 193.0000 815.0000 261.0000 1.5300 1.5739 3.4006 4.0237 2.0573 18.6830 1.5660 0.9999
Car 0.0000 0.0000 0.0000 529.0000 182.0000 577.0000 220.0000 1.5046 1.5958 3.6335 -2.3626 1.8605 31.1517 1.5708 0.9998
Car 0.0000 0.0000 0.0000 750.0000 192.0000 896.0000 293.0000 1.4867 1.5974 4.1979 3.7254 1.8684 13.3675 1.5708 0.9998
Car 0.0000 0.0000 0.0000 281.0000 146.0000 508.0000 327.0000 1.8617 1.7130 4.2885 -2.5591 1.5966 9.5963 1.5708 0.9998
Car 0.0000 0.0000 0.0000 420.0000 183.0000 533.0000 266.0000 1.4998 1.5934 3.7281 -2.6583 1.7055 15.0901 1.5708 0.9997
Car 0.0000 0.0000 0.0000 841.0000 201.0000 1250.0000 419.0000 1.4776 1.5973 4.3262 3.9078 1.8283 7.5089 1.5647 0.9997
Car 0.0000 0.0000 0.0000 696.0000 188.0000 761.0000 239.0000 1.6332 1.6083 3.0962 4.1233 2.1418 25.2869 1.5253 0.9997
Car 0.0000 0.0000 0.0000 675.0000 187.0000 736.0000 229.0000 1.5617 1.6509 4.2525 3.9717 2.1474 30.2651 1.4898 0.9983
Car 0.0000 0.0000 0.0000 468.0000 187.0000 496.0000 210.0000 1.5072 1.5976 4.0230 -9.2141 2.5003 52.5472 1.5016 0.9946
Car 0.0000 0.0000 0.0000 -4264.0000 -1666.0000 1750.0000 602.0000 1.4852 1.5434 3.4649 3.5994 1.6567 1.0760 1.5708 0.9811
Car 0.0000 0.0000 0.0000 691.0000 192.0000 713.0000 212.0000 1.5179 1.6234 3.8792 7.8136 3.0560 59.9832 -1.4002 0.9810
Car 0.0000 0.0000 0.0000 730.0000 169.0000 797.0000 196.0000 2.2978 1.8572 5.5996 13.5742 1.9147 63.0150 0.2680 0.9765
Car 0.0000 0.0000 0.0000 671.0000 181.0000 715.0000 215.0000 1.5365 1.6163 4.0686 4.1111 1.9120 35.8001 1.5512 0.9656
