Car 0.0000 0.0000 0.0000 428.0000 173.0000 537.0000 214.0000 1.5955 1.6521 4.1790 -5.1991 1.5927 29.8658 0.0703 0.9996
Car 0.0000 0.0000 0.0000 182.0000 186.0000 409.0000 269.0000 1.4898 1.5449 3.7860 -6.0513 1.7486 14.0350 0.0936 0.9994
Car 0.0000 0.0000 0.0000 674.0000 171.0000 798.0000 218.0000 1.5798 1.6682 4.1366 4.4360 1.5137 25.6447 0.0470 0.9994
Car 0.0000 0.0000 0.0000 76.0000 170.0000 363.0000 284.0000 1.6615 1.6175 3.8850 -6.2241 1.6357 11.6210 0.1569 0.9993
Car 0.0000 0.0000 0.0000 -139.0000 182.0000 253.0000 324.0000 1.5164 1.5561 3.6375 -6.4997 1.6316 8.6317 0.0842 0.9985
Car 0.0000 0.0000 0.0000 -619.0000 160.0000 123.0000 442.0000 1.7883 1.6369 3.9219 -6.2470 1.7288 5.4994 0.0598 0.9978
Car 0.0000 0.0000 0.0000 1015.0000 168.0000 1101.0000 209.0000 1.4885 1.5749 3.8810 17.2106 1.2804 27.8095 -1.3604 0.9973
Car 0.0000 0.0000 0.0000 1085.0000 160.0000 1295.0000 235.0000 1.5477 1.6263 4.1647 13.5564 1.2797 17.1959 1.5708 0.9970
Car 0.0000 0.0000 0.0000 663.0000 162.0000 762.0000 204.0000 1.6294 1.6105 3.7578 4.0724 1.1714 28.8548 0.0279 0.9924
Car 0.0000 0.0000 0.0000 1237.0000 105.0000 1930.0000 359.0000 2.3254 1.9888 5.0699 11.1685 1.7175 9.1760 1.5708 0.9685
