Car 0.0000 0.0000 0.0000 436.0000 180.0000 514.0000 233.0000 1.4669 1.6114 3.8315 -4.0060 1.6458 21.9803 1.5708 0.9999
Car 0.0000 0.0000 0.0000 134.0000 177.0000 450.0000 376.0000 1.6642 1.7231 4.2977 -3.1912 1.7120 8.2164 1.5666 0.9997
Car 0.0000 0.0000 0.0000 568.0000 178.0000 611.0000 220.0000 1.6410 1.6704 3.9533 -0.7619 1.8022 30.0074 1.5708 0.9996
Car 0.0000 0.0000 0.0000 503.0000 172.0000 547.0000 208.0000 1.5888 1.5785 3.9406 -3.9192 1.5166 34.0702 1.5708 0.9996
Car 0.0000 0.0000 0.0000 70.0000 177.0000 278.0000 268.0000 1.4723 1.5846 3.9223 -8.0513 1.5362 13.7227 1.5708 0.9987
Car 0.0000 0.0000 0.0000 334.0000 176.0000 420.0000 223.0000 1.5388 1.6508 4.2364 -8.2565 1.6138 25.9565 1.5708 0.9980
Car 0.0000 0.0000 0.0000 224.0000 180.0000 350.0000 241.0000 1.4898 1.5722 3.7920 -8.7355 1.6804 19.8243 1.5708 0.9923
Car 0.0000 0.0000 0.0000 -187.0000 190.0000 86.0000 282.0000 1.4910 1.6025 4.0967 -12.6616 1.8342 14.1852 1.5708 0.9917
Car 0.0000 0.0000 0.0000 401.0000 181.0000 456.0000 216.0000 1.4960 1.5559 3.8582 -8.1948 1.8119 32.9110 1.5665 0.9690
Car 0.0000 0.0000 0.0000 121.0000 183.0000 256.0000 238.0000 1.4556 1.5595 3.8233 -12.2945 1.7255 21.3044 1.5708 0.9613
