Car 0.0000 0.0000 0.0000 533.0000 178.0000 600.0000 239.0000 1.5777 1.6263 3.7450 -1.3429 1.7163 20.9892 1.4305 0.9998
Car 0.0000 0.0000 0.0000 -53.0000 189.0000 236.0000 325.0000 1.4528 1.6009 3.8909 -6.8953 1.7007 10.0868 1.4594 0.9998
Car 0.0000 0.0000 0.0000 430.0000 179.0000 496.0000 233.0000 1.5480 1.6498 3.7573 -4.5681 1.7130 22.8614 1.4831 0.9997
Car 0.0000 0.0000 0.0000 102.0000 182.0000 226.0000 240.0000 1.4427 1.5725 3.3785 -12.2238 1.6747 19.9702 1.4850 0.9996
Car 0.0000 0.0000 0.0000 201.0000 178.0000 338.0000 245.0000 1.5307 1.6901 4.4344 -8.7315 1.6458 18.8931 1.5167 0.9991
Car 0.0000 0.0000 0.0000 201.0000 164.0000 282.0000 208.0000 1.6160 1.6806 3.9871 -14.7594 1.2807 29.1053 1.4379 0.9988
Car 0.0000 0.0000 0.0000 -401.0000 149.0000 32.0000 309.0000 1.9338 1.7874 4.5845 -11.5703 1.6532 11.0863 1.5185 0.9987
Car 0.0000 0.0000 0.0000 327.0000 179.0000 397.0000 219.0000 1.5488 1.6512 4.0681 -10.3165 1.7777 30.3269 1.5402 0.9986
Car 0.0000 0.0000 0.0000 367.0000 178.0000 414.0000 208.0000 1.5332 1.6197 4.0236 -11.9024 1.7902 39.4515 1.5053 0.9939
Car 0.0000 0.0000 0.0000 -1912.0000 204.0000 -115.0000 794.0000 1.4328 1.5276 3.5103 -6.2186 1.6564 3.7459 1.4486 0.9931
Car 0.0000 0.0000 0.0000 296.0000 176.0000 348.0000 204.0000 1.5068 1.5952 4.0163 -16.4591 1.6575 41.4588 1.5117 0.9869
Car 0.0000 0.0000 0.0000 452.0000 163.0000 483.0000 202.0000 2.4149 1.8759 5.1690 -9.2282 1.7709 47.3155 1.3975 0.9838
Car 0.0000 0.0000 0.0000 409.0000 177.0000 435.0000 200.0000 1.6172 1.6441 3.8393 -14.0288 1.8905 54.1340 1.3840 0.9817
Car 0.0000 0.0000 0.0000 329.0000 179.0000 362.0000 200.0000 1.4974 1.6169 3.9661 -19.2291 1.8575 52.6998 1.3903 0.9813
