Car 0.0000 0.0000 0.0000 516.0000 169.0000 739.0000 390.0000 1.6039 1.6226 3.5706 0.1886 1.5914 7.0616 1.5708 0.9998
Car 0.0000 0.0000 0.0000 145.0000 193.0000 245.0000 225.0000 1.5252 1.6874 4.3980 -20.8492 2.5052 36.2791 0.2298 0.9997
Car 0.0000 0.0000 0.0000 560.0000 174.0000 725.0000 239.0000 1.6186 1.6631 4.1628 0.9142 1.6509 19.1253 0.1853 0.9996
Car 0.0000 0.0000 0.0000 832.0000 173.0000 928.0000 210.0000 1.6653 1.6746 4.0893 12.9681 1.6655 34.6196 0.1970 0.9995
Car 0.0000 0.0000 0.0000 706.0000 167.0000 842.0000 228.0000 1.7850 1.6911 3.9121 4.9720 1.5977 22.2422 0.1243 0.9994
Car 0.0000 0.0000 0.0000 947.0000 175.0000 1082.0000 218.0000 1.5546 1.6437 4.2000 15.4269 1.6172 27.5526 0.0544 0.9989
Car 0.0000 0.0000 0.0000 423.0000 179.0000 463.0000 201.0000 1.5889 1.7240 4.5173 -12.3469 1.9483 53.9014 1.5708 0.9984
Car 0.0000 0.0000 0.0000 330.0000 185.0000 374.0000 207.0000 1.4835 1.7058 3.8150 -18.6785 2.2971 52.5475 1.5708 0.9974
Car 0.0000 0.0000 0.0000 377.0000 183.0000 417.0000 205.0000 1.4508 1.6191 4.1254 -15.5004 2.1650 52.9486 1.5708 0.9941
Car 0.0000 0.0000 0.0000 635.0000 166.0000 660.0000 183.0000 1.5379 1.5889 3.9759 3.7514 0.8417 68.7103 -1.3239 0.9743
