Car 0.0000 0.0000 0.0000 658.0000 178.0000 709.0000 221.0000 1.5778 1.6094 3.3987 2.9537 1.7297 28.0162 -1.3618 0.9999
Car 0.0000 0.0000 0.0000 250.0000 188.0000 444.0000 314.0000 1.5588 1.6140 3.7983 -3.8582 1.8081 11.1829 1.5708 0.9998
Car 0.0000 0.0000 0.0000 402.0000 184.0000 504.0000 258.0000 1.5676 1.5727 3.6995 -3.6722 1.8178 17.4028 1.5708 0.9997
Car 0.0000 0.0000 0.0000 -468.0000 198.0000 306.0000 560.0000 1.5294 1.6568 4.3146 -4.1251 1.7763 5.4411 1.5708 0.9996
Car 0.0000 0.0000 0.0000 780.0000 170.0000 908.0000 253.0000 1.6550 1.6509 4.2247 5.2112 1.6051 16.6186 1.5708 0.9993
Car 0.0000 0.0000 0.0000 473.0000 187.0000 540.0000 237.0000 1.4495 1.5586 3.8707 -3.3078 1.9026 23.6584 1.5708 0.9992
Car 0.0000 0.0000 0.0000 500.0000 184.0000 559.0000 228.0000 1.5675 1.6318 4.2828 -3.0986 2.0046 28.7429 1.5708 0.9966
Car 0.0000 0.0000 0.0000 769.0000 175.0000 873.0000 231.0000 1.4669 1.6008 3.9082 6.3005 1.5143 21.1957 -0.9128 0.9949
Car 0.0000 0.0000 0.0000 670.0000 180.0000 730.0000 215.0000 1.4627 1.5131 3.4663 4.1378 1.7359 32.4031 -1.0723 0.9924
Car 0.0000 0.0000 0.0000 704.0000 175.0000 771.0000 207.0000 1.5407 1.6316 4.0582 6.5771 1.6119 36.6309 -0.9133 0.9917
