Car 0.0000 0.0000 0.0000 384.0000 189.0000 500.0000 274.0000 1.4747 1.6005 4.0348 -3.4070 1.8374 15.2437 1.5476 0.9999
Car 0.0000 0.0000 0.0000 225.0000 196.0000 380.0000 288.0000 1.4729 1.5507 3.5302 -5.8560 1.9537 14.1210 1.5692 0.9998
Car 0.0000 0.0000 0.0000 39.0000 204.0000 299.0000 342.0000 1.4473 1.5219 3.3369 -5.7659 1.9191 9.8521 1.5645 0.9996
Car 0.0000 0.0000 0.0000 468.0000 168.0000 541.0000 233.0000 1.9715 1.7599 4.5335 -3.4748 1.8204 24.5447 1.5708 0.9995
Car 0.0000 0.0000 0.0000 634.0000 178.0000 717.0000 212.0000 1.5560 1.6056 3.8851 3.1341 1.7531 34.4339 0.0418 0.9990
Car 0.0000 0.0000 0.0000 512.0000 185.0000 553.0000 218.0000 1.4821 1.5758 3.9168 -3.6537 2.0120 34.8590 1.5557 0.9986
Car 0.0000 0.0000 0.0000 357.0000 187.0000 446.0000 242.0000 1.4246 1.5386 4.1141 -6.0799 1.8280 21.4003 1.5471 0.9979
Car 0.0000 0.0000 0.0000 1107.0000 154.0000 1415.0000 254.0000 1.6931 1.6529 3.9768 11.7837 1.3870 13.2822 0.1095 0.9977
Car 0.0000 0.0000 0.0000 -1231.0000 228.0000 29.0000 738.0000 1.4590 1.5457 3.4231 -5.5057 1.8932 4.1439 1.5356 0.9962
Car 0.0000 0.0000 0.0000 610.0000 179.0000 638.0000 203.0000 1.5309 1.6281 3.9188 1.1019 1.8813 49.3239 -1.4715 0.9901
Car 0.0000 0.0000 0.0000 687.0000 160.0000 730.0000 178.0000 1.4962 1.5793 3.7567 8.7840 0.3109 63.5124 0.1093 0.9825
Car 0.0000 0.0000 0.0000 396.0000 184.0000 464.0000 228.0000 1.4468 1.5310 3.8659 -6.4726 1.8506 26.3238 1.5675 0.9746
