Car 0.0000 0.0000 0.0000 137.0000 194.0000 331.0000 290.0000 1.4636 1.5971 3.8767 -6.8869 1.8889 13.6520 1.5708 0.9996
Car 0.0000 0.0000 0.0000 589.0000 174.0000 639.0000 223.0000 1.5618 1.6300 3.6387 0.1559 1.5887 25.2007 1.5708 0.9995
Car 0.0000 0.0000 0.0000 357.0000 178.0000 419.0000 215.0000 1.7621 1.7547 4.1558 -11.0052 1.9661 36.1153 1.5708 0.9991
Car 0.0000 0.0000 0.0000 818.0000 160.0000 1114.0000 314.0000 1.4725 1.6301 4.2243 4.4860 1.3396 8.8359 -0.6823 0.9978
Car 0.0000 0.0000 0.0000 660.0000 165.0000 753.0000 206.0000 1.6044 1.6772 4.1850 4.1350 1.2475 30.1265 -0.8070 0.9969
Car 0.0000 0.0000 0.0000 716.0000 171.0000 875.0000 253.0000 1.5538 1.6205 3.9708 4.1322 1.5096 15.6788 -0.8120 0.9959
Car 0.0000 0.0000 0.0000 851.0000 170.0000 924.0000 201.0000 2.0561 1.7410 4.1712 18.6433 1.7883 48.2246 0.0548 0.9955
Car 0.0000 0.0000 0.0000 700.0000 175.0000 860.0000 234.0000 1.4436 1.5876 3.8643 4.5040 1.4849 19.1543 -0.2834 0.9939
Car 0.0000 0.0000 0.0000 339.0000 177.0000 386.0000 203.0000 1.4816 1.5707 3.6377 -15.0801 1.7064 44.2240 1.5708 0.9935
Car 0.0000 0.0000 0.0000 399.0000 180.0000 446.0000 208.0000 1.5782 1.6540 4.2826 -10.9629 1.9284 42.5834 1.5634 0.9927
Car 0.0000 0.0000 0.0000 519.0000 171.0000 545.0000 196.0000 2.1915 1.9099 5.1575 -6.9813 1.9682 66.3124 1.5649 0.9844
Car 0.0000 0.0000 0.0000 481.0000 179.0000 506.0000 195.0000 1.4423 1.5591 3.8713 -10.4166 1.8966 65.5131 1.5708 0.9783
Car 0.0000 0.0000 0.0000 599.0000 174.0000 626.0000 198.0000 1.5124 1.5998 3.7891 0.3101 1.5580 49.3975 1.5708 0.9752
Car 0.0000 0.0000 0.0000 649.0000 171.0000 736.0000 201.0000 1.4905 1.6430 4.1861 4.3203 1.3398 37.0278 -0.4577 0.9737
Car 0.0000 0.0000 0.0000 701.0000 171.0000 831.0000 223.0000 1.5822 1.6216 3.8886 4.9447 1.5208 23.0072 0.1768 0.9728
Car 0.0000 0.0000 0.0000 432.0000 179.0000 473.0000 202.0000 1.5176 1.6211 4.1961 -10.6995 1.8506 49.5226 1.5708 0.9721
