Car 0.0000 0.0000 0.0000 483.0000 186.0000 611.0000 268.0000 1.4637 1.5698 3.9291 -1.4896 1.7484 15.3267 1.1718 0.9998
Car 0.0000 0.0000 0.0000 378.0000 182.0000 434.0000 222.0000 1.4676 1.5506 3.8757 -8.2707 1.8065 29.0890 1.1251 0.9997
Car 0.0000 0.0000 0.0000 -238.0000 205.0000 94.0000 407.0000 1.5186 1.5965 4.0396 -7.2420 1.9474 8.1266 1.1180 0.9997
Car 0.0000 0.0000 0.0000 556.0000 172.0000 649.0000 207.0000 1.4815 1.5837 3.7343 -0.2844 1.4062 31.4344 0.3117 0.9996
Car 0.0000 0.0000 0.0000 188.0000 187.0000 225.0000 217.0000 1.5114 1.6199 3.9767 -22.2442 2.2675 39.9030 1.1013 0.9994
Car 0.0000 0.0000 0.0000 628.0000 108.0000 1019.0000 387.0000 2.2514 1.8835 4.7042 1.9325 1.7328 8.3274 1.2233 0.9994
Car 0.0000 0.0000 0.0000 1063.0000 157.0000 1236.0000 252.0000 1.4923 1.5869 3.9472 9.8257 1.2454 13.4600 -1.1883 0.9992
Car 0.0000 0.0000 0.0000 -27.0000 195.0000 135.0000 309.0000 1.6009 1.5816 3.5776 -9.5495 2.0198 12.6010 1.1118 0.9991
Car 0.0000 0.0000 0.0000 925.0000 153.0000 1055.0000 235.0000 1.5464 1.6305 3.7877 8.0268 1.1678 15.5538 -1.3145 0.9981
Car 0.0000 0.0000 0.0000 365.0000 179.0000 406.0000 213.0000 1.5090 1.6139 4.1569 -10.7396 1.7605 34.3900 1.2158 0.9976
Car 0.0000 0.0000 0.0000 344.0000 177.0000 368.0000 196.0000 1.5231 1.6112 3.7655 -21.2707 1.8185 60.5546 1.1603 0.9959
