Car 0.0000 0.0000 0.0000 244.0000 192.0000 423.0000 263.0000 1.5216 1.6449 4.2769 -7.0038 2.0347 18.7005 -1.0488 0.9994
Car 0.0000 0.0000 0.0000 157.0000 195.0000 301.0000 254.0000 1.4695 1.5615 3.4698 -10.9782 2.1347 20.9687 -1.1293 0.9994
Car 0.0000 0.0000 0.0000 827.0000 172.0000 915.0000 235.0000 1.4506 1.5937 3.8753 6.8208 1.4145 18.5717 -1.0804 0.9993
Car 0.0000 0.0000 0.0000 540.0000 186.0000 721.0000 284.0000 1.5752 1.6887 4.4977 0.5968 1.8414 14.3137 -1.0573 0.9993
Car 0.0000 0.0000 0.0000 410.0000 183.0000 590.0000 280.0000 1.7908 1.6788 4.1804 -2.2650 2.0152 15.8734 -1.0513 0.9989
Car 0.0000 0.0000 0.0000 1121.0000 150.0000 1194.0000 197.0000 2.0413 1.8861 4.9067 25.3405 1.0047 33.1942 -0.7566 0.9958
Car 0.0000 0.0000 0.0000 1720.0000 136.0000 2474.0000 328.0000 1.5637 1.6204 3.7452 15.1910 1.2679 7.8775 -1.1128 0.9956
Car 0.0000 0.0000 0.0000 -435.0000 221.0000 -306.0000 285.0000 1.4774 1.5615 3.6258 -26.7142 2.8177 19.5757 0.4866 0.9920
Car 0.0000 0.0000 0.0000 991.0000 160.0000 1150.0000 304.0000 1.7578 1.7030 4.1402 6.8871 1.6037 11.0498 -1.0490 0.9913
Car 0.0000 0.0000 0.0000 -225.0000 220.0000 -79.0000 281.0000 1.4305 1.5984 3.8997 -21.3062 2.7883 20.0990 0.4182 0.9901
Car 0.0000 0.0000 0.0000 -1112.0000 241.0000 -624.0000 484.0000 1.4029 1.5962 3.9070 -13.1014 2.1490 6.6339 0.5507 0.9897
