Car 0.0000 0.0000 0.0000 -122.0000 175.0000 253.0000 307.0000 1.6730 1.6591 4.0849 -7.5492 1.7147 10.2086 0.0025 0.9995
Car 0.0000 0.0000 0.0000 103.0000 175.0000 312.0000 263.0000 1.6601 1.5847 3.6771 -8.2851 1.6958 15.1535 -0.3928 0.9995
Car 0.0000 0.0000 0.0000 456.0000 181.0000 493.0000 205.0000 1.5375 1.6273 3.8843 -9.0045 2.0172 48.0986 1.1798 0.9992
Car 0.0000 0.0000 0.0000 817.0000 176.0000 1182.0000 316.0000 1.5488 1.5739 3.6209 4.5707 1.5923 8.8749 0.0264 0.9987
Car 0.0000 0.0000 0.0000 168.0000 179.0000 346.0000 253.0000 1.6374 1.6084 3.7182 -8.4725 1.7826 17.5972 -0.3177 0.9978
Car 0.0000 0.0000 0.0000 1133.0000 185.0000 1194.0000 228.0000 1.5212 1.6520 4.1126 21.7716 1.9773 28.2351 -0.8591 0.9976
Car 0.0000 0.0000 0.0000 59.0000 179.0000 251.0000 282.0000 1.5745 1.5419 3.5714 -8.0631 1.6744 12.6551 0.5938 0.9949
Car 0.0000 0.0000 0.0000 758.0000 182.0000 1014.0000 297.0000 1.4984 1.5218 3.4967 4.1769 1.6459 11.3817 0.9349 0.9910
Car 0.0000 0.0000 0.0000 1024.0000 182.0000 1102.0000 208.0000 1.5173 1.5807 4.1742 27.8310 2.0131 44.2562 1.3906 0.9905
Car 0.0000 0.0000 0.0000 314.0000 177.0000 395.0000 205.0000 1.4504 1.5891 3.9977 -14.1461 1.6410 40.1052 -0.5504 0.9862
Car 0.0000 0.0000 0.0000 -968.0000 188.0000 -64.0000 466.0000 1.5765 1.6004 4.0426 -7.4727 1.7043 5.0240 0.0471 0.9788
Car 0.0000 0.0000 0.0000 229.0000 171.0000 366.0000 228.0000 1.7920 1.6555 3.8886 -10.2985 1.7066 23.9715 -0.1277 0.9694
