Car 0.0000 0.0000 0.0000 738.0000 186.0000 895.0000 288.0000 1.4475 1.5781 3.9913 3.3502 1.6742 12.5115 1.5708 0.9999
Car 0.0000 0.0000 0.0000 568.0000 177.0000 623.0000 227.0000 1.5180 1.6481 3.6791 -0.3981 1.6342 23.8069 1.5708 0.9998
Car 0.0000 0.0000 0.0000 392.0000 177.0000 510.0000 221.0000 1.4743 1.5971 3.7366 -5.5215 1.5976 25.1766 0.3086 0.9998
Car 0.0000 0.0000 0.0000 652.0000 160.0000 704.0000 215.0000 2.3103 1.9585 5.0933 3.0895 1.7490 33.1882 1.5708 0.9997
Car 0.0000 0.0000 0.0000 -329.0000 187.0000 70.0000 337.0000 1.5000 1.5444 3.4716 -9.0024 1.6909 9.1896 1.5666 0.9991
Car 0.0000 0.0000 0.0000 592.0000 170.0000 631.0000 208.0000 1.6029 1.6476 3.9883 0.1008 1.4639 32.9316 1.5692 0.9991
Car 0.0000 0.0000 0.0000 76.0000 188.0000 346.0000 340.0000 1.5056 1.6038 3.5115 -5.0617 1.6950 8.9410 0.6312 0.9990
Car 0.0000 0.0000 0.0000 -30.0000 180.0000 82.0000 218.0000 1.4077 1.5366 3.7022 -23.3825 1.6714 28.9961 1.5708 0.9989
Car 0.0000 0.0000 0.0000 -344.0000 180.0000 -36.0000 270.0000 1.4588 1.5828 3.8510 -14.9716 1.5947 13.7980 1.5708 0.9988
Car 0.0000 0.0000 0.0000 554.0000 179.0000 585.0000 204.0000 1.4658 1.6064 3.8233 -2.4252 1.7942 45.0387 1.5708 0.9986
Car 0.0000 0.0000 0.0000 -1960.0000 188.0000 -216.0000 1091.0000 1.5221 1.5686 3.3380 -5.0003 1.5950 3.0001 0.8410 0.9977
Car 0.0000 0.0000 0.0000 482.0000 173.0000 533.0000 206.0000 1.5541 1.6239 4.0417 -5.2476 1.5343 36.7988 1.1739 0.9939
Car 0.0000 0.0000 0.0000 333.0000 176.0000 385.0000 207.0000 1.7133 1.6528 4.1059 -14.7862 1.8583 42.7993 1.5635 0.9934
Car 0.0000 0.0000 0.0000 430.0000 156.0000 475.0000 185.0000 1.6114 1.6526 3.9862 -8.9548 0.6335 41.5278 1.5708 0.9897
Car 0.0000 0.0000 0.0000 624.0000 179.0000 642.0000 195.0000 1.4613 1.6018 3.9844 2.3772 1.9401 69.4920 1.5708 0.9681
Car 0.0000 0.0000 0.0000 619.0000 183.0000 648.0000 209.0000 1.5140 1.6020 4.0929 1.5941 2.0867 44.6723 1.5708 0.9637
