Car 0.0000 0.0000 0.0000 281.0000 191.0000 419.0000 271.0000 1.5120 1.6483 3.9780 -5.7114 1.9434 16.3119 1.5708 0.9998
Car 0.0000 0.0000 0.0000 422.0000 186.0000 488.0000 230.0000 1.4839 1.5627 3.6543 -5.6236 1.9350 26.5617 1.5708 0.9998
Car 0.0000 0.0000 0.0000 373.0000 186.0000 463.0000 243.0000 1.5247 1.6138 3.8236 -5.6980 1.9139 21.7836 1.5708 0.9998
Car 0.0000 0.0000 0.0000 789.0000 157.0000 909.0000 199.0000 1.5653 1.6367 4.1590 9.3404 0.9288 28.2414 0.0534 0.9994
Car 0.0000 0.0000 0.0000 491.0000 182.0000 533.0000 212.0000 1.5727 1.6304 4.1605 -5.3401 2.0241 40.0578 1.5708 0.9992
Car 0.0000 0.0000 0.0000 457.0000 183.0000 509.0000 220.0000 1.5194 1.6124 4.1234 -5.6388 1.9478 32.5896 1.5708 0.9989
Car 0.0000 0.0000 0.0000 -833.0000 212.0000 108.0000 594.0000 1.5629 1.6445 3.8526 -5.8561 1.9352 5.2265 1.5708 0.9963
Car 0.0000 0.0000 0.0000 1144.0000 140.0000 1298.0000 183.0000 1.5303 1.7043 4.2944 23.0986 0.3058 27.3073 0.0412 0.9945
Car 0.0000 0.0000 0.0000 773.0000 162.0000 843.0000 197.0000 1.5282 1.5861 3.8940 9.2539 1.0213 33.3162 -0.8491 0.9945
Car 0.0000 0.0000 0.0000 1040.0000 142.0000 1152.0000 177.0000 1.6411 1.7215 4.2440 23.9421 0.1454 35.4761 0.0609 0.9927
Car 0.0000 0.0000 0.0000 743.0000 148.0000 833.0000 181.0000 1.8148 1.8232 4.6905 10.2211 0.3649 41.2135 0.0035 0.9897
Car 0.0000 0.0000 0.0000 952.0000 149.0000 1048.0000 182.0000 1.6810 1.6699 4.2269 20.9667 0.4098 38.7001 0.0228 0.9786
Car 0.0000 0.0000 0.0000 974.0000 150.0000 1056.0000 178.0000 1.5891 1.6131 3.8817 23.9495 0.2219 42.5201 0.0373 0.9772
