Car 0.0000 0.0000 0.0000 666.0000 175.0000 723.0000 220.0000 1.5462 1.5980 3.5907 3.0849 1.6072 26.6379 1.5538 0.9999
Car 0.0000 0.0000 0.0000 311.0000 188.0000 443.0000 263.0000 1.5562 1.6201 4.0731 -5.5751 1.9485 17.7487 -1.4741 0.9998
Car 0.0000 0.0000 0.0000 741.0000 182.0000 900.0000 286.0000 1.4811 1.5541 3.6911 3.3841 1.6383 12.3096 1.5512 0.9998
Car 0.0000 0.0000 0.0000 458.0000 182.0000 508.0000 218.0000 1.5393 1.5987 3.6713 -5.6960 1.9155 32.8908 1.5708 0.9998
Car 0.0000 0.0000 0.0000 699.0000 179.0000 792.0000 247.0000 1.5170 1.5802 3.9493 3.2683 1.6442 18.0623 1.5708 0.9997
Car 0.0000 0.0000 0.0000 1013.0000 189.0000 7393.0000 2837.0000 1.5427 1.6051 4.0466 3.2661 1.6303 2.4684 1.5708 0.9996
Car 0.0000 0.0000 0.0000 -81.0000 201.0000 275.0000 372.0000 1.5138 1.6257 3.7600 -5.8131 1.9009 8.7475 1.5708 0.9996
Car 0.0000 0.0000 0.0000 484.0000 182.0000 525.0000 212.0000 1.4753 1.5598 3.5745 -5.4819 1.9370 38.0039 1.5708 0.9973
Car 0.0000 0.0000 0.0000 659.0000 176.0000 706.0000 212.0000 1.5158 1.5412 3.3998 3.2151 1.6004 32.0411 1.5041 0.9958
Car 0.0000 0.0000 0.0000 4.0000 188.0000 167.0000 241.0000 1.4685 1.5476 3.8960 -15.6861 1.9300 21.6384 0.0755 0.9644
