Car 0.0000 0.0000 0.0000 350.0000 184.0000 402.0000 226.0000 1.5555 1.6459 3.8377 -9.5305 1.9930 29.2282 1.1630 0.9998
Car 0.0000 0.0000 0.0000 453.0000 190.0000 574.0000 269.0000 1.4374 1.5599 3.5975 -2.1931 1.8061 15.5176 1.1321 0.9997
Car 0.0000 0.0000 0.0000 -262.0000 207.0000 70.0000 406.0000 1.5293 1.5938 4.0537 -7.6569 1.9898 8.2752 1.1002 0.9994
Car 0.0000 0.0000 0.0000 604.0000 122.0000 940.0000 367.0000 2.2312 1.8583 4.7061 1.5862 1.7727 9.0828 1.2225 0.9993
Car 0.0000 0.0000 0.0000 1003.0000 164.0000 1159.0000 251.0000 1.4825 1.5818 3.8280 9.1464 1.3264 14.3189 -1.2667 0.9991
Car 0.0000 0.0000 0.0000 523.0000 173.0000 616.0000 214.0000 1.7451 1.6568 3.8113 -1.7313 1.7343 31.9170 0.2300 0.9990
Car 0.0000 0.0000 0.0000 889.0000 165.0000 986.0000 240.0000 1.5037 1.5799 3.8031 7.3499 1.3446 16.4465 -1.2538 0.9986
Car 0.0000 0.0000 0.0000 -57.0000 199.0000 101.0000 311.0000 1.5628 1.5805 3.6508 -10.1621 2.0523 12.6747 1.0554 0.9964
Car 0.0000 0.0000 0.0000 448.0000 175.0000 534.0000 206.0000 1.5745 1.6605 4.0913 -6.1307 1.6282 37.5510 0.2166 0.9937
Car 0.0000 0.0000 0.0000 146.0000 190.0000 191.0000 220.0000 1.4910 1.5889 3.7331 -23.9972 2.3899 39.3317 1.1562 0.9920
Car 0.0000 0.0000 0.0000 515.0000 176.0000 603.0000 213.0000 1.7144 1.6454 4.0282 -2.3690 1.8416 34.7430 0.0522 0.9830
Car 0.0000 0.0000 0.0000 312.0000 181.0000 333.0000 200.0000 1.4755 1.6229 3.7465 -23.9069 2.1095 60.1557 1.1890 0.9773
Car 0.0000 0.0000 0.0000 331.0000 181.0000 377.0000 214.0000 1.4766 1.5729 4.0108 -12.2128 1.8234 34.3532 1.1138 0.9742
