Car 0.0000 0.0000 0.0000 236.0000 180.0000 471.0000 327.0000 1.6138 1.5978 3.7128 -3.2522 1.7071 9.8568 -1.4758 0.9999
Car 0.0000 0.0000 0.0000 754.0000 184.0000 929.0000 301.0000 1.4519 1.5580 3.8125 3.3142 1.6231 11.0723 1.5708 0.9998
Car 0.0000 0.0000 0.0000 840.0000 178.0000 1466.0000 515.0000 1.5149 1.6296 3.9747 3.0475 1.5545 5.2418 1.5708 0.9997
Car 0.0000 0.0000 0.0000 794.0000 163.0000 931.0000 213.0000 1.6131 1.6514 4.0852 8.4656 1.2731 24.3465 0.0723 0.9997
Car 0.0000 0.0000 0.0000 385.0000 153.0000 528.0000 269.0000 2.1261 1.7721 4.6882 -3.0991 1.7647 15.5659 1.5708 0.9996
Car 0.0000 0.0000 0.0000 463.0000 169.0000 546.0000 235.0000 1.6839 1.6960 4.3579 -2.9384 1.5835 20.9197 1.5708 0.9995
Car 0.0000 0.0000 0.0000 506.0000 176.0000 564.0000 224.0000 1.6046 1.6348 4.1605 -2.6426 1.6899 26.4648 1.5708 0.9995
Car 0.0000 0.0000 0.0000 787.0000 163.0000 929.0000 217.0000 1.9008 1.7698 4.6524 9.2032 1.5475 26.8933 0.0249 0.9990
Car 0.0000 0.0000 0.0000 905.0000 159.0000 1055.0000 225.0000 1.5260 1.5896 3.9276 9.5235 1.1788 18.4557 -0.5425 0.9983
Car 0.0000 0.0000 0.0000 872.0000 168.0000 998.0000 223.0000 1.4910 1.5364 3.6687 9.6138 1.3230 21.2183 -0.5402 0.9966
Car 0.0000 0.0000 0.0000 1048.0000 160.0000 1247.0000 256.0000 1.4782 1.5308 3.6661 9.4634 1.2591 12.6213 -0.5502 0.9925
Car 0.0000 0.0000 0.0000 1006.0000 163.0000 1122.0000 245.0000 1.5263 1.5513 3.7643 9.6166 1.3424 15.5108 -1.1575 0.9868
Car 0.0000 0.0000 0.0000 1171.0000 156.0000 1433.0000 283.0000 1.4629 1.5343 3.7529 9.4951 1.2522 9.8530 -0.5075 0.9767
Car 0.0000 0.0000 0.0000 751.0000 174.0000 775.0000 195.0000 1.5193 1.6172 3.9566 11.7844 1.5161 54.9781 -1.4020 0.9668
