Car 0.0000 0.0000 0.0000 342.0000 180.0000 500.0000 285.0000 1.5932 1.6726 4.3068 -3.2384 1.7108 13.1509 1.5708 0.9999
Car 0.0000 0.0000 0.0000 560.0000 175.0000 607.0000 221.0000 1.6467 1.6862 3.7948 -0.9611 1.7230 28.0531 1.5525 0.9998
Car 0.0000 0.0000 0.0000 468.0000 174.0000 527.0000 217.0000 1.4932 1.6339 3.6388 -4.1127 1.4993 26.8367 1.5683 0.9998
Car 0.0000 0.0000 0.0000 262.0000 178.0000 370.0000 234.0000 1.4390 1.5831 3.6042 -8.1944 1.5671 20.3934 1.5708 0.9997
Car 0.0000 0.0000 0.0000 512.0000 173.0000 550.0000 202.0000 1.4765 1.5828 3.8059 -4.1347 1.4336 38.7501 1.5708 0.9995
Car 0.0000 0.0000 0.0000 -142.0000 176.0000 203.0000 318.0000 1.5943 1.6617 3.9273 -7.7199 1.6429 10.1174 1.5708 0.9994
Car 0.0000 0.0000 0.0000 93.0000 178.0000 239.0000 235.0000 1.4891 1.6320 4.1763 -12.7788 1.6245 21.0727 1.5708 0.9992
Car 0.0000 0.0000 0.0000 239.0000 179.0000 326.0000 221.0000 1.4720 1.5861 3.9515 -12.6476 1.6938 28.0870 1.5708 0.9973
Car 0.0000 0.0000 0.0000 397.0000 169.0000 454.0000 205.0000 1.5192 1.6061 3.9319 -8.3573 1.3255 33.0892 1.5708 0.9897
Car 0.0000 0.0000 0.0000 344.0000 173.0000 398.0000 216.0000 1.4688 1.5779 3.8583 -8.8224 1.4521 26.8932 1.3374 0.9761
