Car 0.0000 0.0000 0.0000 587.0000 176.0000 639.0000 223.0000 1.4834 1.6155 3.4466 0.1190 1.5554 24.5290 1.5708 0.9999
Car 0.0000 0.0000 0.0000 282.0000 179.0000 453.0000 262.0000 1.5310 1.5755 3.4804 -5.0853 1.6465 14.9481 0.5988 0.9994
Car 0.0000 0.0000 0.0000 648.0000 170.0000 683.0000 206.0000 2.0091 1.8171 5.3212 3.2789 1.8010 42.5022 1.5708 0.9991
Car 0.0000 0.0000 0.0000 1057.0000 161.0000 1105.0000 184.0000 1.5774 1.6541 3.8142 33.7744 0.6690 51.5634 -1.3291 0.9988
Car 0.0000 0.0000 0.0000 333.0000 168.0000 511.0000 248.0000 1.8025 1.7256 4.2358 -4.7095 1.6911 17.9134 0.4961 0.9978
Car 0.0000 0.0000 0.0000 27.0000 61.0000 373.0000 385.0000 2.4024 1.9200 5.1224 -4.7512 1.5935 7.8129 0.7748 0.9969
Car 0.0000 0.0000 0.0000 479.0000 171.0000 557.0000 205.0000 1.7826 1.6363 3.8023 -4.9158 1.6656 38.9606 0.2993 0.9961
Car 0.0000 0.0000 0.0000 590.0000 173.0000 622.0000 204.0000 1.5342 1.6003 3.9250 -0.1446 1.4846 37.6661 1.5695 0.9923
Car 0.0000 0.0000 0.0000 602.0000 173.0000 620.0000 190.0000 1.4846 1.5918 3.8193 0.2024 1.3738 65.2975 1.5690 0.9873
Car 0.0000 0.0000 0.0000 468.0000 161.0000 521.0000 216.0000 1.8292 1.7317 4.4444 -4.2833 1.4135 26.3186 1.3801 0.9831
Car 0.0000 0.0000 0.0000 456.0000 150.0000 487.0000 175.0000 1.5798 1.6130 4.0615 -8.9901 0.0638 47.3445 1.4789 0.9782
Car 0.0000 0.0000 0.0000 1237.0000 168.0000 1290.0000 201.0000 1.6482 1.6853 4.0552 34.5512 1.3283 37.9387 -0.7452 0.9749
Car 0.0000 0.0000 0.0000 -143.0000 167.0000 164.0000 294.0000 1.5474 1.5944 3.7794 -8.5747 1.4813 10.7475 1.5140 0.9715
Car 0.0000 0.0000 0.0000 1006.0000 156.0000 1037.0000 175.0000 1.5926 1.7488 4.1865 35.1351 0.1088 61.1489 -0.9292 0.9647
