Car 0.0000 0.0000 0.0000 588.0000 177.0000 635.0000 223.0000 1.6112 1.6314 3.5399 0.0744 1.7414 27.1202 1.5708 0.9998
Car 0.0000 0.0000 0.0000 403.0000 177.0000 450.0000 205.0000 1.6147 1.6730 4.3503 -11.2695 1.8134 44.8175 1.5708 0.9996
Car 0.0000 0.0000 0.0000 431.0000 185.0000 482.0000 219.0000 1.4784 1.5699 3.7773 -7.1863 2.0108 34.1902 1.5708 0.9995
Car 0.0000 0.0000 0.0000 699.0000 165.0000 863.0000 240.0000 1.6470 1.6918 4.3244 4.3165 1.4439 17.8208 -0.6968 0.9983
Car 0.0000 0.0000 0.0000 908.0000 167.0000 1250.0000 386.0000 1.4822 1.6104 4.1518 4.6021 1.4412 6.8344 -0.7096 0.9977
Car 0.0000 0.0000 0.0000 673.0000 176.0000 771.0000 224.0000 1.4921 1.5743 3.7639 3.8560 1.5573 24.3085 -0.8902 0.9968
Car 0.0000 0.0000 0.0000 383.0000 179.0000 420.0000 201.0000 1.4865 1.5911 3.7618 -15.2172 1.8894 52.9678 1.5708 0.9966
Car 0.0000 0.0000 0.0000 646.0000 166.0000 725.0000 201.0000 1.7696 1.7575 4.5185 4.1861 1.3777 38.9616 -0.7785 0.9924
Car 0.0000 0.0000 0.0000 435.0000 180.0000 471.0000 205.0000 1.6862 1.7014 4.3444 -11.1756 2.1307 51.9004 1.5645 0.9877
Car 0.0000 0.0000 0.0000 1260.0000 175.0000 2147.0000 789.0000 1.4444 1.5810 3.7862 4.6658 1.4676 3.4696 -0.6336 0.9828
