Car 0.0000 0.0000 0.0000 631.0000 181.0000 683.0000 226.0000 1.5408 1.6103 4.1464 1.7465 1.8304 27.2579 1.5575 0.9998
Car 0.0000 0.0000 0.0000 788.0000 173.0000 1018.0000 261.0000 1.5741 1.5973 3.7782 5.5403 1.5813 13.9595 0.0268 0.9996
Car 0.0000 0.0000 0.0000 334.0000 181.0000 468.0000 232.0000 1.6117 1.6080 3.9414 -6.8811 1.8601 23.9712 0.0505 0.9994
Car 0.0000 0.0000 0.0000 292.0000 183.0000 444.0000 238.0000 1.5467 1.5741 3.9818 -7.1069 1.8276 21.3702 0.0594 0.9992
Car 0.0000 0.0000 0.0000 -126.0000 154.0000 278.0000 310.0000 1.9402 1.7107 4.3586 -7.2214 1.7158 10.0145 -0.0105 0.9992
Car 0.0000 0.0000 0.0000 808.0000 181.0000 1091.0000 282.0000 1.4835 1.5821 3.7866 5.2864 1.6241 11.6028 0.0358 0.9990
Car 0.0000 0.0000 0.0000 -333.0000 178.0000 183.0000 356.0000 1.6324 1.6035 3.9235 -6.9273 1.6944 7.5217 0.0188 0.9982
Car 0.0000 0.0000 0.0000 896.0000 180.0000 1305.0000 317.0000 1.4990 1.5875 3.8437 5.7100 1.5971 8.7835 0.0527 0.9960
Car 0.0000 0.0000 0.0000 1072.0000 179.0000 1715.0000 393.0000 1.5256 1.5349 3.5449 6.1465 1.5906 6.0353 0.0709 0.9925
Car 0.0000 0.0000 0.0000 616.0000 180.0000 644.0000 206.0000 1.4533 1.5515 3.8164 1.2041 1.8186 42.3551 1.5708 0.9918
Car 0.0000 0.0000 0.0000 686.0000 170.0000 752.0000 199.0000 1.9160 1.6881 4.3490 7.5173 1.6873 49.4080 0.0967 0.9818
