Car 0.0000 0.0000 0.0000 575.0000 172.0000 614.0000 209.0000 1.5810 1.6738 3.7152 -0.6532 1.5215 32.9727 1.5587 0.9998
Car 0.0000 0.0000 0.0000 320.0000 174.0000 444.0000 245.0000 1.4778 1.6240 3.8305 -5.2102 1.4955 16.9163 1.5708 0.9996
Car 0.0000 0.0000 0.0000 88.0000 185.0000 371.0000 335.0000 1.4347 1.5701 3.7868 -4.4192 1.5997 9.0033 1.5633 0.9995
Car 0.0000 0.0000 0.0000 236.0000 176.0000 330.0000 220.0000 1.4789 1.6043 4.0019 -11.9248 1.5693 26.5904 1.5708 0.9989
Car 0.0000 0.0000 0.0000 149.0000 179.0000 307.0000 250.0000 1.4640 1.5772 3.8369 -8.8117 1.5887 16.9699 1.5708 0.9984
Car 0.0000 0.0000 0.0000 466.0000 152.0000 533.0000 208.0000 2.0737 1.8353 4.7207 -4.3471 1.2797 29.1478 1.5708 0.9977
Car 0.0000 0.0000 0.0000 536.0000 169.0000 557.0000 193.0000 2.2163 1.7260 4.8547 -5.9141 1.7770 67.8923 1.4413 0.9973
Car 0.0000 0.0000 0.0000 508.0000 169.0000 543.0000 196.0000 1.5586 1.6094 3.8077 -5.0724 1.2669 44.1397 1.5708 0.9956
Car 0.0000 0.0000 0.0000 389.0000 176.0000 442.0000 209.0000 1.4273 1.5315 3.4075 -8.8988 1.5209 33.3280 1.5698 0.9952
Car 0.0000 0.0000 0.0000 336.0000 168.0000 416.0000 214.0000 1.5583 1.6491 3.9732 -8.4862 1.3725 26.5413 1.5708 0.9948
Car 0.0000 0.0000 0.0000 -804.0000 180.0000 -182.0000 347.0000 1.4880 1.5953 3.7067 -12.0451 1.5673 8.3540 1.5344 0.9840
