Car 0.0000 0.0000 0.0000 742.0000 186.0000 933.0000 319.0000 1.4546 1.5390 3.4719 2.8737 1.6499 9.8898 1.5708 0.9999
Car 0.0000 0.0000 0.0000 592.0000 176.0000 643.0000 225.0000 1.5924 1.6642 3.1081 0.2959 1.6876 25.1965 1.5708 0.9999
Car 0.0000 0.0000 0.0000 485.0000 181.0000 563.0000 243.0000 1.4405 1.5642 3.5052 -2.1614 1.6483 18.8677 1.5708 0.9998
Car 0.0000 0.0000 0.0000 142.0000 189.0000 362.0000 299.0000 1.5056 1.5747 3.5520 -5.8616 1.7660 11.6357 0.5705 0.9996
Car 0.0000 0.0000 0.0000 588.0000 173.0000 622.0000 205.0000 1.5286 1.6399 3.7850 -0.2083 1.5145 36.7401 1.5646 0.9992
Car 0.0000 0.0000 0.0000 311.0000 187.0000 448.0000 247.0000 1.4213 1.5962 3.8646 -6.2621 1.7989 19.3925 0.6522 0.9992
Car 0.0000 0.0000 0.0000 514.0000 173.0000 578.0000 225.0000 1.5596 1.6309 3.9385 -2.0329 1.5528 23.9677 1.5708 0.9991
Car 0.0000 0.0000 0.0000 -1.0000 203.0000 256.0000 357.0000 1.3937 1.5565 3.3858 -5.8561 1.7768 8.5544 0.6603 0.9983
Car 0.0000 0.0000 0.0000 652.0000 177.0000 692.0000 211.0000 1.4809 1.5885 3.7840 2.8902 1.6369 33.7138 1.5708 0.9970
Car 0.0000 0.0000 0.0000 130.0000 180.0000 243.0000 226.0000 1.4913 1.6199 3.9466 -14.6776 1.6961 25.2316 1.5708 0.9923
Car 0.0000 0.0000 0.0000 522.0000 167.0000 571.0000 189.0000 1.8251 1.6685 4.2353 -5.3310 1.2335 61.2670 0.7345 0.9914
Car 0.0000 0.0000 0.0000 439.0000 174.0000 504.0000 214.0000 1.5464 1.6248 4.1615 -5.7891 1.5724 29.9049 1.1166 0.9889
Car 0.0000 0.0000 0.0000 384.0000 179.0000 421.0000 201.0000 1.5011 1.6027 3.9454 -14.4684 1.8542 50.7010 1.5283 0.9856
Car 0.0000 0.0000 0.0000 510.0000 164.0000 540.0000 191.0000 1.5726 1.6265 3.8640 -5.0797 1.0099 44.0210 1.5059 0.9747
