Car 0.0000 0.0000 0.0000 682.0000 185.0000 780.0000 259.0000 1.4635 1.5986 4.2224 2.6739 1.7349 16.8167 1.5708 0.9999
Car 0.0000 0.0000 0.0000 284.0000 152.0000 489.0000 237.0000 2.2959 1.8259 5.3292 -6.3078 1.7261 20.7074 0.0437 0.9994
Car 0.0000 0.0000 0.0000 126.0000 186.0000 374.0000 274.0000 1.5111 1.5818 3.8761 -6.6280 1.7636 13.4553 0.0565 0.9994
Car 0.0000 0.0000 0.0000 285.0000 184.0000 466.0000 248.0000 1.5072 1.5909 4.0299 -5.8086 1.7769 18.1028 0.0189 0.9992
Car 0.0000 0.0000 0.0000 -139.0000 183.0000 316.0000 325.0000 1.5218 1.6702 4.3857 -6.1490 1.6588 8.7724 0.0269 0.9991
Car 0.0000 0.0000 0.0000 752.0000 178.0000 892.0000 231.0000 1.5038 1.6056 3.8328 6.3506 1.6542 21.8442 0.1090 0.9990
Car 0.0000 0.0000 0.0000 182.0000 172.0000 369.0000 247.0000 1.5315 1.5197 3.3597 -7.2163 1.5060 15.6840 0.0479 0.9987
Car 0.0000 0.0000 0.0000 -7.0000 183.0000 289.0000 291.0000 1.5029 1.5330 3.5722 -7.1005 1.6673 11.0912 -0.0056 0.9981
Car 0.0000 0.0000 0.0000 413.0000 178.0000 518.0000 215.0000 1.4996 1.6288 4.1503 -6.0857 1.6893 30.8179 0.0320 0.9979
Car 0.0000 0.0000 0.0000 448.0000 179.0000 534.0000 213.0000 1.5767 1.6104 3.8982 -5.7587 1.8537 35.4170 0.0960 0.9952
Car 0.0000 0.0000 0.0000 393.0000 180.0000 497.0000 219.0000 1.4396 1.5355 3.6928 -6.4116 1.6963 28.3334 0.0498 0.9951
Car 0.0000 0.0000 0.0000 674.0000 178.0000 739.0000 203.0000 1.5371 1.5948 3.9278 6.0977 1.8109 45.4307 0.0520 0.9944
Car 0.0000 0.0000 0.0000 631.0000 179.0000 653.0000 198.0000 1.4577 1.5768 3.7838 2.7885 1.9088 60.0728 -1.4667 0.9913
Car 0.0000 0.0000 0.0000 459.0000 167.0000 533.0000 197.0000 1.6309 1.5894 3.8390 -6.3198 1.2746 40.4828 0.0537 0.9882
Car 0.0000 0.0000 0.0000 700.0000 175.0000 783.0000 209.0000 1.6003 1.6228 3.9381 6.5537 1.6882 35.8918 0.0911 0.9800
Car 0.0000 0.0000 0.0000 512.0000 173.0000 565.0000 194.0000 1.5912 1.5916 3.9384 -5.5407 1.5094 56.8544 0.0861 0.9776
