Car 0.0000 0.0000 0.0000 313.0000 190.0000 470.0000 296.0000 1.5661 1.6536 4.1521 -3.8298 1.9053 13.3175 1.5689 0.9999
Car 0.0000 0.0000 0.0000 639.0000 182.0000 676.0000 215.0000 1.4683 1.5824 3.7856 2.2307 1.8413 34.0835 1.5708 0.9997
Car 0.0000 0.0000 0.0000 435.0000 190.0000 509.0000 244.0000 1.4348 1.5249 3.6389 -4.0712 1.9442 21.7928 1.5708 0.9997
Car 0.0000 0.0000 0.0000 100.0000 198.0000 317.0000 307.0000 1.5191 1.5936 3.9744 -6.8291 1.9989 12.7423 1.5708 0.9993
Car 0.0000 0.0000 0.0000 772.0000 168.0000 888.0000 211.0000 1.5313 1.5859 3.9278 8.2601 1.3539 27.1825 0.0670 0.9990
Car 0.0000 0.0000 0.0000 742.0000 150.0000 855.0000 190.0000 1.6037 1.6600 4.3306 7.9015 0.6573 30.3328 0.0279 0.9989
Car 0.0000 0.0000 0.0000 977.0000 143.0000 1091.0000 182.0000 1.8888 1.8696 4.6215 21.5745 0.3994 36.6460 0.0198 0.9977
Car 0.0000 0.0000 0.0000 489.0000 183.0000 521.0000 206.0000 1.4905 1.5680 3.7971 -7.1069 2.1299 49.7030 1.5708 0.9958
Car 0.0000 0.0000 0.0000 726.0000 170.0000 760.0000 202.0000 1.5766 1.6507 4.0444 6.9147 1.3987 37.4325 -1.4104 0.9866
Car 0.0000 0.0000 0.0000 704.0000 173.0000 724.0000 191.0000 1.4889 1.5978 3.9483 9.2396 1.4121 63.2820 -1.4708 0.9850
Car 0.0000 0.0000 0.0000 938.0000 152.0000 996.0000 179.0000 1.4974 1.6047 3.9849 21.4323 0.2584 43.2018 1.5708 0.9803
