Car 0.0000 0.0000 0.0000 704.0000 179.0000 764.0000 231.0000 1.6333 1.6761 4.0623 4.3357 1.8000 24.6180 -1.3139 0.9997
Car 0.0000 0.0000 0.0000 -62.0000 199.0000 187.0000 315.0000 1.4656 1.5980 3.8211 -8.6620 1.9265 11.7985 1.4301 0.9996
Car 0.0000 0.0000 0.0000 -401.0000 220.0000 -30.0000 354.0000 1.4757 1.6496 3.9391 -12.4971 2.3248 11.3192 1.4358 0.9992
Car 0.0000 0.0000 0.0000 170.0000 195.0000 235.0000 227.0000 1.5560 1.6387 3.8599 -21.5146 2.6957 38.2700 1.4517 0.9991
Car 0.0000 0.0000 0.0000 379.0000 182.0000 406.0000 204.0000 1.5179 1.6159 3.7309 -15.7620 2.0983 52.6298 1.3575 0.9986
Car 0.0000 0.0000 0.0000 388.0000 176.0000 419.0000 198.0000 1.7934 1.7509 4.2667 -17.6967 1.9874 62.3855 1.4976 0.9984
Car 0.0000 0.0000 0.0000 787.0000 178.0000 820.0000 199.0000 1.4629 1.5908 3.6330 14.0472 1.7619 51.7332 -1.1161 0.9983
Car 0.0000 0.0000 0.0000 45.0000 190.0000 174.0000 245.0000 1.4030 1.5489 3.4711 -14.2935 1.8891 20.7986 1.4852 0.9972
Car 0.0000 0.0000 0.0000 62.0000 185.0000 165.0000 227.0000 1.5208 1.6240 3.9486 -19.6584 1.9895 28.7564 1.4996 0.9947
Car 0.0000 0.0000 0.0000 147.0000 198.0000 250.0000 237.0000 1.5348 1.6502 4.0367 -17.7815 2.6048 31.1534 0.3552 0.9940
Car 0.0000 0.0000 0.0000 -247.0000 194.0000 -21.0000 269.0000 1.4971 1.5759 3.9015 -17.4810 2.0110 17.1804 1.4802 0.9937
Car 0.0000 0.0000 0.0000 -1774.0000 247.0000 -916.0000 418.0000 1.4467 1.5795 4.0289 -25.9516 2.6708 10.0074 1.2395 0.9801
