Car 0.0000 0.0000 0.0000 809.0000 193.0000 1277.0000 487.0000 1.5247 1.5731 3.4539 2.8121 1.7134 5.6600 1.5684 0.9999
Car 0.0000 0.0000 0.0000 434.0000 181.0000 546.0000 263.0000 1.4126 1.5289 3.5911 -2.2780 1.5648 14.3888 1.5708 0.9999
Car 0.0000 0.0000 0.0000 580.0000 170.0000 630.0000 216.0000 1.5582 1.6916 3.8803 -0.1872 1.4338 26.3436 1.5516 0.9999
Car 0.0000 0.0000 0.0000 650.0000 176.0000 697.0000 216.0000 1.5305 1.5802 3.4824 2.5531 1.6162 29.2265 1.5708 0.9998
Car 0.0000 0.0000 0.0000 485.0000 172.0000 562.0000 236.0000 1.5483 1.5831 3.7054 -2.2263 1.5318 19.4525 1.5708 0.9997
Car 0.0000 0.0000 0.0000 28.0000 168.0000 167.0000 224.0000 1.4914 1.5653 3.5196 -14.8735 1.3598 21.1227 1.5708 0.9989
Car 0.0000 0.0000 0.0000 572.0000 172.0000 607.0000 205.0000 1.5922 1.6723 3.9323 -0.9537 1.5364 37.4929 1.5708 0.9987
Car 0.0000 0.0000 0.0000 -140.0000 193.0000 192.0000 395.0000 1.5054 1.5775 3.4726 -5.8777 1.7097 7.1058 0.5843 0.9985
Car 0.0000 0.0000 0.0000 228.0000 182.0000 387.0000 265.0000 1.4996 1.5932 3.9867 -6.4287 1.6898 15.0629 0.7637 0.9978
Car 0.0000 0.0000 0.0000 268.0000 170.0000 339.0000 205.0000 1.6035 1.6959 4.2901 -15.0057 1.4551 35.6415 1.5708 0.9942
Car 0.0000 0.0000 0.0000 507.0000 167.0000 558.0000 191.0000 1.8477 1.6955 4.1312 -6.0397 1.3348 56.9367 0.7242 0.9937
Car 0.0000 0.0000 0.0000 391.0000 171.0000 480.0000 222.0000 1.6594 1.6917 4.3083 -6.2515 1.5818 25.5227 0.9921 0.9933
Car 0.0000 0.0000 0.0000 639.0000 174.0000 671.0000 204.0000 1.4782 1.5813 3.8622 2.4240 1.5086 38.5278 1.5708 0.9898
Car 0.0000 0.0000 0.0000 354.0000 174.0000 397.0000 201.0000 1.6635 1.7279 4.1713 -15.1410 1.6668 46.9608 1.4915 0.9868
Car 0.0000 0.0000 0.0000 -764.0000 211.0000 -135.0000 647.0000 1.4241 1.5743 3.6099 -5.9529 1.7057 4.2500 0.6224 0.9742
Car 0.0000 0.0000 0.0000 688.0000 168.0000 726.0000 199.0000 1.5174 1.6196 4.0786 5.0604 1.2265 37.5797 1.5708 0.9656
