Car 0.0000 0.0000 0.0000 554.0000 176.0000 624.0000 243.0000 1.6428 1.6872 3.6591 -0.4705 1.7051 19.5036 1.5708 0.9999
Car 0.0000 0.0000 0.0000 260.0000 188.0000 477.0000 320.0000 1.4581 1.5959 4.3654 -3.2229 1.7046 10.5079 1.5708 0.9998
Car 0.0000 0.0000 0.0000 410.0000 173.0000 515.0000 247.0000 1.5242 1.6526 4.2119 -3.3808 1.5326 17.2252 1.5708 0.9997
Car 0.0000 0.0000 0.0000 268.0000 173.0000 382.0000 232.0000 1.5059 1.6182 3.9229 -7.8912 1.4964 20.3241 1.5708 0.9996
Car 0.0000 0.0000 0.0000 463.0000 163.0000 540.0000 222.0000 1.7958 1.7569 4.5906 -3.5444 1.4767 24.3891 1.5708 0.9987
Car 0.0000 0.0000 0.0000 343.0000 177.0000 398.0000 208.0000 1.5554 1.6319 3.9299 -12.8102 1.7380 38.9571 1.5708 0.9974
Car 0.0000 0.0000 0.0000 511.0000 175.0000 552.0000 213.0000 1.6618 1.6672 4.1316 -3.5854 1.7285 33.8030 1.5256 0.9968
Car 0.0000 0.0000 0.0000 399.0000 175.0000 442.0000 212.0000 1.5182 1.6011 3.9068 -8.4068 1.6014 32.3187 1.3760 0.9939
Car 0.0000 0.0000 0.0000 -23584.0000 -2157.0000 280.0000 10527.0000 2.1129 1.8221 4.5499 -3.0909 1.6920 2.3916 1.5676 0.9746
Car 0.0000 0.0000 0.0000 535.0000 157.0000 558.0000 178.0000 1.6052 1.6331 3.8935 -5.0499 0.3083 58.8519 1.5314 0.9702
