Car 0.0000 0.0000 0.0000 501.0000 183.0000 544.0000 212.0000 1.4922 1.5937 4.0051 -4.7900 2.0291 40.4061 -1.4735 0.9994
Car 0.0000 0.0000 0.0000 838.0000 162.0000 871.0000 183.0000 1.6465 1.6383 3.4942 19.8695 0.7466 58.3025 1.5708 0.9990
Car 0.0000 0.0000 0.0000 689.0000 172.0000 794.0000 211.0000 1.5643 1.6562 4.2306 5.5890 1.5143 30.7573 0.0482 0.9986
Car 0.0000 0.0000 0.0000 1037.0000 152.0000 1150.0000 185.0000 1.5048 1.6336 4.2021 23.1651 0.5034 34.5220 0.1044 0.9975
Car 0.0000 0.0000 0.0000 1140.0000 148.0000 1279.0000 190.0000 1.5246 1.6134 3.8647 23.1375 0.5844 27.8510 0.1169 0.9973
Car 0.0000 0.0000 0.0000 606.0000 178.0000 627.0000 195.0000 1.5596 1.6387 3.5756 0.8010 1.9478 69.6588 -1.4724 0.9959
Car 0.0000 0.0000 0.0000 677.0000 171.0000 732.0000 193.0000 1.7971 1.7818 4.5805 8.2935 1.5869 62.6545 0.0496 0.9953
Car 0.0000 0.0000 0.0000 1097.0000 149.0000 1223.0000 189.0000 1.5776 1.6640 3.9431 23.2095 0.5892 30.4166 0.0615 0.9937
Car 0.0000 0.0000 0.0000 933.0000 157.0000 1013.0000 183.0000 1.5582 1.6509 4.3198 22.5005 0.5581 44.6078 0.4262 0.9926
Car 0.0000 0.0000 0.0000 727.0000 160.0000 752.0000 184.0000 1.5636 1.6268 3.9504 9.0793 0.6753 50.1000 -1.4089 0.9919
Car 0.0000 0.0000 0.0000 869.0000 165.0000 903.0000 186.0000 1.6138 1.6854 3.9864 22.6502 0.9613 58.7973 -1.4371 0.9912
Car 0.0000 0.0000 0.0000 1007.0000 167.0000 1038.0000 187.0000 1.5059 1.5843 3.8383 33.1112 1.0166 57.6658 -1.2035 0.9894
Car 0.0000 0.0000 0.0000 999.0000 159.0000 1060.0000 178.0000 1.5323 1.6903 4.2175 36.2573 0.3187 62.0839 0.0629 0.9862
Car 0.0000 0.0000 0.0000 915.0000 158.0000 984.0000 181.0000 1.5076 1.6483 4.0501 22.3988 0.4524 47.3248 -0.2802 0.9756
Car 0.0000 0.0000 0.0000 785.0000 164.0000 810.0000 187.0000 1.5521 1.5914 3.9621 13.1443 0.8961 50.2894 -1.3407 0.9741
