Car 0.0000 0.0000 0.0000 652.0000 176.0000 726.0000 229.0000 1.4293 1.5660 3.8313 2.4362 1.5018 21.3630 -1.2894 0.9997
Car 0.0000 0.0000 0.0000 1078.0000 176.0000 1301.0000 274.0000 1.4930 1.6325 4.3648 10.3484 1.5501 13.3106 -1.2884 0.9996
Car 0.0000 0.0000 0.0000 1227.0000 163.0000 1482.0000 267.0000 1.5500 1.6274 3.7432 12.8356 1.4051 12.7693 -1.2309 0.9995
Car 0.0000 0.0000 0.0000 397.0000 186.0000 559.0000 272.0000 1.5778 1.6851 4.4762 -2.7375 1.8816 16.0257 -1.2792 0.9992
Car 0.0000 0.0000 0.0000 265.0000 176.0000 439.0000 266.0000 1.8445 1.6464 4.1123 -5.8911 1.9057 16.9832 -1.2432 0.9990
Car 0.0000 0.0000 0.0000 -35.0000 198.0000 128.0000 259.0000 1.4796 1.5662 3.4374 -15.5847 2.1863 20.1114 -1.3732 0.9989
Car 0.0000 0.0000 0.0000 845.0000 166.0000 890.0000 205.0000 1.5411 1.5969 3.7255 10.8361 1.2395 30.3466 -1.2761 0.9985
Car 0.0000 0.0000 0.0000 895.0000 157.0000 950.0000 198.0000 2.1008 1.9167 4.7068 17.1391 1.2474 39.5427 -1.3466 0.9979
Car 0.0000 0.0000 0.0000 72.0000 190.0000 269.0000 263.0000 1.5905 1.6836 4.4128 -11.2331 2.0439 18.8107 -1.2764 0.9964
Car 0.0000 0.0000 0.0000 757.0000 160.0000 864.0000 271.0000 1.8558 1.7037 3.9302 4.0593 1.6454 14.1745 -1.2204 0.9935
