Car 0.0000 0.0000 0.0000 581.0000 182.0000 636.0000 233.0000 1.5236 1.6343 3.5893 -0.0266 1.7891 23.5076 1.5708 0.9999
Car 0.0000 0.0000 0.0000 660.0000 182.0000 691.0000 212.0000 1.5070 1.6073 3.9803 3.6087 1.9899 39.5962 1.5708 0.9995
Car 0.0000 0.0000 0.0000 -59.0000 176.0000 148.0000 250.0000 1.6830 1.7244 4.5306 -14.3852 1.7460 18.6870 1.5708 0.9994
Car 0.0000 0.0000 0.0000 210.0000 151.0000 344.0000 226.0000 1.8094 1.6645 4.1883 -8.8704 1.2636 19.5758 1.5708 0.9993
Car 0.0000 0.0000 0.0000 637.0000 179.0000 663.0000 204.0000 1.9608 1.8518 4.9936 3.3942 2.4105 60.1905 1.5708 0.9991
Car 0.0000 0.0000 0.0000 97.0000 198.0000 354.0000 340.0000 1.4212 1.5451 3.4960 -5.0189 1.7608 9.2042 0.6393 0.9990
Car 0.0000 0.0000 0.0000 126.0000 185.0000 243.0000 233.0000 1.4997 1.6543 4.0798 -14.8372 1.9130 25.4038 1.5708 0.9987
Car 0.0000 0.0000 0.0000 -380.0000 182.0000 -50.0000 280.0000 1.4620 1.5826 3.9093 -14.4066 1.6196 12.9327 1.5109 0.9978
Car 0.0000 0.0000 0.0000 383.0000 185.0000 503.0000 246.0000 1.4362 1.5595 3.7745 -4.5346 1.7448 19.1637 0.8725 0.9978
Car 0.0000 0.0000 0.0000 227.0000 173.0000 437.0000 291.0000 1.6994 1.6137 3.6482 -4.7574 1.7032 12.0883 0.6579 0.9966
Car 0.0000 0.0000 0.0000 693.0000 125.0000 867.0000 275.0000 2.5886 2.0560 5.8890 3.3235 1.7663 15.5312 1.5220 0.9957
Car 0.0000 0.0000 0.0000 451.0000 181.0000 525.0000 218.0000 1.4533 1.5672 3.6191 -5.1628 1.7437 30.3554 0.9189 0.9920
Car 0.0000 0.0000 0.0000 468.0000 181.0000 548.0000 213.0000 1.5201 1.5981 3.6345 -5.0232 1.8835 35.9179 0.3699 0.9904
Car 0.0000 0.0000 0.0000 590.0000 172.0000 624.0000 203.0000 1.5042 1.5873 3.9458 -0.1435 1.4077 36.9366 1.5440 0.9899
Car 0.0000 0.0000 0.0000 431.0000 180.0000 502.0000 232.0000 1.4710 1.5822 4.0478 -4.6493 1.6815 23.0230 1.2155 0.9897
Car 0.0000 0.0000 0.0000 -377.0000 196.0000 65.0000 355.0000 1.4176 1.5182 3.5749 -8.6714 1.7282 8.6238 1.5639 0.9894
