Car 0.0000 0.0000 0.0000 582.0000 182.0000 635.0000 232.0000 1.4997 1.6122 3.5793 -0.0682 1.7901 23.8837 1.5439 0.9999
Car 0.0000 0.0000 0.0000 316.0000 183.0000 464.0000 250.0000 1.4686 1.5405 3.4176 -5.4011 1.7152 17.5558 0.5377 0.9997
Car 0.0000 0.0000 0.0000 646.0000 183.0000 674.0000 207.0000 1.4823 1.5947 3.8149 3.3852 2.0964 47.9382 1.5708 0.9996
Car 0.0000 0.0000 0.0000 334.0000 158.0000 412.0000 204.0000 1.6310 1.6774 4.1890 -9.0018 1.0760 27.7759 1.5592 0.9991
Car 0.0000 0.0000 0.0000 586.0000 172.0000 620.0000 204.0000 1.5365 1.6488 3.8076 -0.2519 1.4756 37.1895 1.5708 0.9986
Car 0.0000 0.0000 0.0000 667.0000 150.0000 760.0000 235.0000 2.4955 2.0741 5.7287 3.3224 1.8081 24.1779 1.5358 0.9973
Car 0.0000 0.0000 0.0000 -77.0000 176.0000 282.0000 418.0000 1.5765 1.6720 3.8612 -4.8018 1.6153 6.5442 0.6770 0.9972
Car 0.0000 0.0000 0.0000 190.0000 157.0000 385.0000 316.0000 1.8065 1.7148 3.9514 -4.7773 1.6347 10.2930 0.9318 0.9969
Car 0.0000 0.0000 0.0000 632.0000 170.0000 655.0000 195.0000 2.2567 1.9087 4.8498 3.3208 1.9323 68.6534 1.5552 0.9962
Car 0.0000 0.0000 0.0000 376.0000 178.0000 506.0000 241.0000 1.6299 1.6270 3.7641 -4.8850 1.7719 20.6158 0.6618 0.9954
Car 0.0000 0.0000 0.0000 469.0000 179.0000 544.0000 210.0000 1.6292 1.6231 3.7650 -5.5413 1.8996 38.7837 0.5388 0.9924
Car 0.0000 0.0000 0.0000 490.0000 177.0000 555.0000 204.0000 1.5929 1.5797 3.6208 -5.3026 1.8042 44.1741 0.2419 0.9864
Car 0.0000 0.0000 0.0000 510.0000 163.0000 537.0000 183.0000 1.5253 1.5887 3.9318 -6.6821 0.6884 56.8565 1.5708 0.9642
