Car 0.0000 0.0000 0.0000 787.0000 187.0000 987.0000 311.0000 1.4793 1.5884 3.7981 3.8733 1.6996 10.8040 1.5708 0.9999
Car 0.0000 0.0000 0.0000 294.0000 190.0000 474.0000 306.0000 1.4904 1.6098 3.8378 -3.4512 1.7944 11.6775 1.5708 0.9998
Car 0.0000 0.0000 0.0000 423.0000 187.0000 520.0000 260.0000 1.5262 1.5360 3.3083 -3.1930 1.8592 17.1016 1.5708 0.9998
Car 0.0000 0.0000 0.0000 729.0000 181.0000 832.0000 251.0000 1.4764 1.5776 3.9778 4.0198 1.6687 17.5869 1.5708 0.9998
Car 0.0000 0.0000 0.0000 544.0000 183.0000 606.0000 221.0000 1.5424 1.6064 3.7665 -1.4343 1.9618 31.6378 -1.2908 0.9997
Car 0.0000 0.0000 0.0000 909.0000 190.0000 1457.0000 482.0000 1.4958 1.5552 3.2913 3.7110 1.6545 5.4894 1.5708 0.9997
Car 0.0000 0.0000 0.0000 650.0000 180.0000 704.0000 208.0000 1.4985 1.6050 3.6417 3.9971 1.8898 41.5914 -0.9932 0.9995
Car 0.0000 0.0000 0.0000 709.0000 182.0000 769.0000 229.0000 1.4685 1.5401 3.4610 4.4162 1.7680 24.9464 1.5708 0.9992
Car 0.0000 0.0000 0.0000 484.0000 182.0000 550.0000 233.0000 1.5591 1.6113 4.0871 -3.0792 1.8636 24.5745 1.5708 0.9991
Car 0.0000 0.0000 0.0000 -248.0000 197.0000 -96.0000 244.0000 1.5128 1.6394 3.7288 -28.8685 2.4259 26.7335 1.5443 0.9979
Car 0.0000 0.0000 0.0000 762.0000 173.0000 816.0000 203.0000 1.5494 1.6402 4.0744 9.9423 1.5075 39.4922 -0.9983 0.9949
Car 0.0000 0.0000 0.0000 413.0000 169.0000 462.0000 189.0000 1.7670 1.6831 4.2184 -16.0736 1.3373 67.8102 0.0317 0.9659
Car 0.0000 0.0000 0.0000 808.0000 174.0000 840.0000 194.0000 1.5336 1.6188 3.9800 17.6589 1.5599 58.8913 -1.0544 0.9629
