Car 0.0000 0.0000 0.0000 363.0000 171.0000 478.0000 249.0000 1.7512 1.7085 4.2753 -4.6542 1.6990 18.3184 1.5708 0.9999
Car 0.0000 0.0000 0.0000 575.0000 172.0000 622.0000 218.0000 1.6388 1.6657 3.8679 -0.3501 1.5796 27.7891 1.5708 0.9996
Car 0.0000 0.0000 0.0000 464.0000 176.0000 518.0000 213.0000 1.4608 1.5727 3.7758 -5.0024 1.5612 30.8424 1.5708 0.9994
Car 0.0000 0.0000 0.0000 185.0000 185.0000 322.0000 254.0000 1.4647 1.5746 3.6840 -8.5218 1.7459 17.5433 1.5524 0.9994
Car 0.0000 0.0000 0.0000 -2466.0000 -145.0000 238.0000 1234.0000 2.1574 1.8111 4.8483 -4.1034 1.6792 3.5684 1.5708 0.9993
Car 0.0000 0.0000 0.0000 503.0000 160.0000 546.0000 200.0000 2.1977 1.8923 5.2041 -4.9023 1.4427 42.3242 1.5707 0.9992
Car 0.0000 0.0000 0.0000 -93.0000 128.0000 196.0000 259.0000 1.6629 1.6145 3.5471 -8.1790 1.0943 10.9482 1.5708 0.9964
Car 0.0000 0.0000 0.0000 357.0000 166.0000 428.0000 207.0000 1.5407 1.6315 4.0193 -8.6671 1.2618 29.1122 1.5708 0.9956
Car 0.0000 0.0000 0.0000 541.0000 176.0000 568.0000 198.0000 1.5026 1.6219 3.9912 -3.9987 1.6999 53.8042 1.5708 0.9951
Car 0.0000 0.0000 0.0000 274.0000 182.0000 347.0000 219.0000 1.5197 1.6299 4.0425 -13.0281 1.8654 31.6577 1.5480 0.9932
