Car 0.0000 0.0000 0.0000 680.0000 182.0000 783.0000 261.0000 1.4500 1.5766 4.2549 2.4756 1.6467 15.6093 1.5708 0.9999
Car 0.0000 0.0000 0.0000 116.0000 195.0000 382.0000 291.0000 1.5152 1.5981 3.8865 -6.2232 1.9234 12.6188 0.0515 0.9997
Car 0.0000 0.0000 0.0000 -49.0000 196.0000 315.0000 319.0000 1.5028 1.6219 4.0800 -6.4884 1.8503 9.9974 0.0649 0.9994
Car 0.0000 0.0000 0.0000 240.0000 188.0000 419.0000 255.0000 1.5174 1.5708 3.8039 -6.8206 1.8993 17.7102 0.0512 0.9991
Car 0.0000 0.0000 0.0000 652.0000 179.0000 693.0000 218.0000 1.5536 1.6179 3.6379 2.6294 1.7864 30.6363 1.5708 0.9987
Car 0.0000 0.0000 0.0000 387.0000 186.0000 499.0000 229.0000 1.5423 1.5991 3.7463 -6.2043 2.0116 27.0052 0.1154 0.9961
Car 0.0000 0.0000 0.0000 414.0000 185.0000 504.0000 219.0000 1.5297 1.5923 3.8697 -7.0247 2.0491 33.9131 0.0588 0.9958
Car 0.0000 0.0000 0.0000 463.0000 182.0000 534.0000 209.0000 1.5156 1.5766 3.8006 -6.3419 1.9955 41.5348 0.0901 0.9832
Car 0.0000 0.0000 0.0000 643.0000 178.0000 682.0000 210.0000 1.4884 1.5727 3.7869 2.5933 1.7186 35.7963 1.5498 0.9754
Car 0.0000 0.0000 0.0000 214.0000 181.0000 389.0000 263.0000 1.5567 1.6366 4.0009 -6.7155 1.7239 15.4965 0.6281 0.9630
Car 0.0000 0.0000 0.0000 484.0000 168.0000 530.0000 186.0000 1.5499 1.6199 3.7863 -8.9104 1.0409 63.3684 0.0486 0.9628
