Car 0.0000 0.0000 0.0000 838.0000 156.0000 1467.0000 529.0000 1.5867 1.6033 3.6370 2.8573 1.5318 4.9043 1.5708 0.9997
Car 0.0000 0.0000 0.0000 434.0000 180.0000 526.0000 243.0000 1.5076 1.6193 4.2187 -3.4260 1.6862 19.6924 1.5708 0.9997
Car 0.0000 0.0000 0.0000 -172.0000 175.0000 451.0000 550.0000 1.6895 1.6884 4.0908 -2.7142 1.7189 5.3658 -1.4638 0.9996
Car 0.0000 0.0000 0.0000 678.0000 173.0000 733.0000 218.0000 1.4944 1.6161 3.8965 3.3964 1.4731 26.0753 1.5708 0.9996
Car 0.0000 0.0000 0.0000 355.0000 178.0000 485.0000 275.0000 1.6550 1.5975 3.6583 -3.6285 1.7520 14.3133 1.5708 0.9995
Car 0.0000 0.0000 0.0000 511.0000 173.0000 566.0000 212.0000 1.5205 1.5923 3.7980 -2.9409 1.5159 30.7291 -1.4650 0.9993
Car 0.0000 0.0000 0.0000 531.0000 163.0000 577.0000 207.0000 2.0620 1.7930 4.6810 -2.7044 1.5472 36.4450 1.5708 0.9988
Car 0.0000 0.0000 0.0000 724.0000 165.0000 796.0000 196.0000 1.8350 1.7519 4.2690 9.4549 1.3309 45.2158 0.1002 0.9983
Car 0.0000 0.0000 0.0000 937.0000 130.0000 1179.0000 235.0000 1.7043 1.6715 4.1464 8.2694 0.9979 13.8233 1.4368 0.9976
Car 0.0000 0.0000 0.0000 834.0000 166.0000 942.0000 212.0000 1.4816 1.5805 3.8827 9.6543 1.2134 24.8391 -0.6127 0.9923
Car 0.0000 0.0000 0.0000 1058.0000 112.0000 1363.0000 240.0000 2.0465 1.8166 4.4128 11.0822 1.0628 13.8178 1.4500 0.9913
Car 0.0000 0.0000 0.0000 718.0000 154.0000 795.0000 183.0000 1.7824 1.7598 4.7336 9.7409 0.5428 47.6913 0.0279 0.9913
Car 0.0000 0.0000 0.0000 1202.0000 125.0000 1538.0000 233.0000 1.6981 1.6669 3.9632 13.7852 0.9419 13.4312 1.2895 0.9837
Car 0.0000 0.0000 0.0000 793.0000 171.0000 897.0000 208.0000 1.5037 1.5890 3.9388 9.9840 1.3900 30.5513 -0.2156 0.9807
