Car 0.0000 0.0000 0.0000 -133.0000 193.0000 335.0000 444.0000 1.4495 1.5412 3.4131 -3.7998 1.6523 6.0890 1.5708 0.9999
Car 0.0000 0.0000 0.0000 572.0000 175.0000 609.0000 211.0000 1.6445 1.6514 4.1093 -0.8460 1.7264 35.1071 1.5708 0.9997
Car 0.0000 0.0000 0.0000 340.0000 181.0000 421.0000 225.0000 1.4957 1.6112 4.0113 -8.2806 1.7479 26.4283 1.5708 0.9990
Car 0.0000 0.0000 0.0000 -140.0000 191.0000 149.0000 312.0000 1.4132 1.4790 3.2651 -8.5136 1.7002 10.4661 1.5671 0.9987
Car 0.0000 0.0000 0.0000 204.0000 171.0000 304.0000 218.0000 1.5390 1.6360 4.1157 -12.5715 1.4490 25.7609 1.5484 0.9978
Car 0.0000 0.0000 0.0000 221.0000 127.0000 391.0000 246.0000 2.6542 1.9825 6.0193 -7.7592 1.6329 19.1933 1.5708 0.9964
Car 0.0000 0.0000 0.0000 540.0000 173.0000 564.0000 197.0000 1.8350 1.6495 4.3243 -4.4922 1.7868 57.7199 1.5398 0.9956
Car 0.0000 0.0000 0.0000 -23.0000 180.0000 166.0000 250.0000 1.4488 1.5542 3.7935 -12.4826 1.6089 16.9853 1.5708 0.9856
Car 0.0000 0.0000 0.0000 601.0000 184.0000 631.0000 209.0000 1.4820 1.5588 3.8128 0.5216 2.0995 45.3299 -1.4761 0.9849
Car 0.0000 0.0000 0.0000 388.0000 178.0000 444.0000 214.0000 1.5296 1.6159 4.1644 -8.8791 1.7225 33.3766 1.5248 0.9825
Car 0.0000 0.0000 0.0000 395.0000 172.0000 429.0000 195.0000 1.4882 1.5885 3.7261 -13.2967 1.3884 48.8017 1.4648 0.9710
