Car 0.0000 0.0000 0.0000 665.0000 180.0000 743.0000 243.0000 1.6318 1.6973 3.9060 2.5934 1.8010 20.5997 1.5708 0.9999
Car 0.0000 0.0000 0.0000 729.0000 191.0000 939.0000 337.0000 1.4910 1.5843 3.7503 2.7101 1.7629 9.6613 1.5605 0.9999
Car 0.0000 0.0000 0.0000 315.0000 181.0000 466.0000 240.0000 1.6016 1.5976 3.8563 -6.2568 1.8213 20.7614 0.0680 0.9997
Car 0.0000 0.0000 0.0000 126.0000 170.0000 386.0000 279.0000 1.7959 1.6388 3.8526 -6.2314 1.7546 12.8930 0.0526 0.9995
Car 0.0000 0.0000 0.0000 641.0000 180.0000 679.0000 214.0000 1.5697 1.5886 3.5081 2.4790 1.8923 35.6965 1.5526 0.9991
Car 0.0000 0.0000 0.0000 650.0000 184.0000 703.0000 227.0000 1.4243 1.5581 4.0638 2.4051 1.8222 26.6720 1.5694 0.9989
Car 0.0000 0.0000 0.0000 -215.0000 191.0000 256.0000 342.0000 1.5016 1.6328 4.1681 -6.5419 1.7252 8.2084 0.0645 0.9979
Car 0.0000 0.0000 0.0000 268.0000 188.0000 442.0000 254.0000 1.5194 1.5672 3.7851 -6.2924 1.9086 17.9661 0.0585 0.9978
Car 0.0000 0.0000 0.0000 375.0000 184.0000 486.0000 226.0000 1.6648 1.6470 4.1493 -7.3838 2.1035 29.9685 0.0473 0.9968
Car 0.0000 0.0000 0.0000 438.0000 177.0000 516.0000 211.0000 1.7740 1.6634 3.9268 -7.1505 1.9811 39.2300 0.0244 0.9962
Car 0.0000 0.0000 0.0000 221.0000 190.0000 414.0000 265.0000 1.5281 1.5514 3.5900 -6.3250 1.8965 15.7269 0.0844 0.9938
Car 0.0000 0.0000 0.0000 476.0000 183.0000 537.0000 208.0000 1.4927 1.5334 3.5142 -6.3379 2.0449 44.6946 0.0538 0.9896
Car 0.0000 0.0000 0.0000 483.0000 181.0000 547.0000 207.0000 1.6068 1.6028 3.8734 -6.0502 2.1007 46.8800 0.0672 0.9881
