Car 0.0000 0.0000 0.0000 811.0000 179.0000 981.0000 328.0000 1.5271 1.5658 3.4355 3.4557 1.6101 9.3004 -1.3264 1.0000
Car 0.0000 0.0000 0.0000 496.0000 168.0000 643.0000 263.0000 1.7169 1.6551 4.0824 -0.6935 1.6252 15.1796 -1.2400 0.9999
Car 0.0000 0.0000 0.0000 796.0000 167.0000 927.0000 255.0000 1.4798 1.5787 3.6486 4.6922 1.3808 13.9628 -1.4667 0.9997
Car 0.0000 0.0000 0.0000 601.0000 172.0000 662.0000 215.0000 1.6136 1.6492 4.1724 0.9971 1.5736 29.3246 -1.3296 0.9996
Car 0.0000 0.0000 0.0000 776.0000 170.0000 814.0000 204.0000 1.5398 1.6185 3.7760 8.9021 1.3589 34.3350 -1.2828 0.9995
Car 0.0000 0.0000 0.0000 -902.0000 188.0000 231.0000 710.0000 1.5491 1.5730 3.5922 -3.9851 1.6615 4.0378 1.5708 0.9994
Car 0.0000 0.0000 0.0000 853.0000 190.0000 1874.0000 738.0000 1.4961 1.6040 4.1975 2.8239 1.6271 4.1723 1.5708 0.9992
Car 0.0000 0.0000 0.0000 933.0000 152.0000 1066.0000 218.0000 1.7695 1.7050 4.2000 11.5312 1.1966 21.6415 1.5677 0.9991
Car 0.0000 0.0000 0.0000 1032.0000 139.0000 1192.0000 207.0000 1.7876 1.6757 3.9119 14.2925 0.8798 20.7909 1.4993 0.9981
Car 0.0000 0.0000 0.0000 587.0000 173.0000 637.0000 220.0000 1.4583 1.5172 3.5716 0.1369 1.4513 24.3293 1.5708 0.9941
Car 0.0000 0.0000 0.0000 647.0000 170.0000 683.0000 198.0000 1.4906 1.6036 3.8357 3.1926 1.2846 40.2795 -1.3829 0.9923
Car 0.0000 0.0000 0.0000 900.0000 160.0000 987.0000 195.0000 1.5209 1.6046 3.8936 15.0949 0.8991 32.4156 -0.5251 0.9896
Car 0.0000 0.0000 0.0000 664.0000 166.0000 703.0000 195.0000 1.7287 1.6515 4.0731 4.7548 1.2524 45.3996 -1.2736 0.9896
Car 0.0000 0.0000 0.0000 743.0000 161.0000 770.0000 186.0000 2.0657 1.8750 4.5574 12.6993 1.0073 61.7371 -1.2810 0.9808
Car 0.0000 0.0000 0.0000 -284.0000 200.0000 -151.0000 238.0000 1.4306 1.6809 3.8158 -35.7340 2.6196 31.2233 1.4467 0.9802
Car 0.0000 0.0000 0.0000 256.0000 176.0000 327.0000 205.0000 1.8826 1.6861 4.1104 -21.0721 2.0101 48.0115 -0.2530 0.9643
