Car 0.0000 0.0000 0.0000 579.0000 174.0000 693.0000 287.0000 1.6270 1.6391 3.5847 0.3778 1.6520 12.2751 1.5708 0.9997
Car 0.0000 0.0000 0.0000 193.0000 188.0000 314.0000 245.0000 1.4761 1.5709 3.9730 -10.4623 1.9192 21.4844 1.5708 0.9996
Car 0.0000 0.0000 0.0000 388.0000 180.0000 443.0000 210.0000 1.5107 1.6812 4.4182 -10.1056 1.8090 37.9221 1.5708 0.9994
Car 0.0000 0.0000 0.0000 688.0000 166.0000 798.0000 210.0000 1.5067 1.6312 4.1646 5.0407 1.2327 26.8640 -0.6394 0.9992
Car 0.0000 0.0000 0.0000 -1508.0000 199.0000 -921.0000 324.0000 1.5081 1.5725 4.0544 -27.9719 1.9499 11.3488 0.9012 0.9988
Car 0.0000 0.0000 0.0000 809.0000 165.0000 1040.0000 323.0000 1.6322 1.6000 3.8676 4.2276 1.5465 9.3914 -0.8375 0.9985
Car 0.0000 0.0000 0.0000 468.0000 178.0000 499.0000 199.0000 1.4983 1.6069 3.9579 -9.4062 1.8429 54.3429 1.5708 0.9980
Car 0.0000 0.0000 0.0000 425.0000 173.0000 467.0000 201.0000 1.6439 1.6537 4.2269 -9.9498 1.5865 44.2224 1.5692 0.9980
Car 0.0000 0.0000 0.0000 -51.0000 179.0000 188.0000 278.0000 1.7157 1.6584 4.2010 -10.6419 1.8177 14.5656 1.5708 0.9973
Car 0.0000 0.0000 0.0000 283.0000 174.0000 354.0000 206.0000 1.5377 1.6153 4.0950 -14.7435 1.5390 36.7390 -1.4659 0.9963
Car 0.0000 0.0000 0.0000 620.0000 169.0000 640.0000 188.0000 1.6585 1.6708 3.9737 1.8739 1.2217 63.3377 1.5708 0.9961
Car 0.0000 0.0000 0.0000 -787.0000 174.0000 -66.0000 399.0000 1.8519 1.8186 4.4237 -10.7338 1.8743 8.1854 1.5708 0.9942
Car 0.0000 0.0000 0.0000 670.0000 170.0000 733.0000 200.0000 1.5157 1.6171 3.9645 4.9925 1.3140 38.3189 -0.9522 0.9906
Car 0.0000 0.0000 0.0000 369.0000 178.0000 410.0000 202.0000 1.4588 1.5953 3.9123 -14.2132 1.7293 46.8185 1.5285 0.9906
Car 0.0000 0.0000 0.0000 -529050.0000 -55373.0000 2176.0000 62667.0000 1.8161 1.7137 4.1943 4.2741 1.4171 2.0675 -0.7857 0.9789
Car 0.0000 0.0000 0.0000 520.0000 178.0000 543.0000 194.0000 1.4633 1.5632 3.9272 -7.1169 1.8305 66.7697 1.5708 0.9773
