Car 0.0000 0.0000 0.0000 376.0000 188.0000 524.0000 298.0000 1.4246 1.5388 3.4559 -2.3838 1.6803 11.4259 1.5708 0.9999
Car 0.0000 0.0000 0.0000 570.0000 180.0000 617.0000 225.0000 1.5490 1.6299 3.7727 -0.6064 1.7794 26.8976 1.5469 0.9999
Car 0.0000 0.0000 0.0000 453.0000 180.0000 551.0000 253.0000 1.4574 1.5956 3.8307 -2.3656 1.6071 16.5280 1.5708 0.9998
Car 0.0000 0.0000 0.0000 961.0000 201.0000 3449.0000 1489.0000 1.5330 1.5501 3.3521 2.8099 1.6917 2.6036 1.5708 0.9995
Car 0.0000 0.0000 0.0000 106.0000 199.0000 327.0000 301.0000 1.3587 1.6052 4.0357 -6.6184 1.8066 11.9235 0.6199 0.9992
Car 0.0000 0.0000 0.0000 645.0000 181.0000 698.0000 225.0000 1.4675 1.5791 3.8382 2.2162 1.7301 26.4906 1.5708 0.9992
Car 0.0000 0.0000 0.0000 224.0000 178.0000 305.0000 214.0000 1.5031 1.6669 4.0536 -15.4119 1.7093 32.4499 1.5708 0.9992
Car 0.0000 0.0000 0.0000 -113.0000 177.0000 71.0000 246.0000 1.4893 1.5555 3.3514 -15.1709 1.5862 17.5161 1.5708 0.9979
Car 0.0000 0.0000 0.0000 565.0000 174.0000 600.0000 206.0000 1.5712 1.6274 3.7643 -1.3424 1.5895 37.8064 1.5708 0.9978
Car 0.0000 0.0000 0.0000 630.0000 181.0000 669.0000 213.0000 1.4770 1.5913 3.9898 1.9537 1.8251 35.7450 1.5530 0.9953
Car 0.0000 0.0000 0.0000 454.0000 172.0000 511.0000 205.0000 1.5448 1.5896 3.7211 -6.4387 1.4925 36.3960 1.0258 0.9917
Car 0.0000 0.0000 0.0000 334.0000 175.0000 455.0000 228.0000 1.4965 1.6772 4.0849 -6.7927 1.5613 22.5134 0.7067 0.9887
Car 0.0000 0.0000 0.0000 509.0000 179.0000 547.0000 209.0000 1.4802 1.5626 3.8315 -4.2381 1.7677 38.1170 1.5708 0.9822
Car 0.0000 0.0000 0.0000 489.0000 164.0000 552.0000 195.0000 2.2365 1.7932 5.0130 -6.6641 1.5172 53.9804 0.7282 0.9765
Car 0.0000 0.0000 0.0000 498.0000 179.0000 530.0000 205.0000 1.4622 1.5952 4.0794 -5.7469 1.8033 43.3245 1.3622 0.9699
Car 0.0000 0.0000 0.0000 -3211.0000 -2322.0000 8069.0000 1805.0000 1.4287 1.5778 3.6117 -5.9516 1.7255 1.2417 0.6651 0.9694
Car 0.0000 0.0000 0.0000 -715.0000 202.0000 -125.0000 625.0000 1.4553 1.5313 3.3481 -5.8588 1.6520 4.1376 0.5603 0.9609
