Car 0.0000 0.0000 0.0000 756.0000 175.0000 1015.0000 339.0000 1.5429 1.6111 3.9009 2.9836 1.5732 8.7703 1.5618 0.9999
Car 0.0000 0.0000 0.0000 317.0000 183.0000 434.0000 252.0000 1.5910 1.6420 4.2196 -6.0563 1.8458 19.1174 1.5708 0.9997
Car 0.0000 0.0000 0.0000 52.0000 199.0000 319.0000 332.0000 1.5038 1.6026 4.0215 -6.0399 1.9480 10.8276 1.5708 0.9995
Car 0.0000 0.0000 0.0000 393.0000 183.0000 470.0000 233.0000 1.6138 1.6290 4.0792 -6.2554 1.9354 25.6762 1.5708 0.9993
Car 0.0000 0.0000 0.0000 638.0000 174.0000 660.0000 194.0000 1.5271 1.6533 3.9596 3.2478 1.5310 57.9985 1.5708 0.9988
Car 0.0000 0.0000 0.0000 508.0000 183.0000 543.0000 206.0000 1.5362 1.6950 4.1242 -5.9239 2.1909 51.5190 1.5708 0.9983
Car 0.0000 0.0000 0.0000 543.0000 180.0000 571.0000 204.0000 1.4673 1.5857 3.9601 -3.3641 1.8575 47.1696 1.5524 0.9981
Car 0.0000 0.0000 0.0000 459.0000 180.0000 511.0000 213.0000 1.5451 1.6618 4.5311 -6.1922 1.8488 36.3385 1.5708 0.9965
Car 0.0000 0.0000 0.0000 788.0000 116.0000 957.0000 185.0000 1.5910 1.5663 3.6142 6.4497 0.2426 17.9513 0.0324 0.9942
Car 0.0000 0.0000 0.0000 -757.0000 214.0000 73.0000 543.0000 1.4526 1.5194 3.4557 -6.0570 1.8402 5.2867 1.5708 0.9931
Car 0.0000 0.0000 0.0000 926.0000 163.0000 1055.0000 208.0000 1.5615 1.6625 4.0740 13.9456 1.2050 26.5893 0.3932 0.9789
Car 0.0000 0.0000 0.0000 1000.0000 151.0000 1098.0000 186.0000 2.0845 1.7810 4.9967 27.6065 0.7226 45.2166 0.0216 0.9767
Car 0.0000 0.0000 0.0000 695.0000 170.0000 760.0000 193.0000 1.5929 1.6754 4.3956 8.3526 1.3172 50.9460 0.0765 0.9716
