Car 0.0000 0.0000 0.0000 632.0000 166.0000 679.0000 193.0000 1.6201 1.6909 3.9599 2.9783 1.1662 46.6969 1.2449 0.9992
Car 0.0000 0.0000 0.0000 581.0000 166.0000 627.0000 193.0000 1.6087 1.6282 3.7610 -0.3409 1.1566 46.4557 1.1789 0.9989
Car 0.0000 0.0000 0.0000 827.0000 167.0000 881.0000 188.0000 1.5070 1.5626 3.5705 17.9700 1.0294 52.8394 1.0144 0.9983
Car 0.0000 0.0000 0.0000 -90.0000 171.0000 70.0000 224.0000 1.5420 1.5958 3.6526 -19.4325 1.4643 22.7637 -0.5512 0.9977
Car 0.0000 0.0000 0.0000 797.0000 170.0000 839.0000 193.0000 1.5634 1.5998 3.5030 14.8838 1.3130 51.3077 1.4453 0.9974
Car 0.0000 0.0000 0.0000 550.0000 166.0000 587.0000 192.0000 1.5290 1.6351 4.1962 -2.5486 1.0672 44.6336 1.3609 0.9955
Car 0.0000 0.0000 0.0000 723.0000 168.0000 749.0000 190.0000 1.5330 1.6284 3.6440 9.1922 1.1219 51.6440 -1.3440 0.9945
Car 0.0000 0.0000 0.0000 761.0000 163.0000 816.0000 189.0000 1.7551 1.6820 4.1915 12.2550 1.0224 49.3218 1.2448 0.9900
Car 0.0000 0.0000 0.0000 905.0000 173.0000 942.0000 193.0000 1.4871 1.5970 3.9075 24.8151 1.4298 56.7900 -1.4483 0.9859
Car 0.0000 0.0000 0.0000 941.0000 171.0000 971.0000 191.0000 1.5076 1.5943 3.7301 27.4036 1.2730 56.8280 -1.2700 0.9732
