Car 0.0000 0.0000 0.0000 682.0000 185.0000 776.0000 255.0000 1.4140 1.5434 3.9370 2.6490 1.6828 16.8190 1.5708 0.9997
Car 0.0000 0.0000 0.0000 664.0000 179.0000 719.0000 223.0000 1.4766 1.5801 3.9272 2.8991 1.6566 25.9987 1.5708 0.9996
Car 0.0000 0.0000 0.0000 261.0000 167.0000 461.0000 241.0000 1.7197 1.7049 4.3827 -6.0851 1.5840 17.9125 0.0275 0.9992
Car 0.0000 0.0000 0.0000 12.0000 182.0000 355.0000 300.0000 1.5693 1.6219 4.1108 -6.1228 1.7098 10.5805 0.0349 0.9989
Car 0.0000 0.0000 0.0000 551.0000 177.0000 587.0000 204.0000 1.4554 1.5732 3.8077 -2.2348 1.6283 41.0629 1.5708 0.9987
Car 0.0000 0.0000 0.0000 645.0000 172.0000 672.0000 198.0000 1.4888 1.5696 3.7745 3.0894 1.4161 44.5326 1.5708 0.9985
Car 0.0000 0.0000 0.0000 360.0000 185.0000 496.0000 233.0000 1.4567 1.5902 3.9688 -5.7892 1.8316 23.1905 0.0540 0.9977
Car 0.0000 0.0000 0.0000 425.0000 177.0000 520.0000 217.0000 1.6887 1.6152 3.8930 -6.0912 1.8641 32.3419 0.0523 0.9931
Car 0.0000 0.0000 0.0000 385.0000 178.0000 502.0000 223.0000 1.5239 1.5831 3.8011 -5.9292 1.7050 25.8988 0.1038 0.9931
Car 0.0000 0.0000 0.0000 299.0000 175.0000 441.0000 231.0000 1.5155 1.5423 3.5460 -6.8196 1.5797 20.6492 0.1312 0.9906
Car 0.0000 0.0000 0.0000 492.0000 178.0000 553.0000 204.0000 1.7108 1.6148 3.7761 -5.7212 1.9808 47.9691 0.0348 0.9684
