Car 0.0000 0.0000 0.0000 694.0000 162.0000 831.0000 284.0000 1.8217 1.6604 3.7170 2.5081 1.6691 12.7571 1.5708 0.9999
Car 0.0000 0.0000 0.0000 375.0000 185.0000 516.0000 289.0000 1.4767 1.6266 4.2106 -2.7057 1.6992 12.6980 1.5457 0.9998
Car 0.0000 0.0000 0.0000 495.0000 186.0000 555.0000 232.0000 1.5145 1.5948 3.7854 -2.9990 1.9630 26.1975 1.5708 0.9998
Car 0.0000 0.0000 0.0000 651.0000 185.0000 724.0000 236.0000 1.4621 1.5695 4.0066 2.3953 1.8188 23.0104 1.4967 0.9997
Car 0.0000 0.0000 0.0000 544.0000 183.0000 573.0000 207.0000 1.4992 1.6020 3.9573 -3.2923 2.1196 47.8306 1.5708 0.9992
Car 0.0000 0.0000 0.0000 681.0000 185.0000 768.0000 254.0000 1.4726 1.5450 3.7185 2.7270 1.7760 17.8831 1.5708 0.9988
Car 0.0000 0.0000 0.0000 708.0000 143.0000 751.0000 179.0000 1.5391 1.6235 3.9634 5.5337 0.2164 33.4161 1.5708 0.9933
Car 0.0000 0.0000 0.0000 564.0000 179.0000 583.0000 196.0000 1.4602 1.5786 4.0673 -3.1630 1.9444 66.1365 1.5610 0.9858
Car 0.0000 0.0000 0.0000 620.0000 173.0000 640.0000 189.0000 1.4790 1.5814 3.8678 2.0498 1.4189 68.5643 1.5150 0.9778
Car 0.0000 0.0000 0.0000 628.0000 179.0000 653.0000 200.0000 1.4877 1.6039 3.9395 2.3115 1.8386 53.2126 1.5666 0.9777
