Car 0.0000 0.0000 0.0000 598.0000 180.0000 659.0000 236.0000 1.5128 1.6378 3.4898 0.5876 1.6900 21.2224 1.5708 0.9999
Car 0.0000 0.0000 0.0000 937.0000 198.0000 1700.0000 564.0000 1.5133 1.6108 3.9103 3.9909 1.7428 5.1467 1.5708 0.9999
Car 0.0000 0.0000 0.0000 771.0000 172.0000 951.0000 292.0000 1.7552 1.6804 4.2986 4.1740 1.7486 12.7757 1.5708 0.9998
Car 0.0000 0.0000 0.0000 703.0000 183.0000 772.0000 231.0000 1.4830 1.5890 3.9230 4.2820 1.7900 24.6499 1.5577 0.9998
Car 0.0000 0.0000 0.0000 692.0000 175.0000 747.0000 221.0000 1.7572 1.7234 4.1168 4.5181 1.8141 29.8623 1.5708 0.9997
Car 0.0000 0.0000 0.0000 -36.0000 182.0000 229.0000 286.0000 1.4414 1.5710 3.9621 -8.2985 1.5867 12.1004 1.5708 0.9991
Car 0.0000 0.0000 0.0000 -199.0000 166.0000 59.0000 252.0000 1.5875 1.6634 4.0632 -14.2958 1.4690 15.4874 1.5708 0.9988
Car 0.0000 0.0000 0.0000 431.0000 180.0000 546.0000 230.0000 1.4960 1.6072 3.5829 -3.9762 1.7093 23.5402 0.5988 0.9988
Car 0.0000 0.0000 0.0000 215.0000 185.0000 450.0000 314.0000 1.5005 1.5907 3.7870 -4.1261 1.6778 10.3450 0.7284 0.9986
Car 0.0000 0.0000 0.0000 609.0000 173.0000 644.0000 206.0000 1.5034 1.6136 3.8849 0.8275 1.4574 34.8703 1.5708 0.9984
Car 0.0000 0.0000 0.0000 197.0000 178.0000 340.0000 248.0000 1.4848 1.5706 3.8254 -8.0235 1.5862 17.3007 1.5708 0.9982
Car 0.0000 0.0000 0.0000 727.0000 182.0000 824.0000 244.0000 1.4605 1.5633 3.9112 4.3276 1.6999 19.3679 1.5376 0.9981
Car 0.0000 0.0000 0.0000 746.0000 175.0000 818.0000 203.0000 1.5226 1.5480 3.7068 9.8856 1.6273 41.2740 0.0023 0.9978
Car 0.0000 0.0000 0.0000 193.0000 175.0000 282.0000 218.0000 1.5160 1.6253 3.9163 -13.9682 1.5618 27.2647 1.4815 0.9959
Car 0.0000 0.0000 0.0000 833.0000 160.0000 945.0000 205.0000 2.4748 1.9162 5.6213 16.0258 1.6990 41.3269 0.0404 0.9941
Car 0.0000 0.0000 0.0000 537.0000 164.0000 596.0000 196.0000 2.3571 1.9543 5.3352 -3.3241 1.6282 56.0577 0.9296 0.9934
Car 0.0000 0.0000 0.0000 442.0000 161.0000 483.0000 192.0000 1.5640 1.6127 3.9212 -7.6548 0.9289 37.9469 1.5019 0.9904
Car 0.0000 0.0000 0.0000 274.0000 183.0000 472.0000 270.0000 1.4927 1.5660 3.6083 -4.6472 1.6812 14.0038 0.4842 0.9882
Car 0.0000 0.0000 0.0000 303.0000 176.0000 403.0000 229.0000 1.4941 1.5823 3.7202 -7.8328 1.5688 22.3103 1.5708 0.9835
Car 0.0000 0.0000 0.0000 461.0000 180.0000 553.0000 216.0000 1.4836 1.5758 3.6468 -4.4132 1.7638 31.1997 0.4022 0.9776
