Car 0.0000 0.0000 0.0000 737.0000 168.0000 918.0000 296.0000 1.5939 1.6163 3.5512 3.0271 1.5405 10.8202 1.5708 1.0000
Car 0.0000 0.0000 0.0000 647.0000 178.0000 696.0000 215.0000 1.5437 1.5919 3.5529 2.7532 1.7364 32.3857 1.4889 0.9999
Car 0.0000 0.0000 0.0000 230.0000 195.0000 442.0000 329.0000 1.4698 1.5791 3.8720 -3.7146 1.8290 10.4193 1.5708 0.9999
Car 0.0000 0.0000 0.0000 -232.0000 207.0000 312.0000 524.0000 1.5639 1.5790 3.4358 -3.8461 1.9015 5.6256 1.5559 0.9999
Car 0.0000 0.0000 0.0000 821.0000 187.0000 1472.0000 550.0000 1.5502 1.6239 4.3252 2.9762 1.6793 5.3564 1.5708 0.9997
Car 0.0000 0.0000 0.0000 1022.0000 150.0000 1244.0000 230.0000 1.8553 1.7106 4.1298 12.8524 1.3167 17.8968 0.0995 0.9991
Car 0.0000 0.0000 0.0000 762.0000 177.0000 876.0000 222.0000 1.4563 1.5626 3.6231 7.1347 1.5648 24.6195 0.3065 0.9991
Car 0.0000 0.0000 0.0000 544.0000 181.0000 594.0000 198.0000 1.4121 1.5923 4.0516 -3.3719 2.0187 62.0146 -0.6259 0.9981
Car 0.0000 0.0000 0.0000 593.0000 181.0000 627.0000 206.0000 1.5230 1.5615 3.7312 0.0545 1.9833 47.0379 1.3922 0.9962
Car 0.0000 0.0000 0.0000 695.0000 175.0000 738.0000 192.0000 1.4807 1.5934 3.8706 9.8103 1.6123 65.2539 -0.6831 0.9844
