Car 0.0000 0.0000 0.0000 884.0000 185.0000 1355.0000 440.0000 1.5796 1.6101 3.4931 3.8939 1.6976 6.3441 1.5522 0.9999
Car 0.0000 0.0000 0.0000 728.0000 180.0000 834.0000 255.0000 1.5590 1.6277 3.6567 3.9169 1.7088 17.0492 1.5708 0.9999
Car 0.0000 0.0000 0.0000 776.0000 185.0000 960.0000 298.0000 1.4642 1.5759 3.9097 3.8678 1.6621 11.5442 1.5708 0.9999
Car 0.0000 0.0000 0.0000 342.0000 185.0000 466.0000 266.0000 1.5749 1.6455 3.8790 -4.5435 1.8565 16.4209 1.5708 0.9999
Car 0.0000 0.0000 0.0000 700.0000 182.0000 777.0000 235.0000 1.4562 1.5724 4.0349 3.8658 1.7016 22.1791 1.5531 0.9997
Car 0.0000 0.0000 0.0000 533.0000 179.0000 568.0000 207.0000 1.5577 1.6278 3.6328 -3.4894 1.8893 43.4996 1.5708 0.9997
Car 0.0000 0.0000 0.0000 464.0000 181.0000 525.0000 224.0000 1.4742 1.6034 4.1664 -4.2805 1.7724 27.4080 1.5708 0.9995
Car 0.0000 0.0000 0.0000 421.0000 185.0000 505.0000 241.0000 1.5371 1.6315 3.9570 -4.4094 1.8870 22.2160 1.5708 0.9994
Car 0.0000 0.0000 0.0000 697.0000 179.0000 744.0000 223.0000 1.5611 1.6159 3.8196 4.1485 1.7442 27.3571 -1.4522 0.9955
Car 0.0000 0.0000 0.0000 548.0000 176.0000 580.0000 200.0000 1.5123 1.6024 3.9328 -2.9770 1.6744 48.2683 1.5708 0.9779
