Car 0.0000 0.0000 0.0000 582.0000 181.0000 634.0000 231.0000 1.5100 1.6041 3.4414 -0.0590 1.7693 23.9948 1.5648 0.9999
Car 0.0000 0.0000 0.0000 141.0000 172.0000 406.0000 318.0000 1.6907 1.6957 4.1772 -4.9391 1.6897 10.2592 0.6600 0.9988
Car 0.0000 0.0000 0.0000 662.0000 148.0000 735.0000 223.0000 2.5297 2.0759 5.6890 3.2523 1.6804 27.3965 1.5708 0.9987
Car 0.0000 0.0000 0.0000 125.0000 184.0000 236.0000 231.0000 1.4440 1.5722 3.8858 -14.5206 1.8005 24.6163 1.5477 0.9985
Car 0.0000 0.0000 0.0000 399.0000 180.0000 520.0000 231.0000 1.5426 1.5986 3.7416 -4.9712 1.7774 23.8187 0.4646 0.9978
Car 0.0000 0.0000 0.0000 358.0000 181.0000 485.0000 234.0000 1.4108 1.5202 3.4165 -5.5151 1.6491 21.0684 0.4434 0.9978
Car 0.0000 0.0000 0.0000 260.0000 164.0000 450.0000 276.0000 1.8302 1.6785 3.8095 -4.9151 1.6822 13.6082 0.7054 0.9970
Car 0.0000 0.0000 0.0000 586.0000 173.0000 621.0000 205.0000 1.5556 1.6435 3.7693 -0.2438 1.5462 37.2087 1.5708 0.9948
Car 0.0000 0.0000 0.0000 638.0000 177.0000 665.0000 198.0000 1.4883 1.5975 3.9095 3.0770 1.6881 51.5363 -1.4298 0.9947
Car 0.0000 0.0000 0.0000 510.0000 177.0000 539.0000 204.0000 1.5322 1.6240 3.8151 -5.0372 1.7082 42.7204 1.4319 0.9946
Car 0.0000 0.0000 0.0000 375.0000 147.0000 433.0000 184.0000 1.5264 1.6006 3.8904 -9.0085 0.4161 31.8978 1.5329 0.9914
Car 0.0000 0.0000 0.0000 485.0000 179.0000 533.0000 217.0000 1.5113 1.6182 4.1020 -4.4311 1.7431 31.3782 1.3295 0.9775
