Car 0.0000 0.0000 0.0000 652.0000 175.0000 728.0000 238.0000 1.4889 1.6140 4.2267 2.0592 1.5354 19.4091 1.5708 0.9998
Car 0.0000 0.0000 0.0000 213.0000 184.0000 417.0000 260.0000 1.6135 1.6019 3.9805 -6.5985 1.8575 16.3323 0.0503 0.9998
Car 0.0000 0.0000 0.0000 628.0000 174.0000 666.0000 207.0000 1.5089 1.5857 3.5281 1.7797 1.5100 34.5378 1.5675 0.9996
Car 0.0000 0.0000 0.0000 121.0000 178.0000 370.0000 268.0000 1.5883 1.6072 3.9752 -6.8778 1.6888 13.7708 0.0521 0.9991
Car 0.0000 0.0000 0.0000 1017.0000 163.0000 1689.0000 393.0000 1.6137 1.6323 3.9461 5.8177 1.5610 6.0176 -0.0156 0.9989
Car 0.0000 0.0000 0.0000 293.0000 179.0000 437.0000 237.0000 1.6306 1.5898 3.7569 -7.2308 1.7934 21.4641 0.0363 0.9980
Car 0.0000 0.0000 0.0000 394.0000 172.0000 497.0000 209.0000 1.5047 1.6052 3.9923 -6.9345 1.4519 30.7217 0.0407 0.9949
Car 0.0000 0.0000 0.0000 465.0000 168.0000 501.0000 198.0000 1.5147 1.6028 3.7214 -6.7227 1.2139 38.7843 1.4815 0.9820
Car 0.0000 0.0000 0.0000 472.0000 167.0000 505.0000 197.0000 1.7571 1.7199 4.2752 -7.3749 1.3492 44.4900 1.4684 0.9767
Car 0.0000 0.0000 0.0000 623.0000 171.0000 659.0000 203.0000 1.6612 1.6299 3.8551 1.7213 1.5074 39.5974 1.5424 0.9746
