Car 0.0000 0.0000 0.0000 746.0000 178.0000 1008.0000 361.0000 1.6241 1.6284 4.0363 2.7413 1.6842 8.4589 1.5708 0.9998
Car 0.0000 0.0000 0.0000 663.0000 175.0000 726.0000 228.0000 1.6033 1.6058 3.5709 2.7108 1.6559 23.6873 1.5669 0.9998
Car 0.0000 0.0000 0.0000 692.0000 184.0000 811.0000 270.0000 1.4436 1.5658 3.9571 2.6630 1.6671 14.4617 1.5652 0.9998
Car 0.0000 0.0000 0.0000 643.0000 177.0000 678.0000 208.0000 1.5360 1.5791 3.6028 2.6179 1.6900 37.3459 1.5708 0.9992
Car 0.0000 0.0000 0.0000 -110.0000 183.0000 283.0000 336.0000 1.6355 1.5603 3.6509 -6.1278 1.7694 8.6328 0.0451 0.9991
Car 0.0000 0.0000 0.0000 372.0000 170.0000 479.0000 216.0000 1.6560 1.5467 3.6075 -6.8850 1.5196 27.1767 0.0426 0.9986
Car 0.0000 0.0000 0.0000 430.0000 184.0000 517.0000 220.0000 1.5103 1.5446 3.6191 -6.1185 2.0017 32.6077 0.0342 0.9983
Car 0.0000 0.0000 0.0000 351.0000 183.0000 485.0000 235.0000 1.4985 1.5753 3.6855 -5.8441 1.8114 22.1898 0.0584 0.9981
Car 0.0000 0.0000 0.0000 440.0000 178.0000 531.0000 214.0000 1.6330 1.6477 4.0870 -5.9372 1.8677 34.8237 0.0555 0.9955
Car 0.0000 0.0000 0.0000 38.0000 196.0000 336.0000 304.0000 1.4906 1.5614 3.7743 -6.4689 1.8702 11.1777 0.0886 0.9944
Car 0.0000 0.0000 0.0000 -426.0000 197.0000 160.0000 408.0000 1.4879 1.5237 3.5796 -6.0937 1.7181 6.1033 0.0739 0.9935
Car 0.0000 0.0000 0.0000 627.0000 174.0000 645.0000 191.0000 1.5320 1.6422 3.8979 2.6887 1.5919 71.1393 1.5708 0.9927
Car 0.0000 0.0000 0.0000 374.0000 184.0000 492.0000 231.0000 1.5205 1.5598 3.6573 -6.0382 1.8895 24.8493 0.0599 0.9850
Car 0.0000 0.0000 0.0000 662.0000 171.0000 684.0000 192.0000 1.6077 1.6561 3.9598 5.2311 1.4229 59.0700 1.5708 0.9657
