Car 0.0000 0.0000 0.0000 747.0000 183.0000 878.0000 273.0000 1.5403 1.6155 3.8011 3.9177 1.7452 14.5828 1.5708 0.9999
Car 0.0000 0.0000 0.0000 592.0000 182.0000 653.0000 241.0000 1.5089 1.6110 3.4188 0.3441 1.7676 20.7682 1.5708 0.9998
Car 0.0000 0.0000 0.0000 708.0000 177.0000 790.0000 238.0000 1.6623 1.6575 4.1926 4.1562 1.7798 22.0807 1.5612 0.9997
Car 0.0000 0.0000 0.0000 256.0000 178.0000 464.0000 287.0000 1.5867 1.5652 3.4688 -4.2729 1.6672 12.0982 0.6168 0.9996
Car 0.0000 0.0000 0.0000 397.0000 178.0000 527.0000 237.0000 1.4787 1.5455 3.5692 -4.1070 1.6070 19.7522 0.6686 0.9992
Car 0.0000 0.0000 0.0000 481.0000 179.0000 563.0000 212.0000 1.4001 1.5317 3.4907 -4.0128 1.6575 32.9115 0.5155 0.9989
Car 0.0000 0.0000 0.0000 136.0000 166.0000 253.0000 220.0000 1.7164 1.6769 4.0465 -14.2534 1.4766 24.9880 1.5708 0.9989
Car 0.0000 0.0000 0.0000 922.0000 -12.0000 2755.0000 1000.0000 2.1241 1.8773 4.6300 3.5511 1.7555 3.8403 1.5708 0.9979
Car 0.0000 0.0000 0.0000 678.0000 172.0000 712.0000 205.0000 1.6870 1.6983 3.8281 4.7000 1.5999 39.1654 -1.4477 0.9972
Car 0.0000 0.0000 0.0000 111.0000 187.0000 382.0000 325.0000 1.4325 1.5537 3.4994 -4.7382 1.6212 9.2077 0.5807 0.9969
Car 0.0000 0.0000 0.0000 -306.0000 149.0000 66.0000 283.0000 1.7159 1.6749 4.1157 -11.0539 1.4169 11.3785 1.5708 0.9958
Car 0.0000 0.0000 0.0000 604.0000 174.0000 642.0000 210.0000 1.5875 1.6675 3.7513 0.6375 1.6012 33.7972 1.5708 0.9945
Car 0.0000 0.0000 0.0000 -91.0000 181.0000 245.0000 438.0000 1.5302 1.5479 3.4172 -4.6321 1.6067 6.0267 0.7112 0.9932
Car 0.0000 0.0000 0.0000 550.0000 167.0000 582.0000 190.0000 1.5494 1.6272 3.6717 -3.1429 1.0956 52.0932 1.3104 0.9862
Car 0.0000 0.0000 0.0000 797.0000 162.0000 883.0000 197.0000 2.4138 1.8548 5.4793 16.2751 1.5912 50.8680 0.0572 0.9854
Car 0.0000 0.0000 0.0000 706.0000 173.0000 726.0000 190.0000 1.5298 1.5976 3.7470 9.8812 1.4399 66.1221 -1.4704 0.9804
Car 0.0000 0.0000 0.0000 616.0000 170.0000 636.0000 189.0000 1.5922 1.6663 3.8504 1.5665 1.2991 63.9386 1.5708 0.9779
Car 0.0000 0.0000 0.0000 684.0000 178.0000 728.0000 213.0000 1.5425 1.6112 3.9118 4.5320 1.7477 34.0776 1.5708 0.9644
