Car 0.0000 0.0000 0.0000 325.0000 187.0000 445.0000 257.0000 1.5593 1.6930 4.0606 -5.6768 1.9377 18.6807 1.5708 0.9998
Car 0.0000 0.0000 0.0000 439.0000 185.0000 497.0000 225.0000 1.4767 1.6083 3.6176 -5.5962 1.9281 28.9502 1.5708 0.9998
Car 0.0000 0.0000 0.0000 402.0000 185.0000 476.0000 236.0000 1.5094 1.5758 3.7267 -5.6083 1.9166 24.0632 1.5708 0.9998
Car 0.0000 0.0000 0.0000 -249.0000 195.0000 234.0000 420.0000 1.6409 1.6809 3.9408 -5.8476 1.9090 7.5353 1.5708 0.9996
Car 0.0000 0.0000 0.0000 468.0000 181.0000 520.0000 216.0000 1.5668 1.6344 4.1169 -5.4825 1.9220 34.8791 1.5708 0.9996
Car 0.0000 0.0000 0.0000 953.0000 149.0000 3953.0000 1536.0000 1.6268 1.6409 4.0457 3.0941 1.6208 2.8842 1.5708 0.9993
Car 0.0000 0.0000 0.0000 499.0000 181.0000 539.0000 209.0000 1.5855 1.6546 4.3841 -5.2481 1.9809 42.5396 1.5708 0.9983
Car 0.0000 0.0000 0.0000 1105.0000 139.0000 1239.0000 178.0000 1.5002 1.6602 4.1680 23.0783 0.1187 29.6209 0.0250 0.9960
Car 0.0000 0.0000 0.0000 782.0000 160.0000 897.0000 202.0000 1.6909 1.7183 4.3467 9.6426 1.1502 30.4142 0.0950 0.9957
Car 0.0000 0.0000 0.0000 1018.0000 147.0000 1115.0000 179.0000 1.5710 1.6622 3.9430 23.9043 0.2423 37.7198 0.0760 0.9949
Car 0.0000 0.0000 0.0000 733.0000 169.0000 814.0000 200.0000 1.5298 1.6105 3.9341 8.6962 1.3215 38.2709 0.0700 0.9935
Car 0.0000 0.0000 0.0000 1042.0000 146.0000 1152.0000 179.0000 1.5247 1.7101 4.1057 23.8035 0.2163 35.2572 0.1447 0.9916
Car 0.0000 0.0000 0.0000 1068.0000 144.0000 1182.0000 181.0000 1.5748 1.6368 3.8296 23.1943 0.3032 32.4471 0.1330 0.9899
Car 0.0000 0.0000 0.0000 868.0000 153.0000 948.0000 183.0000 1.7096 1.6721 4.0414 17.6906 0.5157 42.6609 0.0552 0.9762
Car 0.0000 0.0000 0.0000 768.0000 152.0000 866.0000 186.0000 1.5275 1.6388 4.0174 9.5831 0.5257 33.2948 -0.1723 0.9739
Car 0.0000 0.0000 0.0000 753.0000 168.0000 834.0000 199.0000 1.4577 1.6167 3.7973 9.2121 1.1887 35.9150 -0.4882 0.9736
Car 0.0000 0.0000 0.0000 516.0000 183.0000 547.0000 209.0000 1.5020 1.5803 4.0503 -4.8692 2.1075 45.8860 1.5540 0.9673
