Car 0.0000 0.0000 0.0000 516.0000 167.0000 739.0000 384.0000 1.5879 1.6264 3.5352 0.1647 1.5586 7.0657 1.5708 0.9998
Car 0.0000 0.0000 0.0000 7.0000 194.0000 180.0000 248.0000 1.4555 1.6376 4.1849 -15.0887 2.0739 21.1066 0.1716 0.9998
Car 0.0000 0.0000 0.0000 872.0000 176.0000 975.0000 211.0000 1.5795 1.6813 4.1572 14.7558 1.7071 33.9852 0.1780 0.9996
Car 0.0000 0.0000 0.0000 1172.0000 169.0000 1409.0000 236.0000 1.5618 1.6549 4.0775 16.7286 1.4633 17.8731 0.1104 0.9994
Car 0.0000 0.0000 0.0000 582.0000 178.0000 734.0000 238.0000 1.5055 1.6076 3.9217 1.3425 1.6401 19.3640 0.1600 0.9993
Car 0.0000 0.0000 0.0000 330.0000 187.0000 374.0000 209.0000 1.4929 1.7081 3.8491 -18.6891 2.4424 52.5390 1.5708 0.9989
Car 0.0000 0.0000 0.0000 946.0000 176.0000 1081.0000 219.0000 1.5503 1.6523 4.1843 15.3884 1.6589 27.5952 0.0885 0.9989
Car 0.0000 0.0000 0.0000 423.0000 180.0000 461.0000 202.0000 1.5186 1.7085 4.4279 -12.3815 2.0143 53.7711 1.5708 0.9982
Car 0.0000 0.0000 0.0000 376.0000 183.0000 419.0000 205.0000 1.4682 1.6507 4.2336 -15.5074 2.1825 53.0321 1.5708 0.9932
Car 0.0000 0.0000 0.0000 -41.0000 204.0000 42.0000 238.0000 1.4840 1.5926 4.0306 -30.3742 3.0398 36.0226 1.3199 0.9662
