Car 0.0000 0.0000 0.0000 219.0000 190.0000 454.0000 337.0000 1.5127 1.5777 4.1260 -3.4114 1.7637 9.7906 1.5708 0.9997
Car 0.0000 0.0000 0.0000 426.0000 180.0000 500.0000 228.0000 1.5234 1.6522 4.3864 -5.0799 1.7372 25.4629 1.5708 0.9996
Car 0.0000 0.0000 0.0000 573.0000 181.0000 606.0000 212.0000 1.6071 1.6680 3.6250 -0.9987 1.9662 38.5193 1.5708 0.9996
Car 0.0000 0.0000 0.0000 46.0000 191.0000 275.0000 294.0000 1.4494 1.5641 3.9248 -7.5953 1.7866 12.6328 1.5708 0.9992
Car 0.0000 0.0000 0.0000 201.0000 182.0000 297.0000 227.0000 1.4807 1.5916 3.9382 -12.9376 1.7956 26.1218 1.5455 0.9989
Car 0.0000 0.0000 0.0000 286.0000 180.0000 385.0000 235.0000 1.4631 1.5617 3.7245 -7.9975 1.6622 21.3184 1.5585 0.9976
Car 0.0000 0.0000 0.0000 356.0000 184.0000 423.0000 222.0000 1.4125 1.5366 3.6225 -8.8702 1.8503 29.3023 1.5708 0.9968
Car 0.0000 0.0000 0.0000 43.0000 184.0000 195.0000 249.0000 1.4808 1.5792 3.7937 -12.7091 1.7697 18.9275 1.5091 0.9961
Car 0.0000 0.0000 0.0000 495.0000 167.0000 541.0000 211.0000 2.2499 1.8968 5.4985 -4.9888 1.9363 40.2363 1.5642 0.9959
Car 0.0000 0.0000 0.0000 443.0000 186.0000 486.0000 203.0000 1.5201 1.5497 3.5845 -13.2762 2.6237 66.4787 0.0533 0.9912
Car 0.0000 0.0000 0.0000 385.0000 182.0000 425.0000 207.0000 1.5382 1.6530 3.8663 -13.5881 2.1126 48.1819 1.5612 0.9889
