Car 0.0000 0.0000 0.0000 425.0000 185.0000 501.0000 230.0000 1.5589 1.6216 4.1930 -5.5443 1.9965 27.7509 -1.4549 0.9999
Car 0.0000 0.0000 0.0000 327.0000 189.0000 436.0000 256.0000 1.4877 1.5507 3.6454 -5.7487 1.9016 18.5454 1.5708 0.9999
Car 0.0000 0.0000 0.0000 736.0000 170.0000 891.0000 282.0000 1.6065 1.6359 4.0277 3.2878 1.5692 12.4427 1.5708 0.9998
Car 0.0000 0.0000 0.0000 687.0000 180.0000 759.0000 232.0000 1.4551 1.5644 3.9367 3.4424 1.6577 22.4260 1.5650 0.9998
Car 0.0000 0.0000 0.0000 161.0000 194.0000 376.0000 304.0000 1.5150 1.6631 4.2827 -5.7592 1.9320 12.7629 1.5708 0.9998
Car 0.0000 0.0000 0.0000 807.0000 185.0000 1217.0000 419.0000 1.5355 1.6181 4.0883 3.2349 1.6621 6.8939 1.5708 0.9996
Car 0.0000 0.0000 0.0000 653.0000 177.0000 693.0000 209.0000 1.5326 1.5817 3.6535 3.2188 1.7180 36.6391 1.5488 0.9994
Car 0.0000 0.0000 0.0000 496.0000 183.0000 532.0000 210.0000 1.5195 1.5975 3.9083 -5.6272 2.0485 42.9922 1.5708 0.9984
Car 0.0000 0.0000 0.0000 921.0000 118.0000 1137.0000 236.0000 2.0991 1.9043 4.7946 8.5662 1.1180 15.3500 1.5708 0.9975
Car 0.0000 0.0000 0.0000 -854.0000 217.0000 118.0000 586.0000 1.4540 1.6402 4.0913 -5.8951 1.8845 5.3183 1.5708 0.9974
Car 0.0000 0.0000 0.0000 669.0000 178.0000 726.0000 221.0000 1.5270 1.5745 4.0518 3.3476 1.6944 27.9021 1.5447 0.9972
Car 0.0000 0.0000 0.0000 1101.0000 159.0000 1580.0000 297.0000 1.4469 1.5422 3.9463 8.3002 1.3143 8.4815 0.0450 0.9954
