Car 0.0000 0.0000 0.0000 75.0000 197.0000 407.0000 394.0000 1.4917 1.5866 3.8554 -3.5806 1.7970 7.7807 1.5708 0.9998
Car 0.0000 0.0000 0.0000 783.0000 175.0000 1147.0000 405.0000 1.5223 1.5778 3.5701 2.7620 1.5481 6.5831 1.5708 0.9997
Car 0.0000 0.0000 0.0000 1076.0000 196.0000 6853.0000 2867.0000 1.5317 1.5278 3.0656 3.0089 1.6345 1.9688 1.5662 0.9996
Car 0.0000 0.0000 0.0000 331.0000 191.0000 479.0000 289.0000 1.4751 1.5812 4.0627 -3.6404 1.8297 13.4772 1.5708 0.9996
Car 0.0000 0.0000 0.0000 708.0000 175.0000 850.0000 283.0000 1.5639 1.6197 4.1512 2.7290 1.5989 12.5536 1.5708 0.9996
Car 0.0000 0.0000 0.0000 408.0000 186.0000 498.0000 250.0000 1.4758 1.5645 3.5389 -4.0290 1.8135 18.9359 1.5708 0.9994
Car 0.0000 0.0000 0.0000 453.0000 180.0000 526.0000 233.0000 1.5754 1.6125 4.0376 -3.8459 1.7929 23.6758 1.5708 0.9992
Car 0.0000 0.0000 0.0000 680.0000 170.0000 772.0000 238.0000 1.5444 1.6131 4.3100 2.8749 1.4702 18.6747 1.5636 0.9991
Car 0.0000 0.0000 0.0000 671.0000 170.0000 732.0000 220.0000 1.5543 1.5915 3.6445 3.0234 1.4449 24.2558 1.5708 0.9991
Car 0.0000 0.0000 0.0000 860.0000 143.0000 969.0000 183.0000 1.6531 1.6831 4.0293 13.1898 0.3657 31.2461 0.0443 0.9970
Car 0.0000 0.0000 0.0000 639.0000 173.0000 669.0000 198.0000 1.5065 1.5821 3.6316 2.8356 1.4650 45.6713 1.5406 0.9746
Car 0.0000 0.0000 0.0000 596.0000 175.0000 617.0000 194.0000 1.5436 1.5938 3.8308 -0.2240 1.6647 60.4114 1.5352 0.9713
