Car 0.0000 0.0000 0.0000 632.0000 182.0000 679.0000 221.0000 1.4754 1.6042 4.0829 1.8586 1.8235 30.0786 1.5492 0.9998
Car 0.0000 0.0000 0.0000 55.0000 156.0000 353.0000 276.0000 1.9738 1.7444 4.4099 -7.1734 1.7053 12.9985 0.0183 0.9994
Car 0.0000 0.0000 0.0000 764.0000 171.0000 948.0000 244.0000 1.5971 1.5984 3.7355 5.6271 1.5535 16.7989 0.0254 0.9993
Car 0.0000 0.0000 0.0000 775.0000 182.0000 994.0000 264.0000 1.5153 1.5894 3.7698 5.3703 1.7062 14.4280 0.0421 0.9992
Car 0.0000 0.0000 0.0000 331.0000 178.0000 464.0000 229.0000 1.5978 1.6220 4.0019 -7.0651 1.7614 24.2071 0.0122 0.9992
Car 0.0000 0.0000 0.0000 829.0000 181.0000 1121.0000 287.0000 1.5640 1.6099 3.8586 5.7035 1.7016 11.6448 0.0644 0.9990
Car 0.0000 0.0000 0.0000 -71.0000 174.0000 296.0000 306.0000 1.6998 1.6372 4.1600 -6.9656 1.7275 10.3254 0.0093 0.9990
Car 0.0000 0.0000 0.0000 939.0000 179.0000 1329.0000 315.0000 1.5307 1.5759 3.6569 6.2958 1.6085 9.0263 0.0807 0.9989
Car 0.0000 0.0000 0.0000 367.0000 179.0000 485.0000 223.0000 1.5708 1.6099 3.9544 -6.8070 1.7813 26.9172 0.1070 0.9988
Car 0.0000 0.0000 0.0000 1011.0000 190.0000 1599.0000 383.0000 1.5057 1.5682 3.7188 5.9622 1.6785 6.5849 0.0669 0.9984
Car 0.0000 0.0000 0.0000 -520.0000 174.0000 99.0000 404.0000 1.6400 1.5522 3.6392 -6.6461 1.6640 6.0266 0.0747 0.9978
Car 0.0000 0.0000 0.0000 1292.0000 167.0000 2724.0000 574.0000 1.5163 1.5607 3.6818 6.0698 1.5181 3.6213 0.0874 0.9780
Car 0.0000 0.0000 0.0000 688.0000 172.0000 750.0000 198.0000 1.8207 1.6765 4.3354 7.9828 1.6891 52.4191 0.1161 0.9689
