Car 0.0000 0.0000 0.0000 480.0000 187.0000 548.0000 239.0000 1.4076 1.5536 3.6271 -2.8505 1.8422 22.1828 1.5708 0.9999
Car 0.0000 0.0000 0.0000 643.0000 180.0000 705.0000 230.0000 1.6286 1.6639 4.1322 2.2506 1.8665 26.0249 1.5187 0.9999
Car 0.0000 0.0000 0.0000 755.0000 197.0000 1086.0000 411.0000 1.4587 1.5871 4.0720 2.6641 1.7489 7.3293 1.5705 0.9999
Car 0.0000 0.0000 0.0000 139.0000 182.0000 378.0000 275.0000 1.5706 1.5667 3.6535 -6.3801 1.7367 13.2900 -0.0049 0.9996
Car 0.0000 0.0000 0.0000 409.0000 181.0000 461.0000 222.0000 1.5038 1.5767 4.0051 -6.9295 1.7928 28.9232 1.4426 0.9992
Car 0.0000 0.0000 0.0000 -274.0000 202.0000 242.0000 378.0000 1.4603 1.5631 3.7849 -5.9138 1.7801 7.0383 0.0459 0.9983
Car 0.0000 0.0000 0.0000 619.0000 181.0000 640.0000 201.0000 1.4979 1.6562 4.0313 1.6926 2.1241 59.5415 1.5708 0.9976
Car 0.0000 0.0000 0.0000 6.0000 191.0000 341.0000 307.0000 1.5534 1.6454 4.0823 -6.4134 1.8468 10.7998 0.0631 0.9962
Car 0.0000 0.0000 0.0000 481.0000 170.0000 543.0000 194.0000 1.8415 1.7018 4.5313 -7.4743 1.5437 56.0927 0.0420 0.9928
Car 0.0000 0.0000 0.0000 -928.0000 207.0000 100.0000 541.0000 1.5223 1.6323 4.1786 -5.7574 1.7705 4.3533 0.0609 0.9652
