Car 0.0000 0.0000 0.0000 588.0000 177.0000 636.0000 224.0000 1.6190 1.6498 3.6667 0.1069 1.7489 27.0337 1.5708 0.9998
Car 0.0000 0.0000 0.0000 416.0000 185.0000 473.0000 221.0000 1.4926 1.6077 3.9226 -7.2107 1.9788 31.8805 1.5708 0.9995
Car 0.0000 0.0000 0.0000 399.0000 179.0000 446.0000 207.0000 1.5902 1.6870 4.2966 -11.2576 1.9220 43.7679 1.5708 0.9993
Car 0.0000 0.0000 0.0000 711.0000 166.0000 886.0000 238.0000 1.4610 1.6174 4.2886 4.4308 1.3004 16.6483 -0.6550 0.9985
Car 0.0000 0.0000 0.0000 676.0000 177.0000 778.0000 228.0000 1.5202 1.5910 3.8598 3.8933 1.6244 23.4579 -0.9039 0.9983
Car 0.0000 0.0000 0.0000 378.0000 179.0000 415.0000 200.0000 1.4785 1.6029 3.7848 -15.2578 1.8183 51.9257 1.5461 0.9983
Car 0.0000 0.0000 0.0000 965.0000 175.0000 1352.0000 457.0000 1.4770 1.6179 4.1636 4.5668 1.4988 5.7700 -0.7085 0.9977
Car 0.0000 0.0000 0.0000 650.0000 158.0000 720.0000 191.0000 1.6330 1.6847 4.2464 4.0693 0.8466 37.9788 -0.9107 0.9959
Car 0.0000 0.0000 0.0000 433.0000 176.0000 465.0000 202.0000 1.7006 1.6692 4.3067 -11.2642 1.8849 51.0126 1.4772 0.9877
Car 0.0000 0.0000 0.0000 157.0000 182.0000 196.0000 206.0000 1.5194 1.6111 4.0309 -28.3531 2.0264 47.1409 0.8877 0.9828
