Car 0.0000 0.0000 0.0000 597.0000 178.0000 658.0000 233.0000 1.5043 1.6297 3.6777 0.5743 1.6216 21.3837 1.5708 0.9999
Car 0.0000 0.0000 0.0000 856.0000 165.0000 1252.0000 381.0000 1.6892 1.6742 4.3125 4.1897 1.6408 7.8059 1.5708 0.9998
Car 0.0000 0.0000 0.0000 724.0000 180.0000 812.0000 240.0000 1.4528 1.5430 3.7662 4.2294 1.6373 19.7103 1.5670 0.9997
Car 0.0000 0.0000 0.0000 763.0000 185.0000 902.0000 273.0000 1.4798 1.5663 3.7591 4.2668 1.7201 14.3975 1.5647 0.9996
Car 0.0000 0.0000 0.0000 705.0000 166.0000 773.0000 224.0000 1.8176 1.6940 3.9757 4.3795 1.5997 24.9126 1.5708 0.9995
Car 0.0000 0.0000 0.0000 764.0000 171.0000 848.0000 202.0000 1.5046 1.5698 3.8144 9.9258 1.3691 36.4998 0.0232 0.9984
Car 0.0000 0.0000 0.0000 379.0000 180.0000 524.0000 244.0000 1.4941 1.6080 3.7108 -4.1684 1.6770 18.7533 0.6113 0.9980
Car 0.0000 0.0000 0.0000 -90.0000 188.0000 287.0000 490.0000 1.4802 1.5670 3.6464 -4.0549 1.5999 5.3972 0.7389 0.9970
Car 0.0000 0.0000 0.0000 519.0000 170.0000 567.0000 201.0000 1.5106 1.6268 4.0541 -3.5233 1.3500 37.6374 1.2533 0.9962
Car 0.0000 0.0000 0.0000 206.0000 173.0000 348.0000 242.0000 1.4978 1.5566 3.5016 -7.8881 1.4952 17.3826 -1.4720 0.9960
Car 0.0000 0.0000 0.0000 79.0000 177.0000 222.0000 233.0000 1.5431 1.6233 4.1243 -13.9363 1.6509 22.1589 1.5708 0.9946
Car 0.0000 0.0000 0.0000 862.0000 150.0000 992.0000 202.0000 2.5059 1.9499 5.6839 16.0411 1.3678 36.4869 0.0234 0.9944
Car 0.0000 0.0000 0.0000 20.0000 174.0000 248.0000 274.0000 1.4733 1.5304 3.6690 -8.0503 1.4994 12.5803 1.5708 0.9942
Car 0.0000 0.0000 0.0000 125.0000 189.0000 384.0000 333.0000 1.4441 1.5813 3.5382 -4.6068 1.6498 9.0777 0.6784 0.9934
Car 0.0000 0.0000 0.0000 329.0000 171.0000 421.0000 224.0000 1.6059 1.6595 4.2751 -7.7462 1.5245 24.1790 1.5708 0.9914
Car 0.0000 0.0000 0.0000 -619.0000 187.0000 14.0000 388.0000 1.4129 1.5236 3.7369 -8.2581 1.5733 7.1210 1.5708 0.9904
Car 0.0000 0.0000 0.0000 526.0000 159.0000 593.0000 192.0000 2.1675 1.8077 5.0474 -3.5092 1.2189 50.7574 0.7834 0.9904
Car 0.0000 0.0000 0.0000 459.0000 180.0000 555.0000 217.0000 1.4483 1.5365 3.6079 -4.1954 1.6964 29.5999 0.3838 0.9901
Car 0.0000 0.0000 0.0000 431.0000 178.0000 539.0000 220.0000 1.4953 1.5770 3.7057 -4.6272 1.6466 26.7046 0.4420 0.9834
Car 0.0000 0.0000 0.0000 406.0000 173.0000 464.0000 210.0000 1.4972 1.5416 3.6267 -7.4735 1.4595 31.1652 1.5708 0.9812
