Car 0.0000 0.0000 0.0000 589.0000 173.0000 639.0000 221.0000 1.5596 1.6308 3.6034 0.1850 1.5601 25.5167 1.5708 0.9998
Car 0.0000 0.0000 0.0000 215.0000 190.0000 367.0000 270.0000 1.4719 1.5946 3.9563 -6.8731 1.8694 15.9532 1.5708 0.9997
Car 0.0000 0.0000 0.0000 363.0000 172.0000 425.0000 209.0000 1.7486 1.7551 4.3479 -11.0103 1.6958 37.1258 1.5708 0.9992
Car 0.0000 0.0000 0.0000 798.0000 148.0000 1064.0000 295.0000 1.6204 1.6673 4.3619 4.5812 1.3393 9.9752 -0.7145 0.9989
Car 0.0000 0.0000 0.0000 346.0000 176.0000 387.0000 201.0000 1.5217 1.6119 3.8631 -15.1824 1.6432 45.2665 1.4751 0.9971
Car 0.0000 0.0000 0.0000 482.0000 179.0000 508.0000 196.0000 1.4755 1.6070 3.8273 -10.4287 1.9369 66.4843 1.5708 0.9966
Car 0.0000 0.0000 0.0000 656.0000 162.0000 757.0000 203.0000 1.6322 1.7108 4.3689 4.2147 1.1571 30.9394 -0.6531 0.9957
Car 0.0000 0.0000 0.0000 717.0000 169.0000 856.0000 244.0000 1.5354 1.5906 3.6296 4.1425 1.4354 16.5820 -0.8483 0.9935
Car 0.0000 0.0000 0.0000 406.0000 173.0000 452.0000 202.0000 1.6047 1.6540 4.2408 -10.8224 1.5960 43.5952 1.5708 0.9929
Car 0.0000 0.0000 0.0000 701.0000 170.0000 836.0000 228.0000 1.4753 1.6111 4.0238 4.5486 1.3738 20.3395 -0.7069 0.9801
Car 0.0000 0.0000 0.0000 848.0000 167.0000 918.0000 198.0000 1.9822 1.7005 4.0679 18.7021 1.5683 49.1893 0.0757 0.9796
Car 0.0000 0.0000 0.0000 522.0000 171.0000 546.0000 192.0000 1.8674 1.7636 4.2976 -6.9854 1.6066 68.0251 1.5708 0.9777
Car 0.0000 0.0000 0.0000 693.0000 163.0000 815.0000 214.0000 1.6422 1.6248 3.8573 4.8834 1.3042 24.1559 0.2989 0.9751
Car 0.0000 0.0000 0.0000 437.0000 179.0000 475.0000 201.0000 1.4834 1.5704 4.0336 -10.6363 1.8113 50.4011 1.5708 0.9651
Car 0.0000 0.0000 0.0000 644.0000 172.0000 723.0000 200.0000 1.4258 1.6175 3.8745 3.9714 1.3229 38.0718 -0.4576 0.9609
