Car 0.0000 0.0000 0.0000 728.0000 165.0000 852.0000 213.0000 1.5413 1.5738 3.8953 6.1880 1.2786 24.9308 0.0335 0.9995
Car 0.0000 0.0000 0.0000 503.0000 177.0000 546.0000 210.0000 1.4624 1.6025 4.1712 -4.0414 1.6389 34.9490 1.5708 0.9994
Car 0.0000 0.0000 0.0000 1002.0000 144.0000 1096.0000 173.0000 1.4799 1.5958 3.9987 23.5082 -0.0580 38.5250 0.0368 0.9983
Car 0.0000 0.0000 0.0000 626.0000 172.0000 647.0000 190.0000 1.5331 1.6370 3.8405 2.5108 1.3490 64.2710 -1.4644 0.9979
Car 0.0000 0.0000 0.0000 668.0000 166.0000 692.0000 190.0000 1.6386 1.6863 4.2347 5.2466 1.1192 52.6781 -1.4493 0.9971
Car 0.0000 0.0000 0.0000 1232.0000 143.0000 1401.0000 195.0000 1.6672 1.6608 4.0114 23.9921 0.6671 24.5336 0.0479 0.9967
Car 0.0000 0.0000 0.0000 881.0000 154.0000 922.0000 178.0000 1.6441 1.6343 3.4631 21.2058 0.2634 52.2162 1.5708 0.9947
Car 0.0000 0.0000 0.0000 1143.0000 143.0000 1251.0000 185.0000 1.5363 1.6288 3.9493 23.3831 0.4061 28.8187 -1.3940 0.9945
Car 0.0000 0.0000 0.0000 722.0000 166.0000 776.0000 187.0000 1.5217 1.5886 3.8860 10.7514 0.9427 55.2005 0.0409 0.9945
Car 0.0000 0.0000 0.0000 579.0000 174.0000 601.0000 196.0000 1.5285 1.6033 3.7683 -1.3695 1.5662 53.7604 1.5505 0.9945
Car 0.0000 0.0000 0.0000 706.0000 164.0000 764.0000 186.0000 1.6652 1.7538 4.3224 9.9922 0.9133 56.9992 0.0629 0.9860
Car 0.0000 0.0000 0.0000 910.0000 152.0000 959.0000 175.0000 1.5928 1.6620 3.9227 23.7950 0.0572 52.7442 1.5234 0.9851
Car 0.0000 0.0000 0.0000 981.0000 150.0000 1075.0000 178.0000 1.5287 1.7115 4.2569 23.7072 0.2005 40.8284 0.0745 0.9838
Car 0.0000 0.0000 0.0000 1310.0000 148.0000 1524.0000 204.0000 1.5765 1.6717 4.2332 24.1160 0.8527 21.6355 0.1043 0.9836
Car 0.0000 0.0000 0.0000 520.0000 175.0000 559.0000 204.0000 1.5599 1.6655 4.2946 -3.9396 1.6400 41.4548 1.5708 0.9745
