Car 0.0000 0.0000 0.0000 351.0000 190.0000 441.0000 250.0000 1.5795 1.6145 3.4440 -6.2330 2.0726 21.3710 1.5708 0.9999
Car 0.0000 0.0000 0.0000 664.0000 174.0000 726.0000 226.0000 1.6438 1.6710 4.0105 2.8893 1.6529 24.9765 1.5708 0.9998
Car 0.0000 0.0000 0.0000 402.0000 188.0000 475.0000 236.0000 1.5897 1.6651 4.1470 -6.2553 2.1357 26.8086 1.5708 0.9998
Car 0.0000 0.0000 0.0000 454.0000 183.0000 504.0000 219.0000 1.5828 1.6805 4.2852 -6.2993 2.0646 35.3264 1.5698 0.9994
Car 0.0000 0.0000 0.0000 16.0000 199.0000 131.0000 249.0000 1.6801 1.7078 4.2876 -20.9491 2.7427 28.3855 1.4605 0.9986
Car 0.0000 0.0000 0.0000 -34.0000 203.0000 69.0000 248.0000 1.4989 1.5996 4.0680 -23.7511 2.7624 29.0508 1.3373 0.9980
Car 0.0000 0.0000 0.0000 1069.0000 143.0000 1182.0000 190.0000 2.1205 1.9108 4.8151 24.6163 0.7394 34.5606 1.5697 0.9980
Car 0.0000 0.0000 0.0000 -98.0000 206.0000 24.0000 251.0000 1.5325 1.6420 4.0373 -25.9548 2.8872 29.0854 1.4665 0.9972
Car 0.0000 0.0000 0.0000 -1236.0000 228.0000 -686.0000 350.0000 1.7322 1.6938 4.3075 -28.0200 2.8247 13.0760 -0.3143 0.9949
Car 0.0000 0.0000 0.0000 -224.0000 211.0000 -96.0000 255.0000 1.4827 1.6523 3.7438 -31.0192 3.0534 29.1429 1.3937 0.9946
Car 0.0000 0.0000 0.0000 900.0000 158.0000 960.0000 178.0000 1.6297 1.7234 4.3697 27.4578 0.3275 61.5633 0.0715 0.9935
Car 0.0000 0.0000 0.0000 1124.0000 138.0000 1233.0000 180.0000 1.9303 1.7744 4.5335 28.1076 0.2709 35.7334 1.5603 0.9867
Car 0.0000 0.0000 0.0000 480.0000 182.0000 518.0000 210.0000 1.4757 1.5637 3.9727 -6.3734 1.9844 42.0371 1.5708 0.9867
Car 0.0000 0.0000 0.0000 89.0000 191.0000 197.0000 234.0000 1.4958 1.6136 4.1274 -18.2601 2.2117 28.3906 1.5609 0.9749
