Car 0.0000 0.0000 0.0000 684.0000 181.0000 762.0000 239.0000 1.4492 1.5754 4.1310 3.1017 1.6599 20.4430 1.5708 0.9998
Car 0.0000 0.0000 0.0000 726.0000 186.0000 893.0000 303.0000 1.4474 1.5544 3.9496 2.8410 1.6555 11.1541 1.5708 0.9997
Car 0.0000 0.0000 0.0000 551.0000 177.0000 590.0000 209.0000 1.4595 1.5719 3.7440 -1.8424 1.6362 35.3593 1.5708 0.9996
Car 0.0000 0.0000 0.0000 291.0000 184.0000 471.0000 250.0000 1.5009 1.5637 3.8868 -5.4962 1.7738 17.5330 0.0476 0.9996
Car 0.0000 0.0000 0.0000 654.0000 175.0000 691.0000 206.0000 1.5415 1.5945 3.8844 3.3808 1.6189 38.8134 1.5708 0.9996
Car 0.0000 0.0000 0.0000 103.0000 170.0000 393.0000 278.0000 1.6872 1.6447 4.1694 -6.0697 1.6571 12.3008 0.0673 0.9994
Car 0.0000 0.0000 0.0000 331.0000 186.0000 491.0000 243.0000 1.5080 1.6117 4.0182 -5.5545 1.8748 20.2950 0.1324 0.9984
Car 0.0000 0.0000 0.0000 398.0000 178.0000 506.0000 224.0000 1.6089 1.5643 3.6362 -5.7240 1.7595 26.4894 -0.0033 0.9981
Car 0.0000 0.0000 0.0000 190.0000 181.0000 395.0000 257.0000 1.4843 1.5621 3.6387 -6.5975 1.6547 15.0797 0.1315 0.9972
Car 0.0000 0.0000 0.0000 479.0000 176.0000 551.0000 208.0000 1.7792 1.6565 3.9508 -5.4897 1.9328 42.3211 0.0449 0.9969
Car 0.0000 0.0000 0.0000 530.0000 170.0000 578.0000 189.0000 1.8112 1.7168 4.4319 -5.2246 1.4561 69.4497 0.0570 0.9925
Car 0.0000 0.0000 0.0000 520.0000 168.0000 549.0000 198.0000 1.9268 1.7861 4.4259 -4.9453 1.5737 48.4801 1.5010 0.9733
