Car 0.0000 0.0000 0.0000 746.0000 187.0000 960.0000 336.0000 1.5120 1.5580 3.3998 2.8609 1.7052 9.2779 1.5607 1.0000
Car 0.0000 0.0000 0.0000 712.0000 171.0000 834.0000 216.0000 1.6093 1.6587 4.2351 6.0586 1.5273 27.0096 0.0428 0.9995
Car 0.0000 0.0000 0.0000 -67.0000 179.0000 310.0000 323.0000 1.5634 1.5437 3.5658 -5.7993 1.6416 8.7993 -0.0102 0.9992
Car 0.0000 0.0000 0.0000 774.0000 171.0000 932.0000 233.0000 1.5657 1.6093 3.7583 6.3721 1.5191 19.2039 0.1384 0.9990
Car 0.0000 0.0000 0.0000 157.0000 173.0000 377.0000 271.0000 1.6117 1.5399 3.4748 -6.4164 1.6074 13.7342 -0.9573 0.9989
Car 0.0000 0.0000 0.0000 800.0000 184.0000 984.0000 254.0000 1.5066 1.5768 3.6665 6.3838 1.7582 16.6446 0.1555 0.9988
Car 0.0000 0.0000 0.0000 468.0000 169.0000 503.0000 203.0000 1.6847 1.6249 4.0075 -6.5014 1.4400 37.6296 1.3697 0.9987
Car 0.0000 0.0000 0.0000 414.0000 175.0000 505.0000 212.0000 1.5867 1.5695 3.7046 -6.7406 1.6684 32.6307 0.0639 0.9982
Car 0.0000 0.0000 0.0000 636.0000 151.0000 678.0000 198.0000 2.2200 1.7687 5.3448 2.3524 1.1510 36.4470 1.5708 0.9979
Car 0.0000 0.0000 0.0000 -343.0000 184.0000 215.0000 385.0000 1.5903 1.5932 3.7730 -5.9966 1.7080 6.6394 0.0534 0.9972
Car 0.0000 0.0000 0.0000 306.0000 168.0000 458.0000 230.0000 1.8716 1.7377 4.2842 -7.2283 1.7099 23.0979 0.0880 0.9931
Car 0.0000 0.0000 0.0000 670.0000 164.0000 712.0000 182.0000 1.4938 1.5830 3.6595 7.3350 0.6499 64.2671 0.1075 0.9814
