Car 0.0000 0.0000 0.0000 736.0000 185.0000 874.0000 279.0000 1.4982 1.5933 3.6837 3.5342 1.7381 13.7349 1.5684 0.9999
Car 0.0000 0.0000 0.0000 471.0000 182.0000 527.0000 221.0000 1.5210 1.6005 3.4117 -4.4971 1.8478 29.8181 1.5708 0.9999
Car 0.0000 0.0000 0.0000 790.0000 192.0000 1075.0000 359.0000 1.4627 1.5916 4.0300 3.4787 1.7217 8.6989 1.5662 0.9999
Car 0.0000 0.0000 0.0000 -3.0000 192.0000 337.0000 375.0000 1.5876 1.6224 3.8492 -4.8233 1.8438 8.5053 1.5708 0.9999
Car 0.0000 0.0000 0.0000 712.0000 181.0000 797.0000 244.0000 1.5136 1.6026 3.7120 3.7857 1.7257 19.4190 1.5708 0.9999
Car 0.0000 0.0000 0.0000 264.0000 190.0000 433.0000 285.0000 1.4773 1.6188 4.2360 -4.7940 1.8204 13.8332 1.5708 0.9997
Car 0.0000 0.0000 0.0000 692.0000 181.0000 756.0000 231.0000 1.5716 1.5977 3.9854 3.8735 1.8079 24.8507 1.5708 0.9996
Car 0.0000 0.0000 0.0000 496.0000 178.0000 541.0000 213.0000 1.5848 1.5953 3.6918 -4.2864 1.7838 34.4630 1.5708 0.9994
Car 0.0000 0.0000 0.0000 1008.0000 193.0000 2438.0000 836.0000 1.4909 1.5486 3.4979 3.6349 1.6262 3.5051 1.5708 0.9994
Car 0.0000 0.0000 0.0000 617.0000 177.0000 664.0000 196.0000 1.6757 1.7095 4.3969 3.0160 2.0209 68.5175 0.0437 0.9981
Car 0.0000 0.0000 0.0000 -2896.0000 217.0000 24.0000 1298.0000 1.4757 1.6036 3.7297 -4.7825 1.7629 3.0060 1.5459 0.9947
Car 0.0000 0.0000 0.0000 687.0000 178.0000 740.0000 216.0000 1.4745 1.5736 3.8122 4.3449 1.6571 30.4842 1.5457 0.9921
Car 0.0000 0.0000 0.0000 750.0000 171.0000 810.0000 195.0000 1.7722 1.6896 4.2366 12.9951 1.5443 54.8462 0.1261 0.9917
