Car 0.0000 0.0000 0.0000 769.0000 177.0000 1094.0000 394.0000 1.5450 1.5938 3.3642 2.6579 1.5904 6.8718 1.5708 0.9999
Car 0.0000 0.0000 0.0000 665.0000 167.0000 722.0000 216.0000 1.5743 1.6154 3.7196 2.8297 1.3601 24.9107 1.5708 0.9999
Car 0.0000 0.0000 0.0000 180.0000 181.0000 336.0000 261.0000 1.5856 1.6614 3.8714 -7.9011 1.7673 16.5829 1.5708 0.9999
Car 0.0000 0.0000 0.0000 -302.0000 196.0000 149.0000 367.0000 1.5021 1.6180 4.1291 -7.8421 1.8280 8.8560 1.5708 0.9997
Car 0.0000 0.0000 0.0000 582.0000 172.0000 619.0000 208.0000 1.5380 1.6157 3.6775 -0.3353 1.4909 33.7040 1.5708 0.9992
Car 0.0000 0.0000 0.0000 733.0000 175.0000 888.0000 290.0000 1.5540 1.5552 3.4800 3.0122 1.5825 11.5431 1.5708 0.9992
Car 0.0000 0.0000 0.0000 639.0000 169.0000 666.0000 193.0000 1.5572 1.6125 3.6197 3.0784 1.2482 49.8732 -1.4310 0.9986
Car 0.0000 0.0000 0.0000 655.0000 167.0000 698.0000 206.0000 1.6755 1.6446 3.7270 3.0677 1.3927 33.2379 1.5708 0.9983
Car 0.0000 0.0000 0.0000 -9064.0000 -3879.0000 1338.0000 502.0000 1.4730 1.5796 3.7819 2.7109 1.5730 1.6107 1.5681 0.9982
Car 0.0000 0.0000 0.0000 595.0000 166.0000 626.0000 197.0000 1.7135 1.6843 4.0934 0.1342 1.2783 42.0819 1.5708 0.9981
