Car 0.0000 0.0000 0.0000 854.0000 190.0000 1190.0000 439.0000 1.5386 1.5947 3.4758 3.2293 1.7133 6.4572 -1.3660 0.9999
Car 0.0000 0.0000 0.0000 437.0000 177.0000 529.0000 250.0000 1.5476 1.5546 3.4971 -2.9427 1.6365 17.2349 1.5708 0.9999
Car 0.0000 0.0000 0.0000 119.0000 190.0000 470.0000 406.0000 1.4908 1.6309 4.1332 -2.7253 1.6898 7.2671 1.5708 0.9997
Car 0.0000 0.0000 0.0000 1147.0000 161.0000 1306.0000 220.0000 1.4437 1.5328 3.7137 16.2583 1.1239 18.9819 -0.3420 0.9993
Car 0.0000 0.0000 0.0000 769.0000 164.0000 893.0000 210.0000 1.5689 1.6765 4.1317 8.0740 1.2525 26.2366 0.4021 0.9993
Car 0.0000 0.0000 0.0000 1023.0000 165.0000 1144.0000 204.0000 1.4569 1.5985 4.0955 18.7183 1.1095 28.4362 -0.2464 0.9986
Car 0.0000 0.0000 0.0000 -4686.0000 227.0000 250.0000 2758.0000 1.4422 1.5599 3.7480 -2.9702 1.7510 2.3642 1.5708 0.9982
Car 0.0000 0.0000 0.0000 493.0000 183.0000 550.0000 236.0000 1.4481 1.5682 3.9570 -2.7483 1.7451 22.1798 1.4374 0.9981
Car 0.0000 0.0000 0.0000 713.0000 163.0000 775.0000 183.0000 1.4065 1.6241 4.1749 9.9380 0.6455 52.9935 -0.1347 0.9979
Car 0.0000 0.0000 0.0000 832.0000 170.0000 993.0000 293.0000 1.5288 1.5866 3.7244 4.6995 1.4925 10.9223 -0.9865 0.9954
Car 0.0000 0.0000 0.0000 1304.0000 159.0000 1397.0000 190.0000 1.4078 1.5637 3.7366 35.1671 0.7364 34.1515 -0.3096 0.9920
Car 0.0000 0.0000 0.0000 1176.0000 161.0000 1297.0000 198.0000 1.5613 1.6271 3.9646 28.7364 1.0382 33.1496 1.3289 0.9889
Car 0.0000 0.0000 0.0000 880.0000 164.0000 1022.0000 247.0000 1.4805 1.5440 3.5952 7.0207 1.3098 14.6603 -0.8082 0.9633
Car 0.0000 0.0000 0.0000 1367.0000 159.0000 1482.0000 209.0000 1.5566 1.6743 4.0845 27.2018 1.0797 23.9925 -0.5044 0.9630
