Car 0.0000 0.0000 0.0000 704.0000 186.0000 820.0000 272.0000 1.4793 1.5514 3.4688 2.8983 1.7374 14.4263 1.5708 0.9999
Car 0.0000 0.0000 0.0000 589.0000 177.0000 641.0000 226.0000 1.5234 1.6217 3.5531 0.2118 1.6469 24.5536 1.5708 0.9998
Car 0.0000 0.0000 0.0000 509.0000 181.0000 569.0000 229.0000 1.4200 1.5479 3.6862 -2.2185 1.6518 23.3437 1.5708 0.9997
Car 0.0000 0.0000 0.0000 262.0000 188.0000 428.0000 263.0000 1.4786 1.5603 3.4301 -5.9004 1.8064 15.9806 0.4899 0.9991
Car 0.0000 0.0000 0.0000 530.0000 176.0000 582.0000 218.0000 1.5341 1.5980 3.7226 -2.0190 1.6223 28.2683 1.5708 0.9988
Car 0.0000 0.0000 0.0000 188.0000 197.0000 381.0000 289.0000 1.3834 1.5820 3.6068 -5.9373 1.8267 12.9710 0.6247 0.9987
Car 0.0000 0.0000 0.0000 646.0000 180.0000 680.0000 209.0000 1.4585 1.5478 3.7407 2.8015 1.7757 38.1088 1.5708 0.9986
Car 0.0000 0.0000 0.0000 372.0000 185.0000 476.0000 232.0000 1.3942 1.5409 3.4652 -6.1804 1.7889 23.7967 0.6691 0.9979
Car 0.0000 0.0000 0.0000 -248.0000 190.0000 21.0000 274.0000 1.4352 1.5898 4.0440 -14.6621 1.8055 14.9329 1.5525 0.9974
Car 0.0000 0.0000 0.0000 466.0000 176.0000 518.0000 210.0000 1.4722 1.6087 4.0799 -5.6346 1.6079 34.3221 1.2065 0.9970
Car 0.0000 0.0000 0.0000 -440.0000 210.0000 49.0000 486.0000 1.4287 1.5665 3.6568 -6.2427 1.7566 5.5009 0.4559 0.9952
Car 0.0000 0.0000 0.0000 210.0000 178.0000 302.0000 216.0000 1.4847 1.6018 4.0454 -14.5853 1.6581 29.9831 1.5708 0.9942
Car 0.0000 0.0000 0.0000 525.0000 169.0000 572.0000 190.0000 1.8830 1.7945 4.4425 -5.5348 1.4770 65.7603 0.7601 0.9920
Car 0.0000 0.0000 0.0000 588.0000 173.0000 626.0000 206.0000 1.5737 1.6334 3.7845 -0.1554 1.5515 36.4054 1.5002 0.9849
Car 0.0000 0.0000 0.0000 267.0000 159.0000 345.0000 202.0000 1.6701 1.6692 4.2064 -12.6579 1.1081 30.3142 1.5146 0.9806
