Car 0.0000 0.0000 0.0000 713.0000 173.0000 850.0000 274.0000 1.5481 1.6291 3.9690 2.9446 1.5607 13.2024 1.5708 0.9999
Car 0.0000 0.0000 0.0000 -125.0000 192.0000 378.0000 447.0000 1.5277 1.6304 4.2743 -3.8165 1.7373 6.6978 1.5708 0.9999
Car 0.0000 0.0000 0.0000 692.0000 183.0000 771.0000 246.0000 1.4666 1.5547 3.5921 3.0967 1.7132 18.9308 1.5708 0.9998
Car 0.0000 0.0000 0.0000 410.0000 179.0000 516.0000 249.0000 1.5299 1.5910 3.9007 -3.4857 1.6624 17.7519 1.5708 0.9998
Car 0.0000 0.0000 0.0000 464.0000 165.0000 542.0000 233.0000 1.9769 1.7199 4.4987 -3.3339 1.7476 23.3505 1.5708 0.9996
Car 0.0000 0.0000 0.0000 748.0000 164.0000 849.0000 206.0000 1.8142 1.6982 4.0942 8.4432 1.4041 32.3121 0.0310 0.9994
Car 0.0000 0.0000 0.0000 868.0000 165.0000 1005.0000 222.0000 1.5282 1.5878 3.7511 9.4149 1.2814 20.7033 -0.4700 0.9981
Car 0.0000 0.0000 0.0000 1285.0000 142.0000 1489.0000 267.0000 1.5238 1.5782 3.8520 11.4243 1.1299 10.5298 -0.6304 0.9980
Car 0.0000 0.0000 0.0000 956.0000 159.0000 1145.0000 239.0000 1.4630 1.5510 3.6691 8.9613 1.1799 14.6269 -0.4668 0.9977
Car 0.0000 0.0000 0.0000 527.0000 180.0000 567.0000 213.0000 1.4666 1.5835 4.2164 -2.9263 1.7392 34.4438 1.5608 0.9972
Car 0.0000 0.0000 0.0000 837.0000 171.0000 966.0000 220.0000 1.4707 1.6057 3.7707 9.5212 1.4038 23.4944 -0.3241 0.9964
Car 0.0000 0.0000 0.0000 746.0000 162.0000 848.0000 201.0000 1.7491 1.7233 4.4417 9.0225 1.2304 34.7778 -0.0144 0.9962
Car 0.0000 0.0000 0.0000 813.0000 167.0000 919.0000 211.0000 1.5261 1.5823 3.8325 9.4689 1.2773 26.4902 -0.5395 0.9959
Car 0.0000 0.0000 0.0000 912.0000 162.0000 1063.0000 229.0000 1.5088 1.5763 3.6997 9.3915 1.2417 17.8454 -0.5323 0.9950
Car 0.0000 0.0000 0.0000 502.0000 173.0000 556.0000 216.0000 1.5796 1.5985 4.0469 -3.1252 1.5777 28.6779 1.5708 0.9936
Car 0.0000 0.0000 0.0000 301.0000 196.0000 337.0000 217.0000 1.6039 1.6892 4.4427 -24.7013 3.5424 61.5131 1.4620 0.9840
Car 0.0000 0.0000 0.0000 543.0000 179.0000 574.0000 200.0000 1.5605 1.5961 3.8555 -4.0155 1.9644 56.8386 1.2824 0.9726
Car 0.0000 0.0000 0.0000 1021.0000 137.0000 1137.0000 173.0000 1.5272 1.6402 4.0648 21.1145 -0.0709 32.4615 0.0992 0.9716
Car 0.0000 0.0000 0.0000 510.0000 169.0000 547.0000 197.0000 1.5535 1.6228 4.0855 -4.7443 1.3059 42.9214 1.5708 0.9662
