Car 0.0000 0.0000 0.0000 345.0000 144.0000 522.0000 298.0000 1.8656 1.6757 4.1490 -2.4367 1.5189 10.8690 1.5625 0.9998
Car 0.0000 0.0000 0.0000 743.0000 185.0000 869.0000 271.0000 1.4818 1.6059 4.1874 3.8394 1.7335 14.8204 1.5708 0.9998
Car 0.0000 0.0000 0.0000 727.0000 181.0000 811.0000 241.0000 1.5026 1.5433 3.3533 4.3141 1.7043 19.9355 1.5708 0.9998
Car 0.0000 0.0000 0.0000 825.0000 193.0000 1135.0000 370.0000 1.5428 1.6232 4.2432 4.0220 1.8178 8.7601 1.5708 0.9998
Car 0.0000 0.0000 0.0000 543.0000 168.0000 593.0000 205.0000 1.5916 1.5850 3.5262 -1.7851 1.3348 32.3133 -1.4299 0.9996
Car 0.0000 0.0000 0.0000 448.0000 164.0000 548.0000 244.0000 1.6116 1.6070 3.7522 -2.4410 1.4231 16.4523 1.5708 0.9995
Car 0.0000 0.0000 0.0000 702.0000 174.0000 763.0000 221.0000 1.6001 1.6253 3.8075 4.5267 1.6232 26.8435 1.5708 0.9960
Car 0.0000 0.0000 0.0000 691.0000 173.0000 739.0000 212.0000 1.5965 1.6458 3.9547 4.5427 1.5631 31.3524 1.5708 0.9928
Car 0.0000 0.0000 0.0000 682.0000 173.0000 723.0000 207.0000 1.5873 1.6222 4.0362 4.7302 1.5817 36.8728 1.5708 0.9873
Car 0.0000 0.0000 0.0000 1145.0000 200.0000 9442.0000 3712.0000 1.5136 1.5636 3.5096 3.4891 1.6496 2.1777 -1.4262 0.9862
