Car 0.0000 0.0000 0.0000 116.0000 202.0000 218.0000 244.0000 1.5297 1.7666 4.4418 -19.1512 2.8326 31.4226 1.5491 0.9998
Car 0.0000 0.0000 0.0000 571.0000 180.0000 649.0000 258.0000 1.6317 1.6296 3.5288 0.0160 1.7751 16.9089 1.5708 0.9998
Car 0.0000 0.0000 0.0000 198.0000 194.0000 313.0000 247.0000 1.6111 1.8159 4.6057 -12.5395 2.3837 25.8438 1.5708 0.9996
Car 0.0000 0.0000 0.0000 342.0000 193.0000 391.0000 219.0000 1.5359 1.6961 3.8518 -15.3884 2.7827 45.9545 1.5708 0.9995
Car 0.0000 0.0000 0.0000 -308.0000 209.0000 1.0000 314.0000 1.6434 1.7871 4.4121 -15.4438 2.4842 14.9864 1.5690 0.9983
Car 0.0000 0.0000 0.0000 825.0000 165.0000 870.0000 184.0000 1.6581 1.5983 3.8593 21.8564 0.9008 65.9691 0.3247 0.9976
Car 0.0000 0.0000 0.0000 -550.0000 231.0000 -226.0000 336.0000 1.4750 1.5741 3.6754 -19.0248 2.7222 14.0049 1.3897 0.9956
Car 0.0000 0.0000 0.0000 -11.0000 230.0000 104.0000 269.0000 1.5097 1.6849 4.2443 -24.9996 4.0788 31.9660 0.1898 0.9909
Car 0.0000 0.0000 0.0000 900.0000 163.0000 951.0000 182.0000 1.5951 1.5954 3.9800 28.0778 0.6843 63.8136 0.2930 0.9895
Car 0.0000 0.0000 0.0000 630.0000 162.0000 650.0000 179.0000 1.5531 1.6283 4.0689 3.0536 0.4791 70.1468 1.5378 0.9768
Car 0.0000 0.0000 0.0000 313.0000 198.0000 353.0000 224.0000 1.4988 1.6051 3.9617 -18.3315 3.1841 47.9719 1.4342 0.9682
