Car 0.0000 0.0000 0.0000 610.0000 182.0000 680.0000 238.0000 1.5243 1.5909 3.5356 0.9841 1.7819 21.7138 1.4668 1.0000
Car 0.0000 0.0000 0.0000 715.0000 176.0000 928.0000 326.0000 1.6041 1.5901 3.5255 2.5359 1.6515 9.5828 1.5090 0.9999
Car 0.0000 0.0000 0.0000 117.0000 194.0000 356.0000 326.0000 1.5456 1.6308 4.1108 -5.4523 1.9128 11.1205 1.5502 0.9999
Car 0.0000 0.0000 0.0000 -351.0000 205.0000 218.0000 498.0000 1.5064 1.5995 3.5947 -4.8906 1.8390 5.9420 1.4616 0.9998
Car 0.0000 0.0000 0.0000 981.0000 194.0000 3560.0000 1444.0000 1.4855 1.5271 3.3215 2.9298 1.6017 2.5695 1.5620 0.9998
Car 0.0000 0.0000 0.0000 400.0000 189.0000 462.0000 234.0000 1.5335 1.5859 3.6411 -6.6911 2.1349 27.3117 1.5181 0.9998
Car 0.0000 0.0000 0.0000 581.0000 182.0000 622.0000 218.0000 1.5178 1.5745 3.4628 -0.3823 1.8690 31.9383 1.4937 0.9996
Car 0.0000 0.0000 0.0000 423.0000 180.0000 471.0000 216.0000 1.6469 1.7096 4.4647 -8.0933 1.9808 36.3828 1.4995 0.9989
Car 0.0000 0.0000 0.0000 568.0000 179.0000 593.0000 203.0000 1.4764 1.5854 3.7504 -1.8719 1.8404 47.4417 1.5303 0.9971
Car 0.0000 0.0000 0.0000 747.0000 179.0000 894.0000 235.0000 1.5578 1.5848 3.9254 6.1592 1.7275 21.3938 0.0742 0.9785
Car 0.0000 0.0000 0.0000 452.0000 182.0000 489.0000 205.0000 1.4778 1.6048 4.2239 -9.6363 2.0684 50.3162 1.5708 0.9669
