Car 0.0000 0.0000 0.0000 582.0000 173.0000 635.0000 223.0000 1.5468 1.6406 3.5176 -0.0199 1.5394 24.4870 1.5708 0.9999
Car 0.0000 0.0000 0.0000 196.0000 185.0000 430.0000 295.0000 1.5060 1.5623 3.7162 -4.8684 1.7090 11.6217 0.5323 0.9992
Car 0.0000 0.0000 0.0000 648.0000 156.0000 693.0000 203.0000 2.3678 1.9915 5.2998 3.2637 1.4805 39.0835 1.5708 0.9988
Car 0.0000 0.0000 0.0000 583.0000 172.0000 618.0000 204.0000 1.5633 1.6567 3.7294 -0.3988 1.4990 37.2753 1.5708 0.9981
Car 0.0000 0.0000 0.0000 143.0000 174.0000 301.0000 251.0000 1.5530 1.6119 3.7427 -8.7100 1.5736 16.5216 1.5708 0.9976
Car 0.0000 0.0000 0.0000 272.0000 154.0000 476.0000 264.0000 1.9355 1.7454 4.1781 -4.8464 1.6047 14.5285 0.6080 0.9968
Car 0.0000 0.0000 0.0000 469.0000 173.0000 550.0000 206.0000 1.5721 1.6212 3.8485 -4.9976 1.5292 35.9765 0.5677 0.9951
Car 0.0000 0.0000 0.0000 437.0000 150.0000 478.0000 177.0000 1.5724 1.6430 3.9018 -9.1040 0.1812 43.5472 1.5619 0.9942
Car 0.0000 0.0000 0.0000 438.0000 162.0000 519.0000 212.0000 1.6138 1.6510 3.6988 -4.7371 1.2517 25.6696 1.0430 0.9935
Car 0.0000 0.0000 0.0000 389.0000 170.0000 513.0000 227.0000 1.6196 1.5592 3.4580 -4.8395 1.5400 21.9047 0.4640 0.9931
Car 0.0000 0.0000 0.0000 633.0000 174.0000 652.0000 192.0000 1.4682 1.5777 4.0006 2.9598 1.5048 63.4011 1.5708 0.9892
Car 0.0000 0.0000 0.0000 1287.0000 170.0000 1347.0000 213.0000 1.9666 1.8251 4.5755 34.3140 1.7829 34.8345 -0.7468 0.9812
