Car 0.0000 0.0000 0.0000 590.0000 175.0000 634.0000 218.0000 1.6017 1.6430 3.5413 0.1247 1.6455 28.7227 1.5708 0.9998
Car 0.0000 0.0000 0.0000 421.0000 184.0000 479.0000 223.0000 1.4624 1.5586 3.6809 -6.5883 1.9213 30.0836 1.5708 0.9998
Car 0.0000 0.0000 0.0000 512.0000 181.0000 538.0000 199.0000 1.4804 1.6095 3.9729 -7.3258 2.0879 63.0857 1.5708 0.9983
Car 0.0000 0.0000 0.0000 428.0000 179.0000 448.0000 197.0000 1.5239 1.6185 3.6963 -15.4354 2.0282 65.2659 1.3882 0.9979
Car 0.0000 0.0000 0.0000 759.0000 164.0000 978.0000 277.0000 1.5790 1.6396 3.8802 4.3347 1.4378 11.8453 -0.6960 0.9965
Car 0.0000 0.0000 0.0000 823.0000 160.0000 1110.0000 335.0000 1.5299 1.6271 3.9580 4.2006 1.4094 8.2235 -0.7479 0.9964
Car 0.0000 0.0000 0.0000 665.0000 174.0000 750.0000 213.0000 1.5074 1.5994 3.7811 4.1286 1.5266 29.9059 -0.8290 0.9961
Car 0.0000 0.0000 0.0000 715.0000 175.0000 859.0000 238.0000 1.4697 1.5704 3.7974 4.6908 1.5242 18.9145 -0.6246 0.9956
Car 0.0000 0.0000 0.0000 637.0000 166.0000 698.0000 192.0000 1.7168 1.7691 4.4385 4.2083 1.2084 50.8529 -0.7685 0.9945
Car 0.0000 0.0000 0.0000 651.0000 175.0000 727.0000 205.0000 1.4485 1.6116 3.8259 4.0750 1.4891 36.3061 -0.7038 0.9837
Car 0.0000 0.0000 0.0000 471.0000 176.0000 498.0000 196.0000 1.6945 1.6924 4.5011 -10.9740 1.8870 63.9393 1.5606 0.9830
Car 0.0000 0.0000 0.0000 738.0000 185.0000 926.0000 267.0000 1.5080 1.6245 3.9460 4.8191 1.7756 15.5195 -0.5298 0.9822
Car 0.0000 0.0000 0.0000 -2544.0000 -1366.0000 3873.0000 2764.0000 1.7009 1.6633 4.1696 4.0191 1.5823 1.3204 -0.7824 0.9811
