Car 0.0000 0.0000 0.0000 591.0000 184.0000 668.0000 256.0000 1.5075 1.6385 3.7465 0.4373 1.7626 17.2064 1.5708 0.9998
Car 0.0000 0.0000 0.0000 674.0000 167.0000 750.0000 235.0000 1.9940 1.8448 4.5686 3.2256 1.8109 23.4117 1.5708 0.9998
Car 0.0000 0.0000 0.0000 211.0000 184.0000 315.0000 235.0000 1.5341 1.6196 3.8326 -11.5272 1.9047 24.2203 1.5708 0.9997
Car 0.0000 0.0000 0.0000 341.0000 181.0000 404.0000 216.0000 1.5792 1.6372 4.2033 -11.4456 1.9145 35.0757 1.5708 0.9997
Car 0.0000 0.0000 0.0000 579.0000 179.0000 623.0000 221.0000 1.5970 1.6422 3.6993 -0.2926 1.8134 29.4645 1.5708 0.9992
Car 0.0000 0.0000 0.0000 420.0000 183.0000 521.0000 228.0000 1.4794 1.5670 3.5165 -4.9416 1.8205 25.4958 0.6598 0.9988
Car 0.0000 0.0000 0.0000 655.0000 179.0000 689.0000 207.0000 1.5336 1.6288 4.0692 3.6099 1.8167 41.5042 1.5708 0.9987
Car 0.0000 0.0000 0.0000 662.0000 182.0000 707.0000 217.0000 1.5049 1.5959 3.8575 3.5132 1.9091 34.1862 1.5410 0.9984
Car 0.0000 0.0000 0.0000 540.0000 181.0000 574.0000 203.0000 1.5455 1.6480 4.4883 -3.7686 2.0878 53.3118 -1.4320 0.9931
Car 0.0000 0.0000 0.0000 338.0000 178.0000 388.0000 204.0000 1.5314 1.6265 4.0777 -15.1298 1.7707 44.5343 1.5708 0.9925
Car 0.0000 0.0000 0.0000 519.0000 182.0000 552.0000 213.0000 1.5575 1.6203 4.0720 -3.9800 2.0384 39.6836 1.5178 0.9890
Car 0.0000 0.0000 0.0000 405.0000 184.0000 437.0000 205.0000 1.4867 1.5845 4.0304 -14.5138 2.3144 55.9659 1.5319 0.9890
Car 0.0000 0.0000 0.0000 469.0000 184.0000 541.0000 223.0000 1.4589 1.5963 4.1102 -4.2276 1.8890 29.8948 -1.3561 0.9886
Car 0.0000 0.0000 0.0000 646.0000 172.0000 668.0000 191.0000 1.5012 1.5975 3.8293 3.9044 1.3252 58.8825 1.5708 0.9877
Car 0.0000 0.0000 0.0000 740.0000 177.0000 793.0000 198.0000 1.5295 1.5922 3.8173 12.1263 1.7956 55.4243 0.0746 0.9679
