Car 0.0000 0.0000 0.0000 759.0000 185.0000 806.0000 216.0000 1.5103 1.6582 4.0807 9.2223 2.0973 38.0050 -1.1387 0.9997
Car 0.0000 0.0000 0.0000 882.0000 186.0000 966.0000 245.0000 1.5316 1.6064 3.6769 9.2832 1.9039 21.0886 -0.9788 0.9996
Car 0.0000 0.0000 0.0000 694.0000 183.0000 762.0000 222.0000 1.4972 1.6446 4.2236 5.0723 1.8978 30.2899 -1.1150 0.9994
Car 0.0000 0.0000 0.0000 492.0000 187.0000 623.0000 255.0000 1.4916 1.6006 3.9784 -1.2028 1.8509 18.3639 -1.1404 0.9992
Car 0.0000 0.0000 0.0000 929.0000 184.0000 973.0000 213.0000 1.4790 1.5949 3.6938 19.2137 2.0793 40.4943 -1.3027 0.9982
Car 0.0000 0.0000 0.0000 -345.0000 164.0000 214.0000 410.0000 1.8061 1.6004 3.8838 -6.4561 1.7484 7.3868 -1.0922 0.9974
Car 0.0000 0.0000 0.0000 818.0000 184.0000 847.0000 206.0000 1.5246 1.5984 3.7175 16.3228 2.2452 52.4640 -1.1544 0.9966
Car 0.0000 0.0000 0.0000 864.0000 186.0000 891.0000 202.0000 1.4748 1.6473 3.8920 26.5527 2.6960 71.1253 -1.4565 0.9767
Car 0.0000 0.0000 0.0000 792.0000 185.0000 819.0000 210.0000 1.4849 1.5564 3.8928 12.3108 2.1793 45.0260 -1.3105 0.9726
Car 0.0000 0.0000 0.0000 851.0000 181.0000 876.0000 202.0000 1.4885 1.5470 3.7678 18.9825 2.0237 53.5418 -1.1732 0.9644
