Car 0.0000 0.0000 0.0000 724.0000 165.0000 886.0000 286.0000 1.6515 1.6406 3.6441 2.9639 1.5495 11.7421 1.5708 0.9999
Car 0.0000 0.0000 0.0000 244.0000 192.0000 426.0000 304.0000 1.5216 1.6113 3.9072 -4.4781 1.8732 12.3205 1.5708 0.9999
Car 0.0000 0.0000 0.0000 372.0000 179.0000 476.0000 261.0000 1.8120 1.6016 3.7395 -4.4595 1.9407 17.8023 1.5701 0.9998
Car 0.0000 0.0000 0.0000 680.0000 177.0000 755.0000 238.0000 1.5460 1.6118 3.9000 2.9421 1.6331 20.3546 1.5708 0.9998
Car 0.0000 0.0000 0.0000 797.0000 173.0000 1365.0000 500.0000 1.5634 1.6350 4.2230 2.7859 1.5826 5.5795 1.5708 0.9998
Car 0.0000 0.0000 0.0000 437.0000 177.0000 514.0000 238.0000 1.7709 1.6647 4.1128 -4.2420 1.8963 23.3118 1.5708 0.9996
Car 0.0000 0.0000 0.0000 667.0000 173.0000 730.0000 222.0000 1.6283 1.6548 4.2033 3.1736 1.6222 26.3745 1.5369 0.9986
Car 0.0000 0.0000 0.0000 625.0000 175.0000 647.0000 195.0000 1.5016 1.5948 3.7195 2.0849 1.5748 55.8412 1.5708 0.9944
Car 0.0000 0.0000 0.0000 529.0000 178.0000 551.0000 197.0000 1.4944 1.6111 3.8963 -5.5365 1.8309 58.3528 1.5016 0.9928
Car 0.0000 0.0000 0.0000 -505.0000 219.0000 -3.0000 381.0000 1.4649 1.5601 3.6864 -9.1094 2.0066 7.7488 0.0490 0.9882
Car 0.0000 0.0000 0.0000 649.0000 150.0000 697.0000 201.0000 2.2463 1.8838 5.1825 2.9420 1.2030 34.1211 1.5708 0.9866
Car 0.0000 0.0000 0.0000 612.0000 179.0000 631.0000 196.0000 1.4326 1.5635 3.9821 1.1234 1.8919 62.8465 1.5708 0.9777
