Car 0.0000 0.0000 0.0000 687.0000 169.0000 793.0000 260.0000 1.7476 1.6356 3.4935 2.6958 1.6641 15.7059 1.5652 0.9999
Car 0.0000 0.0000 0.0000 774.0000 191.0000 1182.0000 439.0000 1.4517 1.5810 4.0299 2.7041 1.6512 6.4707 1.5708 0.9999
Car 0.0000 0.0000 0.0000 258.0000 164.0000 429.0000 235.0000 1.7918 1.6433 3.9075 -6.9912 1.5518 19.1283 0.0223 0.9998
Car 0.0000 0.0000 0.0000 652.0000 174.0000 700.0000 214.0000 1.5183 1.5868 3.5075 2.6809 1.5243 29.3629 1.5655 0.9998
Car 0.0000 0.0000 0.0000 180.0000 181.0000 415.0000 266.0000 1.5454 1.6204 3.9594 -6.0692 1.7062 14.2174 0.0400 0.9990
Car 0.0000 0.0000 0.0000 248.0000 181.0000 433.0000 252.0000 1.5365 1.5556 3.7191 -6.1714 1.7187 16.7135 0.0147 0.9989
Car 0.0000 0.0000 0.0000 362.0000 176.0000 486.0000 223.0000 1.5204 1.5606 3.8149 -6.2493 1.6147 24.5146 0.0254 0.9986
Car 0.0000 0.0000 0.0000 393.0000 176.0000 504.0000 223.0000 1.6746 1.5978 3.7538 -5.9582 1.7619 26.8683 0.0631 0.9980
Car 0.0000 0.0000 0.0000 465.0000 167.0000 537.0000 197.0000 1.8307 1.6750 4.3159 -6.9319 1.4411 46.3442 0.0709 0.9883
Car 0.0000 0.0000 0.0000 309.0000 175.0000 446.0000 228.0000 1.5294 1.5656 3.6706 -7.0592 1.5896 22.0243 0.1278 0.9861
Car 0.0000 0.0000 0.0000 415.0000 165.0000 501.0000 198.0000 1.5104 1.5699 3.7101 -7.1688 1.1102 34.3033 0.0934 0.9831
Car 0.0000 0.0000 0.0000 624.0000 173.0000 644.0000 191.0000 1.5206 1.6318 3.8270 2.2872 1.4743 63.1659 1.5708 0.9813
Car 0.0000 0.0000 0.0000 421.0000 168.0000 519.0000 206.0000 1.5815 1.5983 3.9410 -6.0371 1.3517 31.4569 0.0709 0.9791
Car 0.0000 0.0000 0.0000 663.0000 163.0000 721.0000 186.0000 1.5684 1.6218 3.8638 5.7515 0.8190 49.8218 0.0242 0.9781
