Car 0.0000 0.0000 0.0000 755.0000 160.0000 1028.0000 340.0000 1.6850 1.6658 4.1266 3.0510 1.5756 8.8561 1.5564 0.9999
Car 0.0000 0.0000 0.0000 949.0000 168.0000 3575.0000 1372.0000 1.5511 1.6096 3.7630 2.9754 1.5657 2.8134 1.5708 0.9997
Car 0.0000 0.0000 0.0000 -377.0000 156.0000 299.0000 522.0000 1.8786 1.6695 4.1220 -4.2860 1.8080 5.7662 1.5708 0.9996
Car 0.0000 0.0000 0.0000 628.0000 174.0000 666.0000 203.0000 1.4763 1.5496 3.4956 1.9632 1.4843 38.1041 1.4817 0.9996
Car 0.0000 0.0000 0.0000 667.0000 165.0000 732.0000 224.0000 1.7940 1.6863 4.0767 2.8834 1.5321 23.7858 1.5708 0.9994
Car 0.0000 0.0000 0.0000 485.0000 181.0000 521.0000 209.0000 1.5055 1.5688 3.6473 -5.9172 1.9106 40.5683 1.5385 0.9986
Car 0.0000 0.0000 0.0000 581.0000 177.0000 602.0000 196.0000 1.4477 1.5752 3.5554 -1.3560 1.7047 56.8618 1.5588 0.9984
Car 0.0000 0.0000 0.0000 683.0000 121.0000 809.0000 241.0000 2.3335 1.9591 5.2654 2.9157 1.3230 16.6450 1.5708 0.9924
Car 0.0000 0.0000 0.0000 559.0000 177.0000 578.0000 194.0000 1.5431 1.6096 3.8837 -3.7463 1.8240 67.2126 1.4650 0.9906
Car 0.0000 0.0000 0.0000 656.0000 173.0000 706.0000 215.0000 1.6003 1.5892 3.7711 2.8725 1.5976 29.6064 1.5490 0.9902
Car 0.0000 0.0000 0.0000 476.0000 182.0000 514.0000 207.0000 1.4666 1.5635 3.8541 -7.1465 1.9752 45.5329 1.5708 0.9881
Car 0.0000 0.0000 0.0000 628.0000 169.0000 648.0000 189.0000 1.4820 1.5868 3.8772 2.3347 1.1490 58.0444 1.5708 0.9851
Car 0.0000 0.0000 0.0000 610.0000 173.0000 645.0000 201.0000 1.6929 1.6176 3.7955 1.1433 1.6518 45.0592 1.4447 0.9845
