Car 0.0000 0.0000 0.0000 870.0000 194.0000 1287.0000 418.0000 1.4865 1.5860 3.7218 3.9284 1.7214 6.9152 1.5708 0.9999
Car 0.0000 0.0000 0.0000 585.0000 177.0000 641.0000 229.0000 1.5274 1.6237 3.4732 0.1102 1.6227 22.8430 1.5708 0.9999
Car 0.0000 0.0000 0.0000 766.0000 161.0000 949.0000 290.0000 1.8384 1.7045 3.9553 3.9762 1.6713 12.3255 1.5642 0.9999
Car 0.0000 0.0000 0.0000 272.0000 186.0000 450.0000 270.0000 1.4097 1.5455 3.5068 -4.8768 1.6520 13.8923 0.6398 0.9982
Car 0.0000 0.0000 0.0000 -107.0000 196.0000 306.0000 457.0000 1.4383 1.5655 3.5794 -4.2501 1.6469 5.7774 0.6010 0.9979
Car 0.0000 0.0000 0.0000 324.0000 181.0000 483.0000 253.0000 1.5144 1.5559 3.4972 -4.8560 1.6929 16.8293 0.5105 0.9974
Car 0.0000 0.0000 0.0000 64.0000 174.0000 239.0000 264.0000 1.4660 1.5022 3.2777 -8.5050 1.4934 13.6536 1.4633 0.9962
Car 0.0000 0.0000 0.0000 745.0000 178.0000 825.0000 208.0000 1.5254 1.5934 3.8584 9.2826 1.7563 38.1533 0.0761 0.9962
Car 0.0000 0.0000 0.0000 -241.0000 177.0000 141.0000 317.0000 1.4649 1.5311 3.4639 -8.2148 1.5110 9.3694 -1.3892 0.9954
Car 0.0000 0.0000 0.0000 477.0000 163.0000 567.0000 208.0000 2.2287 1.8219 5.0500 -4.6530 1.7096 38.0448 0.7227 0.9953
Car 0.0000 0.0000 0.0000 -16595.0000 -6134.0000 1597.0000 518.0000 1.4723 1.5861 3.8302 4.0873 1.7138 1.7064 1.5708 0.9932
Car 0.0000 0.0000 0.0000 419.0000 179.0000 526.0000 225.0000 1.4654 1.5573 3.5317 -4.6918 1.6401 24.4845 0.6139 0.9926
Car 0.0000 0.0000 0.0000 209.0000 175.0000 331.0000 242.0000 1.4546 1.5371 3.7454 -8.2689 1.5053 17.8407 1.4778 0.9915
