Car 0.0000 0.0000 0.0000 589.0000 177.0000 641.0000 227.0000 1.5818 1.6404 3.5648 0.2153 1.6993 24.6303 1.5708 0.9998
Car 0.0000 0.0000 0.0000 343.0000 177.0000 412.0000 216.0000 1.7509 1.6882 4.3708 -10.9344 1.8949 34.3109 1.5708 0.9988
Car 0.0000 0.0000 0.0000 -126.0000 204.0000 228.0000 364.0000 1.4828 1.6219 3.7440 -6.6962 1.9334 9.1683 1.5708 0.9988
Car 0.0000 0.0000 0.0000 726.0000 168.0000 912.0000 268.0000 1.6366 1.6428 4.1808 4.1241 1.5515 13.8475 -0.7941 0.9982
Car 0.0000 0.0000 0.0000 478.0000 181.0000 507.0000 198.0000 1.4911 1.6279 4.0968 -10.2542 2.1063 63.8263 -1.4796 0.9979
Car 0.0000 0.0000 0.0000 666.0000 165.0000 771.0000 214.0000 1.7567 1.7946 4.5370 4.3617 1.4558 28.2063 -0.8144 0.9977
Car 0.0000 0.0000 0.0000 892.0000 141.0000 1240.0000 358.0000 1.4998 1.6235 4.0907 4.5130 1.2769 6.9083 -0.6935 0.9969
Car 0.0000 0.0000 0.0000 393.0000 183.0000 441.0000 212.0000 1.5045 1.5846 4.0476 -10.7710 2.0257 40.6950 1.5708 0.9964
Car 0.0000 0.0000 0.0000 512.0000 174.0000 543.0000 201.0000 2.1967 1.9306 5.0091 -6.8979 2.2283 61.6409 1.5708 0.9962
Car 0.0000 0.0000 0.0000 704.0000 177.0000 868.0000 245.0000 1.4471 1.5951 3.7341 4.2524 1.5388 17.2884 -0.5200 0.9940
Car 0.0000 0.0000 0.0000 329.0000 179.0000 365.0000 205.0000 1.4773 1.5661 3.6833 -15.3554 1.7647 42.4008 1.3381 0.9894
Car 0.0000 0.0000 0.0000 670.0000 170.0000 716.0000 203.0000 1.5504 1.6379 4.0228 4.2651 1.3643 35.9946 -1.2984 0.9876
Car 0.0000 0.0000 0.0000 711.0000 174.0000 806.0000 229.0000 1.5003 1.5854 3.4745 4.5011 1.5057 21.4824 -0.9889 0.9785
Car 0.0000 0.0000 0.0000 430.0000 181.0000 467.0000 205.0000 1.4937 1.6180 4.2439 -10.5747 1.9794 47.7171 1.5481 0.9762
Car 0.0000 0.0000 0.0000 679.0000 144.0000 717.0000 171.0000 1.6694 1.6308 4.0879 5.9316 -0.2190 48.1627 1.4658 0.9670
