Car 0.0000 0.0000 0.0000 595.0000 183.0000 671.0000 255.0000 1.4811 1.5867 3.5484 0.5875 1.7184 16.9811 1.5708 0.9998
Car 0.0000 0.0000 0.0000 674.0000 165.0000 737.0000 228.0000 1.9680 1.8331 4.3936 3.2088 1.6995 24.7458 1.5708 0.9997
Car 0.0000 0.0000 0.0000 358.0000 179.0000 415.0000 214.0000 1.7237 1.6442 4.0369 -11.4464 1.9686 37.3047 1.5708 0.9996
Car 0.0000 0.0000 0.0000 575.0000 179.0000 622.0000 220.0000 1.5711 1.6355 3.7719 -0.3767 1.7784 29.3635 1.5708 0.9988
Car 0.0000 0.0000 0.0000 427.0000 184.0000 527.0000 227.0000 1.4751 1.5701 3.5561 -4.9539 1.8774 26.8863 0.5791 0.9981
Car 0.0000 0.0000 0.0000 237.0000 184.0000 322.0000 233.0000 1.5886 1.6354 4.0405 -11.6948 1.9554 25.7965 1.4493 0.9974
Car 0.0000 0.0000 0.0000 409.0000 183.0000 440.0000 202.0000 1.4852 1.5911 3.9534 -14.6536 2.1812 57.4466 1.5281 0.9964
Car 0.0000 0.0000 0.0000 493.0000 181.0000 561.0000 209.0000 1.4849 1.5748 3.5690 -4.6355 1.9125 40.6697 0.5600 0.9926
Car 0.0000 0.0000 0.0000 656.0000 179.0000 686.0000 207.0000 1.6038 1.6491 4.1185 3.7046 1.8952 42.8186 -1.4763 0.9893
Car 0.0000 0.0000 0.0000 454.0000 184.0000 545.0000 218.0000 1.4647 1.5768 3.7795 -4.9641 1.9361 32.7468 0.2385 0.9889
Car 0.0000 0.0000 0.0000 664.0000 180.0000 701.0000 212.0000 1.4902 1.5587 3.6239 3.5520 1.7810 35.4136 1.5708 0.9877
Car 0.0000 0.0000 0.0000 349.0000 179.0000 390.0000 204.0000 1.4800 1.5815 3.9900 -15.1300 1.8205 45.6529 1.4821 0.9757
