Car 0.0000 0.0000 0.0000 298.0000 166.0000 467.0000 239.0000 1.9116 1.6932 4.1831 -6.2654 1.7307 20.1189 0.0388 0.9998
Car 0.0000 0.0000 0.0000 891.0000 138.0000 1015.0000 210.0000 2.1134 1.8954 4.7999 11.1591 1.0790 23.7920 1.5708 0.9998
Car 0.0000 0.0000 0.0000 192.0000 182.0000 409.0000 261.0000 1.5368 1.5659 3.9019 -6.4118 1.7313 15.0870 0.1019 0.9997
Car 0.0000 0.0000 0.0000 978.0000 161.0000 1079.0000 212.0000 1.5660 1.5918 3.5051 13.9497 1.1752 24.1872 -1.4763 0.9995
Car 0.0000 0.0000 0.0000 247.0000 175.0000 415.0000 242.0000 1.5542 1.5480 3.5418 -6.8212 1.5903 17.7892 0.0310 0.9993
Car 0.0000 0.0000 0.0000 -38.0000 165.0000 319.0000 307.0000 1.8078 1.6656 4.0520 -6.4838 1.7244 10.1430 0.0782 0.9991
Car 0.0000 0.0000 0.0000 403.0000 172.0000 509.0000 213.0000 1.5333 1.5658 3.8142 -6.0498 1.4854 28.6358 0.0818 0.9986
Car 0.0000 0.0000 0.0000 382.0000 173.0000 497.0000 219.0000 1.5738 1.5610 3.7639 -6.0928 1.5614 26.0092 0.0479 0.9984
Car 0.0000 0.0000 0.0000 -573.0000 151.0000 114.0000 437.0000 1.7546 1.6321 3.6739 -6.1276 1.6399 5.4503 0.1221 0.9971
Car 0.0000 0.0000 0.0000 523.0000 167.0000 559.0000 193.0000 1.5793 1.6576 3.8706 -4.2167 1.1772 45.3853 1.5708 0.9971
Car 0.0000 0.0000 0.0000 654.0000 166.0000 685.0000 196.0000 1.6091 1.6478 4.0405 3.4235 1.1896 41.3954 1.5708 0.9910
Car 0.0000 0.0000 0.0000 349.0000 176.0000 472.0000 225.0000 1.5265 1.5496 3.5457 -6.4498 1.6004 23.5258 0.1175 0.9699
