Car 0.0000 0.0000 0.0000 740.0000 181.0000 867.0000 266.0000 1.5166 1.6081 3.6445 3.8431 1.6829 14.8962 1.5693 0.9999
Car 0.0000 0.0000 0.0000 805.0000 185.0000 1055.0000 334.0000 1.5085 1.6137 3.8490 3.8240 1.6762 9.4107 1.5708 0.9999
Car 0.0000 0.0000 0.0000 294.0000 190.0000 442.0000 282.0000 1.5036 1.6102 3.8870 -4.6212 1.8540 14.2861 1.5708 0.9999
Car 0.0000 0.0000 0.0000 526.0000 181.0000 559.0000 208.0000 1.4389 1.5304 3.5284 -3.7560 1.8767 41.4007 1.5708 0.9996
Car 0.0000 0.0000 0.0000 398.0000 188.0000 491.0000 249.0000 1.4801 1.6211 3.9529 -4.4845 1.8872 20.0229 1.5708 0.9996
Car 0.0000 0.0000 0.0000 447.0000 184.0000 516.0000 231.0000 1.4784 1.6041 4.0964 -4.3872 1.8450 25.2013 1.5708 0.9995
Car 0.0000 0.0000 0.0000 972.0000 191.0000 1933.0000 650.0000 1.5318 1.5750 3.4731 3.8177 1.6722 4.2699 1.5493 0.9995
Car 0.0000 0.0000 0.0000 705.0000 181.0000 791.0000 240.0000 1.4634 1.5875 4.2339 3.7504 1.6724 20.2013 1.5708 0.9995
Car 0.0000 0.0000 0.0000 688.0000 181.0000 733.0000 218.0000 1.4911 1.5565 3.6325 4.2543 1.7863 30.6648 1.5708 0.9990
Car 0.0000 0.0000 0.0000 696.0000 181.0000 757.0000 229.0000 1.5365 1.6134 3.9361 3.9975 1.7909 25.1544 1.5708 0.9946
