Car 0.0000 0.0000 0.0000 417.0000 178.0000 519.0000 257.0000 1.6427 1.6004 3.8043 -3.2082 1.7399 16.8849 1.5708 0.9999
Car 0.0000 0.0000 0.0000 720.0000 177.0000 828.0000 253.0000 1.5264 1.5869 3.6807 3.5876 1.6037 16.3605 1.5708 0.9998
Car 0.0000 0.0000 0.0000 465.0000 173.0000 538.0000 235.0000 1.6967 1.6211 3.6703 -3.1815 1.7007 21.7729 1.5708 0.9997
Car 0.0000 0.0000 0.0000 687.0000 169.0000 767.0000 234.0000 1.8490 1.7551 4.2340 3.5744 1.7186 22.5345 1.5641 0.9996
Car 0.0000 0.0000 0.0000 61.0000 151.0000 423.0000 391.0000 1.8657 1.6784 4.2393 -3.4671 1.7095 7.7556 1.5708 0.9995
Car 0.0000 0.0000 0.0000 995.0000 113.0000 1406.0000 263.0000 2.2539 1.8056 5.3495 9.5797 1.3420 11.9856 -0.0139 0.9982
Car 0.0000 0.0000 0.0000 -1487.0000 216.0000 226.0000 1009.0000 1.4319 1.5272 3.7597 -3.6324 1.7294 3.3634 1.5708 0.9981
Car 0.0000 0.0000 0.0000 488.0000 179.0000 539.0000 218.0000 1.4664 1.5521 3.9606 -3.7773 1.6710 28.9498 1.5610 0.9976
Car 0.0000 0.0000 0.0000 469.0000 165.0000 489.0000 184.0000 1.7338 1.6560 3.8849 -11.9000 0.9159 66.4345 1.4329 0.9846
Car 0.0000 0.0000 0.0000 527.0000 179.0000 553.0000 202.0000 1.5077 1.5878 4.0587 -4.6377 1.8253 48.8353 1.5107 0.9799
