Car 0.0000 0.0000 0.0000 722.0000 181.0000 836.0000 264.0000 1.5599 1.5886 3.5607 3.4787 1.7233 15.4491 1.5708 0.9999
Car 0.0000 0.0000 0.0000 700.0000 175.0000 783.0000 239.0000 1.6418 1.6572 3.9275 3.6531 1.6943 20.6158 1.5708 0.9999
Car 0.0000 0.0000 0.0000 149.0000 185.0000 416.0000 282.0000 1.4920 1.6057 3.8946 -5.5128 1.7014 12.2491 0.1637 0.9998
Car 0.0000 0.0000 0.0000 305.0000 181.0000 471.0000 243.0000 1.5276 1.6106 3.8981 -5.8332 1.7464 19.1462 0.0396 0.9997
Car 0.0000 0.0000 0.0000 379.0000 179.0000 496.0000 227.0000 1.5798 1.5628 3.6049 -5.8292 1.7609 24.6452 0.0148 0.9990
Car 0.0000 0.0000 0.0000 658.0000 170.0000 685.0000 196.0000 2.1040 1.8270 4.6960 5.2997 1.7956 60.8647 1.5708 0.9990
Car 0.0000 0.0000 0.0000 405.0000 183.0000 521.0000 227.0000 1.5769 1.6223 3.9617 -5.3874 1.9181 26.7605 0.0515 0.9988
Car 0.0000 0.0000 0.0000 427.0000 179.0000 524.0000 221.0000 1.6468 1.5519 3.5566 -5.3703 1.8504 29.1651 0.0726 0.9979
Car 0.0000 0.0000 0.0000 678.0000 181.0000 720.0000 214.0000 1.4304 1.5281 3.6868 4.1862 1.7757 34.0977 1.5708 0.9978
Car 0.0000 0.0000 0.0000 495.0000 169.0000 564.0000 194.0000 1.6495 1.7251 4.3501 -5.2761 1.3157 48.4502 0.0939 0.9951
Car 0.0000 0.0000 0.0000 547.0000 175.0000 594.0000 197.0000 1.8514 1.6823 3.9248 -3.3274 1.9420 63.0081 0.0416 0.9939
Car 0.0000 0.0000 0.0000 451.0000 181.0000 550.0000 216.0000 1.5080 1.6299 3.9795 -4.7549 1.8213 31.6634 0.2442 0.9923
Car 0.0000 0.0000 0.0000 480.0000 180.0000 553.0000 209.0000 1.5356 1.5766 3.6356 -4.9854 1.8676 39.0441 0.1046 0.9827
Car 0.0000 0.0000 0.0000 1232.0000 178.0000 1315.0000 209.0000 1.4664 1.5538 3.7914 33.7082 1.6917 36.6436 -1.2892 0.9690
Car 0.0000 0.0000 0.0000 470.0000 183.0000 557.0000 217.0000 1.5463 1.5954 3.8406 -4.4861 1.9812 34.0385 0.0841 0.9680
Car 0.0000 0.0000 0.0000 538.0000 177.0000 589.0000 197.0000 1.5846 1.6065 3.7841 -3.6084 1.8433 57.7538 0.1593 0.9669
