Car 0.0000 0.0000 0.0000 814.0000 172.0000 1275.0000 465.0000 1.6119 1.5873 3.3614 2.8544 1.6227 5.6783 1.5708 0.9999
Car 0.0000 0.0000 0.0000 682.0000 184.0000 760.0000 245.0000 1.4550 1.5534 3.6520 2.9047 1.7347 19.4316 1.5708 0.9996
Car 0.0000 0.0000 0.0000 735.0000 171.0000 860.0000 224.0000 1.6923 1.6411 3.8883 6.3332 1.6323 24.5758 0.0995 0.9995
Car 0.0000 0.0000 0.0000 270.0000 181.0000 457.0000 251.0000 1.5642 1.6022 3.8910 -5.8051 1.7460 17.1617 0.1057 0.9993
Car 0.0000 0.0000 0.0000 193.0000 191.0000 417.0000 269.0000 1.4770 1.5893 3.9628 -6.1899 1.8508 14.8223 0.0591 0.9990
Car 0.0000 0.0000 0.0000 -102.0000 153.0000 259.0000 304.0000 1.7497 1.5868 3.5099 -6.6942 1.5231 9.2623 0.0309 0.9989
Car 0.0000 0.0000 0.0000 336.0000 180.0000 485.0000 235.0000 1.5647 1.6322 4.0332 -6.0043 1.7769 21.9075 0.0924 0.9987
Car 0.0000 0.0000 0.0000 353.0000 177.0000 463.0000 226.0000 1.5830 1.4903 3.2928 -6.7749 1.7098 24.3750 0.0482 0.9985
Car 0.0000 0.0000 0.0000 386.0000 182.0000 498.0000 224.0000 1.4795 1.5592 3.7402 -6.2288 1.8058 26.9662 0.1480 0.9963
Car 0.0000 0.0000 0.0000 311.0000 181.0000 463.0000 242.0000 1.5709 1.5685 3.5801 -5.9600 1.7679 19.4440 0.0806 0.9957
Car 0.0000 0.0000 0.0000 -311.0000 183.0000 226.0000 374.0000 1.5931 1.5832 3.7969 -6.0436 1.7025 6.9181 0.0299 0.9934
Car 0.0000 0.0000 0.0000 67.0000 186.0000 327.0000 287.0000 1.5609 1.5733 3.5520 -6.8986 1.7876 12.1645 0.1051 0.9920
Car 0.0000 0.0000 0.0000 636.0000 180.0000 659.0000 202.0000 1.5380 1.6200 4.0228 2.8779 1.9712 53.3175 1.5708 0.9915
Car 0.0000 0.0000 0.0000 497.0000 179.0000 556.0000 202.0000 1.5391 1.5918 3.8155 -5.7443 1.8834 50.3466 0.0902 0.9818
Car 0.0000 0.0000 0.0000 431.0000 168.0000 530.0000 209.0000 1.9508 1.7429 4.6172 -6.4458 1.6961 36.3627 0.0495 0.9782
Car 0.0000 0.0000 0.0000 408.0000 180.0000 504.0000 221.0000 1.6032 1.5434 3.5214 -6.1930 1.8630 29.2298 0.0784 0.9775
