Car 0.0000 0.0000 0.0000 501.0000 192.0000 591.0000 261.0000 1.5116 1.5602 3.6242 -1.7331 2.0095 18.5097 1.2714 0.9999
Car 0.0000 0.0000 0.0000 175.0000 214.0000 298.0000 309.0000 1.4679 1.5228 3.3386 -7.2123 2.3373 14.1776 1.2916 0.9999
Car 0.0000 0.0000 0.0000 -74.0000 217.0000 240.0000 429.0000 1.4711 1.5832 4.0921 -5.4034 2.0675 7.9776 1.2678 0.9998
Car 0.0000 0.0000 0.0000 286.0000 203.0000 351.0000 255.0000 1.5359 1.6092 4.0355 -10.0645 2.6028 25.1381 1.3176 0.9998
Car 0.0000 0.0000 0.0000 620.0000 195.0000 876.0000 362.0000 1.5029 1.5898 4.1612 1.3913 1.8177 9.1031 1.3407 0.9997
Car 0.0000 0.0000 0.0000 343.0000 201.0000 371.0000 228.0000 1.5212 1.5921 3.5714 -16.0737 3.2817 45.9050 1.2097 0.9997
Car 0.0000 0.0000 0.0000 562.0000 196.0000 693.0000 294.0000 1.4659 1.5573 3.9332 0.1597 1.9456 13.7099 1.3487 0.9995
Car 0.0000 0.0000 0.0000 770.0000 202.0000 1505.0000 629.0000 1.4258 1.5099 3.5853 2.4796 1.6618 4.5247 1.3348 0.9994
Car 0.0000 0.0000 0.0000 -16570.0000 226.0000 93.0000 8137.0000 1.4914 1.6113 4.1635 -3.6377 1.8090 2.3719 1.3336 0.9970
Car 0.0000 0.0000 0.0000 467.0000 199.0000 507.0000 239.0000 1.4634 1.5806 4.2189 -5.2376 2.5953 30.8918 1.4031 0.9929
