Car 0.0000 0.0000 0.0000 219.0000 192.0000 348.0000 264.0000 1.4721 1.6032 3.9425 -7.7277 1.9369 17.4315 1.4913 0.9997
Car 0.0000 0.0000 0.0000 684.0000 177.0000 747.0000 231.0000 1.5884 1.6984 3.9688 3.5256 1.7019 23.4013 -1.3466 0.9997
Car 0.0000 0.0000 0.0000 -273.0000 198.0000 177.0000 394.0000 1.5148 1.7155 3.8734 -6.7419 1.8466 8.0164 1.4841 0.9993
Car 0.0000 0.0000 0.0000 80.0000 202.0000 231.0000 270.0000 1.4361 1.6069 4.3125 -11.8050 2.2606 19.0752 1.4786 0.9993
Car 0.0000 0.0000 0.0000 771.0000 178.0000 805.0000 200.0000 1.4812 1.6072 3.6983 12.7370 1.7934 50.9343 -1.1151 0.9992
Car 0.0000 0.0000 0.0000 207.0000 191.0000 276.0000 226.0000 1.5541 1.6890 4.0964 -18.0844 2.4452 35.6094 1.4552 0.9987
Car 0.0000 0.0000 0.0000 315.0000 192.0000 358.0000 223.0000 1.4899 1.5996 3.8961 -14.6436 2.5247 38.8977 1.3609 0.9982
Car 0.0000 0.0000 0.0000 -1069.0000 239.0000 -212.0000 510.0000 1.4496 1.6258 3.7305 -10.4839 2.2147 6.6706 1.4575 0.9980
Car 0.0000 0.0000 0.0000 443.0000 181.0000 464.0000 201.0000 1.5320 1.6043 4.0438 -12.8231 2.1268 59.5270 1.3549 0.9880
Car 0.0000 0.0000 0.0000 302.0000 189.0000 333.0000 211.0000 1.4687 1.5625 4.0473 -21.7762 2.6434 54.0087 1.3355 0.9781
Car 0.0000 0.0000 0.0000 195.0000 193.0000 281.0000 238.0000 1.4587 1.5690 4.0222 -13.9062 2.2352 27.1806 1.4601 0.9631
