Car 0.0000 0.0000 0.0000 689.0000 183.0000 780.0000 252.0000 1.4719 1.5653 3.4345 2.9072 1.7052 17.4527 1.5678 0.9999
Car 0.0000 0.0000 0.0000 288.0000 172.0000 466.0000 286.0000 1.6053 1.6581 3.9935 -3.7202 1.5961 12.1981 1.5708 0.9999
Car 0.0000 0.0000 0.0000 148.0000 179.0000 314.0000 255.0000 1.4384 1.5873 3.7377 -8.0576 1.5551 15.6764 1.5708 0.9998
Car 0.0000 0.0000 0.0000 442.0000 177.0000 511.0000 228.0000 1.5816 1.6063 3.6233 -4.4144 1.7008 24.2975 1.5708 0.9997
Car 0.0000 0.0000 0.0000 634.0000 178.0000 666.0000 206.0000 1.5970 1.6735 3.8003 2.4732 1.8505 43.6337 1.5667 0.9997
Car 0.0000 0.0000 0.0000 397.0000 167.0000 449.0000 203.0000 1.5702 1.6422 3.8501 -8.7703 1.2894 34.1794 1.5226 0.9996
Car 0.0000 0.0000 0.0000 -410.0000 179.0000 315.0000 568.0000 1.5865 1.5909 3.4613 -3.4687 1.6277 4.6974 1.5687 0.9996
Car 0.0000 0.0000 0.0000 587.0000 179.0000 615.0000 207.0000 1.5727 1.6391 3.6611 -0.4502 1.8927 43.5196 1.5708 0.9992
Car 0.0000 0.0000 0.0000 501.0000 178.0000 541.0000 208.0000 1.4492 1.5688 3.6652 -4.4862 1.6409 37.0007 1.5708 0.9986
Car 0.0000 0.0000 0.0000 436.0000 172.0000 479.0000 202.0000 1.6956 1.7470 4.0359 -9.1617 1.6195 43.9586 1.5708 0.9836
Car 0.0000 0.0000 0.0000 580.0000 166.0000 600.0000 191.0000 2.4254 1.8674 5.2848 -1.8633 1.6498 70.6919 1.5357 0.9613
