Car 0.0000 0.0000 0.0000 365.0000 170.0000 423.0000 214.0000 1.4790 1.5937 3.7527 -7.7981 1.3621 26.3131 1.4012 0.9998
Car 0.0000 0.0000 0.0000 569.0000 155.0000 600.0000 185.0000 1.9187 1.8362 4.7066 -1.6718 0.7173 48.8287 1.4899 0.9997
Car 0.0000 0.0000 0.0000 519.0000 166.0000 555.0000 198.0000 1.5606 1.6527 3.6017 -3.7536 1.1969 37.9376 1.5267 0.9997
Car 0.0000 0.0000 0.0000 735.0000 169.0000 821.0000 221.0000 1.5053 1.6142 3.6181 5.2057 1.3810 22.7003 1.5047 0.9994
Car 0.0000 0.0000 0.0000 151.0000 187.0000 288.0000 251.0000 1.4684 1.5959 4.3530 -10.2439 1.8319 19.2487 1.4896 0.9994
Car 0.0000 0.0000 0.0000 6.0000 174.0000 170.0000 257.0000 1.9206 1.6620 4.0475 -13.4571 1.9467 18.8782 1.4733 0.9994
Car 0.0000 0.0000 0.0000 -463.0000 204.0000 -210.0000 277.0000 1.5044 1.5960 3.7453 -23.5666 2.3273 18.1573 1.5018 0.9987
Car 0.0000 0.0000 0.0000 -19209.0000 -6752.0000 5468.0000 3257.0000 1.6634 1.6579 4.0947 3.7689 1.5248 2.0438 -1.2564 0.9986
Car 0.0000 0.0000 0.0000 452.0000 162.0000 525.0000 238.0000 1.9362 1.7453 4.0827 -3.3172 1.6464 20.4065 1.4764 0.9985
Car 0.0000 0.0000 0.0000 662.0000 174.0000 755.0000 228.0000 1.4738 1.6183 4.2134 2.9041 1.5065 22.0201 1.4046 0.9983
Car 0.0000 0.0000 0.0000 899.0000 135.0000 1115.0000 250.0000 2.2503 1.8402 5.7641 9.2205 1.4862 16.4836 -0.5842 0.9971
Car 0.0000 0.0000 0.0000 -258.0000 195.0000 -28.0000 265.0000 1.4900 1.6708 4.3950 -19.0589 2.0758 18.5376 1.4561 0.9956
Car 0.0000 0.0000 0.0000 808.0000 169.0000 904.0000 220.0000 1.5118 1.5558 3.7346 7.8311 1.3822 23.2246 1.4864 0.9889
Car 0.0000 0.0000 0.0000 1166.0000 141.0000 1357.0000 207.0000 1.9663 1.8147 4.7740 21.6095 0.9994 24.1788 1.4808 0.9812
Car 0.0000 0.0000 0.0000 518.0000 150.0000 551.0000 182.0000 1.8275 1.7671 4.3666 -4.4767 0.4587 44.0192 1.5260 0.9781
Car 0.0000 0.0000 0.0000 1239.0000 159.0000 1669.0000 421.0000 1.4926 1.6087 3.8414 6.5176 1.4141 6.0933 -0.9067 0.9749
Car 0.0000 0.0000 0.0000 1084.0000 145.0000 1227.0000 191.0000 1.8399 1.7362 4.6317 22.8951 0.6873 30.2960 0.0316 0.9743
