Car 0.0000 0.0000 0.0000 400.0000 185.0000 498.0000 252.0000 1.4980 1.5842 3.8300 -4.0330 1.8193 18.6053 1.5708 0.9998
Car 0.0000 0.0000 0.0000 639.0000 177.0000 680.0000 210.0000 1.5479 1.6183 3.6391 2.5427 1.7196 35.6072 -1.4031 0.9997
Car 0.0000 0.0000 0.0000 262.0000 189.0000 445.0000 296.0000 1.5097 1.6530 4.3161 -4.3056 1.8163 12.7814 1.5708 0.9997
Car 0.0000 0.0000 0.0000 1032.0000 129.0000 1327.0000 217.0000 1.5973 1.6958 4.4043 11.1659 0.7932 14.3740 0.0741 0.9997
Car 0.0000 0.0000 0.0000 -236.0000 198.0000 302.0000 465.0000 1.5255 1.6405 4.0296 -4.4692 1.7998 6.4593 1.5604 0.9996
Car 0.0000 0.0000 0.0000 726.0000 171.0000 798.0000 225.0000 1.6264 1.6295 4.1154 4.9767 1.5540 23.9610 1.5708 0.9996
Car 0.0000 0.0000 0.0000 455.0000 183.0000 527.0000 233.0000 1.5422 1.6085 4.1307 -4.0267 1.8874 25.0203 1.5708 0.9994
Car 0.0000 0.0000 0.0000 498.0000 186.0000 549.0000 225.0000 1.5081 1.5869 3.9782 -3.6224 2.0467 30.9457 1.5708 0.9987
Car 0.0000 0.0000 0.0000 1247.0000 143.0000 1420.0000 199.0000 1.6548 1.6855 4.0762 23.5987 0.7550 23.7082 1.5708 0.9986
Car 0.0000 0.0000 0.0000 1177.0000 131.0000 1340.0000 193.0000 1.8180 1.6982 4.0379 21.0239 0.5646 23.5628 1.5708 0.9977
Car 0.0000 0.0000 0.0000 716.0000 174.0000 827.0000 214.0000 1.4879 1.6199 4.1188 6.2868 1.5221 28.3168 0.1331 0.9951
Car 0.0000 0.0000 0.0000 1380.0000 134.0000 1568.0000 191.0000 1.6714 1.6462 4.0022 27.5953 0.5094 23.2010 -1.4077 0.9943
Car 0.0000 0.0000 0.0000 682.0000 176.0000 737.0000 202.0000 1.5064 1.6052 3.8232 6.2042 1.6478 43.9730 -0.9164 0.9926
Car 0.0000 0.0000 0.0000 656.0000 178.0000 703.0000 206.0000 1.4648 1.5129 3.4449 3.9508 1.7089 40.0131 -1.1355 0.9771
Car 0.0000 0.0000 0.0000 693.0000 162.0000 717.0000 183.0000 1.6020 1.6460 4.0001 7.5555 0.6827 56.3248 -1.3949 0.9689
