Car 0.0000 0.0000 0.0000 745.0000 163.0000 954.0000 309.0000 1.6133 1.6503 3.9377 3.0149 1.5158 9.9865 1.5708 0.9999
Car 0.0000 0.0000 0.0000 712.0000 181.0000 818.0000 258.0000 1.4515 1.5593 3.6957 3.2487 1.6271 15.7521 1.5708 0.9999
Car 0.0000 0.0000 0.0000 374.0000 176.0000 507.0000 267.0000 1.5879 1.5850 3.6778 -3.2767 1.6516 14.5377 1.5708 0.9998
Car 0.0000 0.0000 0.0000 445.0000 155.0000 542.0000 239.0000 2.0730 1.7637 4.6526 -3.1245 1.6255 20.3276 1.5708 0.9997
Car 0.0000 0.0000 0.0000 769.0000 163.0000 882.0000 208.0000 1.7282 1.6979 4.0746 8.6462 1.3254 29.0327 0.0716 0.9996
Car 0.0000 0.0000 0.0000 -1566.0000 206.0000 241.0000 1024.0000 1.5044 1.6247 4.0710 -3.7609 1.7483 3.5199 1.5708 0.9994
Car 0.0000 0.0000 0.0000 523.0000 174.0000 571.0000 211.0000 1.4781 1.6156 4.2339 -2.6352 1.5209 31.3122 1.5708 0.9993
Car 0.0000 0.0000 0.0000 923.0000 160.0000 1083.0000 228.0000 1.4930 1.5540 3.5808 9.4402 1.1907 17.2769 -0.4499 0.9976
Car 0.0000 0.0000 0.0000 1064.0000 147.0000 1282.0000 254.0000 1.4615 1.5365 3.6976 9.0288 1.0919 11.5052 -0.5509 0.9973
Car 0.0000 0.0000 0.0000 495.0000 165.0000 557.0000 217.0000 1.6950 1.6798 4.2573 -2.8924 1.4232 25.6297 1.5708 0.9973
Car 0.0000 0.0000 0.0000 763.0000 150.0000 877.0000 191.0000 1.6906 1.7215 4.5318 9.2136 0.6956 31.7415 0.0673 0.9962
Car 0.0000 0.0000 0.0000 987.0000 156.0000 1162.0000 240.0000 1.5074 1.5810 3.7673 9.4990 1.1917 14.6493 -0.5814 0.9951
Car 0.0000 0.0000 0.0000 611.0000 172.0000 634.0000 193.0000 1.5345 1.6210 3.9064 1.0623 1.4003 54.7104 1.5708 0.9938
Car 0.0000 0.0000 0.0000 1594.0000 116.0000 1945.0000 313.0000 1.5329 1.5888 3.8411 11.4194 1.0860 7.3614 -0.6274 0.9896
Car 0.0000 0.0000 0.0000 888.0000 166.0000 1035.0000 230.0000 1.5655 1.5887 3.8366 9.6042 1.3977 20.0036 1.3479 0.9861
Car 0.0000 0.0000 0.0000 120.0000 208.0000 176.0000 233.0000 1.5350 1.6789 4.0309 -32.7910 4.0201 51.3552 1.4954 0.9614
