Car 0.0000 0.0000 0.0000 355.0000 186.0000 453.0000 250.0000 1.4473 1.5627 3.7801 -5.2704 1.8008 18.8669 1.5535 0.9999
Car 0.0000 0.0000 0.0000 659.0000 174.0000 689.0000 204.0000 1.5339 1.5854 3.3936 3.5668 1.5722 39.5682 1.5708 0.9999
Car 0.0000 0.0000 0.0000 149.0000 190.0000 303.0000 263.0000 1.5027 1.6427 4.2335 -9.2017 1.9364 17.6575 1.5361 0.9994
Car 0.0000 0.0000 0.0000 -97.0000 193.0000 192.0000 313.0000 1.5458 1.6389 4.2678 -8.9881 1.9081 12.0218 1.5293 0.9994
Car 0.0000 0.0000 0.0000 259.0000 187.0000 372.0000 237.0000 1.5344 1.5861 3.8185 -9.9101 1.9916 24.5458 -1.3087 0.9994
Car 0.0000 0.0000 0.0000 625.0000 170.0000 655.0000 195.0000 1.5829 1.6541 3.6657 2.1606 1.3640 48.6019 -1.4381 0.9988
Car 0.0000 0.0000 0.0000 -595.0000 207.0000 -21.0000 415.0000 1.4473 1.5328 3.3208 -8.5206 1.8424 7.1630 1.5375 0.9961
Car 0.0000 0.0000 0.0000 1181.0000 124.0000 1356.0000 176.0000 1.5494 1.6113 3.9734 20.8718 0.0356 22.9093 0.0458 0.9746
Car 0.0000 0.0000 0.0000 674.0000 172.0000 700.0000 195.0000 1.6069 1.6068 3.7360 5.5601 1.4701 51.3803 1.5708 0.9718
Car 0.0000 0.0000 0.0000 -179.0000 193.0000 78.0000 287.0000 1.4364 1.5466 3.8685 -12.1399 1.8290 13.5852 1.4917 0.9700
