Car 0.0000 0.0000 0.0000 417.0000 181.0000 467.0000 214.0000 1.4412 1.5348 3.4695 -7.7469 1.7943 33.6456 1.5689 0.9998
Car 0.0000 0.0000 0.0000 -2.0000 183.0000 247.0000 275.0000 1.5531 1.5598 3.6455 -9.0808 1.7369 13.7031 -0.3167 0.9989
Car 0.0000 0.0000 0.0000 651.0000 175.0000 674.0000 194.0000 1.4801 1.5954 3.7611 4.3002 1.5469 57.0948 -1.4372 0.9989
Car 0.0000 0.0000 0.0000 254.0000 181.0000 385.0000 235.0000 1.4797 1.5441 3.5344 -8.6065 1.7153 21.6456 -0.2967 0.9985
Car 0.0000 0.0000 0.0000 -143.0000 176.0000 196.0000 300.0000 1.5452 1.5898 3.7391 -8.4129 1.5981 10.7776 -0.5454 0.9979
Car 0.0000 0.0000 0.0000 -677.0000 187.0000 -36.0000 400.0000 1.6231 1.5868 3.7336 -8.3398 1.7654 6.4044 0.0435 0.9965
Car 0.0000 0.0000 0.0000 160.0000 183.0000 324.0000 246.0000 1.4973 1.5672 3.7178 -9.6277 1.7492 19.0493 -0.4269 0.9940
Car 0.0000 0.0000 0.0000 -2492.0000 193.0000 -529.0000 665.0000 1.5217 1.5860 3.8495 -8.6766 1.6468 3.3478 -0.0656 0.9929
Car 0.0000 0.0000 0.0000 383.0000 179.0000 437.0000 208.0000 1.5125 1.6259 4.0322 -11.0125 1.8211 40.0859 1.5708 0.9919
Car 0.0000 0.0000 0.0000 434.0000 173.0000 481.0000 206.0000 1.6183 1.6530 4.3529 -8.0365 1.6154 38.5132 1.5462 0.9725
Car 0.0000 0.0000 0.0000 458.0000 177.0000 500.0000 205.0000 1.5874 1.6809 4.2755 -7.9045 1.8121 44.1924 1.5708 0.9621
