Car 0.0000 0.0000 0.0000 431.0000 183.0000 527.0000 255.0000 1.5328 1.5995 3.6198 -3.0609 1.7569 17.4322 1.5708 0.9999
Car 0.0000 0.0000 0.0000 712.0000 172.0000 844.0000 281.0000 1.5964 1.4931 2.7432 2.6735 1.5872 12.0622 1.5532 0.9998
Car 0.0000 0.0000 0.0000 746.0000 176.0000 1016.0000 360.0000 1.5982 1.6187 3.6662 2.6980 1.6356 8.1412 1.5628 0.9998
Car 0.0000 0.0000 0.0000 896.0000 199.0000 2056.0000 801.0000 1.4515 1.5396 3.6379 2.9466 1.6385 3.6936 1.5662 0.9997
Car 0.0000 0.0000 0.0000 663.0000 181.0000 732.0000 236.0000 1.5004 1.6045 3.7800 2.5740 1.7192 21.7824 1.5691 0.9994
Car 0.0000 0.0000 0.0000 634.0000 175.0000 672.0000 208.0000 1.5961 1.6544 4.0184 2.2154 1.6586 37.0859 1.5694 0.9989
Car 0.0000 0.0000 0.0000 588.0000 175.0000 614.0000 198.0000 1.5175 1.6330 3.5622 -0.5098 1.6051 50.1461 1.5708 0.9989
Car 0.0000 0.0000 0.0000 348.0000 184.0000 426.0000 213.0000 1.5944 1.6186 4.0055 -12.8130 2.1680 41.6267 0.0133 0.9979
Car 0.0000 0.0000 0.0000 653.0000 174.0000 705.0000 221.0000 1.5850 1.6212 4.0894 2.5262 1.6147 26.8948 1.5708 0.9977
Car 0.0000 0.0000 0.0000 621.0000 174.0000 650.0000 194.0000 1.4652 1.5801 3.8643 2.1017 1.4804 55.3738 -1.3798 0.9833
