Car 0.0000 0.0000 0.0000 590.0000 172.0000 652.0000 233.0000 1.5343 1.6037 3.5272 0.2879 1.5157 20.3144 1.5708 0.9998
Car 0.0000 0.0000 0.0000 218.0000 174.0000 334.0000 234.0000 1.7731 1.6938 4.3242 -10.9058 1.8085 23.8880 1.5708 0.9995
Car 0.0000 0.0000 0.0000 309.0000 175.0000 386.0000 217.0000 1.6017 1.6538 4.0463 -10.8446 1.6815 30.1521 1.5708 0.9991
Car 0.0000 0.0000 0.0000 705.0000 153.0000 861.0000 229.0000 1.6418 1.6789 4.0781 4.3017 1.1955 17.5898 -0.7318 0.9980
Car 0.0000 0.0000 0.0000 904.0000 154.0000 1234.0000 367.0000 1.4899 1.6108 4.0534 4.5859 1.3534 6.9753 -0.7198 0.9978
Car 0.0000 0.0000 0.0000 421.0000 151.0000 494.0000 207.0000 2.5071 2.0902 6.0828 -7.2797 1.5131 35.3840 1.5708 0.9977
Car 0.0000 0.0000 0.0000 672.0000 170.0000 793.0000 215.0000 1.4453 1.6145 3.9830 4.2779 1.3170 24.8025 -0.5323 0.9973
Car 0.0000 0.0000 0.0000 824.0000 171.0000 1027.0000 293.0000 1.5413 1.5978 3.6075 4.8691 1.5077 10.9200 -0.7825 0.9965
Car 0.0000 0.0000 0.0000 376.0000 177.0000 431.0000 208.0000 1.5079 1.6109 4.0736 -10.5910 1.6657 37.3019 1.5708 0.9917
Car 0.0000 0.0000 0.0000 1247.0000 178.0000 2365.0000 975.0000 1.5338 1.6106 3.6379 3.9734 1.5697 3.2940 -0.8435 0.9878
Car 0.0000 0.0000 0.0000 -198.0000 183.0000 -113.0000 226.0000 1.4558 1.6181 3.9280 -28.2729 1.7924 26.6612 0.8959 0.9846
Car 0.0000 0.0000 0.0000 652.0000 171.0000 679.0000 193.0000 1.5458 1.6061 3.8860 4.3337 1.3532 54.2909 -1.3926 0.9807
Car 0.0000 0.0000 0.0000 944.0000 161.0000 1067.0000 206.0000 2.1327 1.7382 5.0306 19.6276 1.5499 35.7793 0.0942 0.9781
