Car 0.0000 0.0000 0.0000 593.0000 179.0000 696.0000 279.0000 1.5899 1.6202 3.4731 0.6193 1.6940 13.2378 1.5708 0.9999
Car 0.0000 0.0000 0.0000 184.0000 193.0000 342.0000 280.0000 1.5206 1.6046 3.4378 -7.0918 1.9615 15.0567 1.5708 0.9997
Car 0.0000 0.0000 0.0000 -8.0000 195.0000 210.0000 283.0000 1.4801 1.5750 4.1768 -10.3752 1.9745 15.0766 1.5708 0.9994
Car 0.0000 0.0000 0.0000 719.0000 175.0000 845.0000 237.0000 1.6036 1.6564 4.0461 5.0088 1.6478 20.6338 -0.7910 0.9993
Car 0.0000 0.0000 0.0000 394.0000 182.0000 446.0000 216.0000 1.6486 1.6535 4.1321 -9.8333 2.0672 37.7527 1.5708 0.9992
Car 0.0000 0.0000 0.0000 449.0000 183.0000 496.0000 207.0000 1.5122 1.6761 4.0526 -9.0327 2.1054 47.9777 -1.3690 0.9990
Car 0.0000 0.0000 0.0000 343.0000 186.0000 415.0000 225.0000 1.5099 1.6249 4.2878 -9.8973 2.0547 31.2759 1.5708 0.9989
Car 0.0000 0.0000 0.0000 498.0000 184.0000 542.0000 211.0000 1.5553 1.7073 4.1698 -5.4167 2.2005 44.4100 -1.4314 0.9989
Car 0.0000 0.0000 0.0000 685.0000 180.0000 760.0000 217.0000 1.4966 1.5806 3.6608 5.0105 1.7847 31.5129 -0.8652 0.9968
Car 0.0000 0.0000 0.0000 1328.0000 168.0000 3136.0000 1242.0000 1.5607 1.6201 3.3893 4.1221 1.5610 2.8511 -0.8510 0.9956
Car 0.0000 0.0000 0.0000 215.0000 184.0000 311.0000 223.0000 1.4659 1.5770 3.7901 -14.4213 1.9248 30.1804 -1.3269 0.9952
Car 0.0000 0.0000 0.0000 668.0000 181.0000 747.0000 210.0000 1.4405 1.6012 3.8663 5.1349 1.8084 37.5551 -0.4909 0.9911
Car 0.0000 0.0000 0.0000 207.0000 179.0000 274.0000 208.0000 1.5251 1.5872 4.2279 -20.3231 1.8160 39.9176 1.5646 0.9782
Car 0.0000 0.0000 0.0000 -3.0000 180.0000 74.0000 224.0000 1.5140 1.5948 3.8341 -21.6102 1.7502 27.2175 1.0912 0.9650
