Car 0.0000 0.0000 0.0000 519.0000 179.0000 570.0000 220.0000 1.4441 1.5537 3.4844 -2.4273 1.6587 27.6421 1.5708 0.9999
Car 0.0000 0.0000 0.0000 675.0000 181.0000 756.0000 244.0000 1.4969 1.5751 3.5725 2.6964 1.6825 19.0948 1.5612 0.9998
Car 0.0000 0.0000 0.0000 579.0000 178.0000 632.0000 227.0000 1.4741 1.5965 3.6074 -0.0963 1.6095 23.6792 1.5708 0.9998
Car 0.0000 0.0000 0.0000 -185.0000 195.0000 417.0000 557.0000 1.4795 1.5834 3.5213 -2.6688 1.6660 4.8727 1.5708 0.9996
Car 0.0000 0.0000 0.0000 289.0000 190.0000 430.0000 254.0000 1.3611 1.5403 3.6106 -6.1558 1.7721 17.5307 0.6717 0.9989
Car 0.0000 0.0000 0.0000 394.0000 182.0000 492.0000 221.0000 1.4089 1.5652 3.6563 -6.5694 1.7595 28.3155 0.5295 0.9985
Car 0.0000 0.0000 0.0000 320.0000 182.0000 460.0000 238.0000 1.4617 1.5627 3.6199 -6.2519 1.7183 20.4824 0.3972 0.9980
Car 0.0000 0.0000 0.0000 -47.0000 184.0000 142.0000 249.0000 1.5171 1.6545 4.3303 -14.8083 1.7947 19.2747 1.5708 0.9973
Car 0.0000 0.0000 0.0000 538.0000 173.0000 580.0000 207.0000 1.4712 1.5691 3.7695 -2.2350 1.4349 32.9162 1.5708 0.9953
Car 0.0000 0.0000 0.0000 453.0000 178.0000 530.0000 207.0000 1.5051 1.6221 4.0274 -6.3271 1.7151 38.6408 0.5932 0.9953
Car 0.0000 0.0000 0.0000 637.0000 177.0000 666.0000 204.0000 1.5192 1.5723 3.7288 2.4844 1.6878 42.6818 1.5708 0.9912
Car 0.0000 0.0000 0.0000 256.0000 176.0000 328.0000 209.0000 1.4654 1.5746 3.8575 -14.9988 1.5890 34.2808 1.5708 0.9894
Car 0.0000 0.0000 0.0000 -6515.0000 -3177.0000 1586.0000 600.0000 1.4419 1.4836 3.0474 2.8044 1.5831 1.1655 1.5708 0.9847
Car 0.0000 0.0000 0.0000 594.0000 169.0000 628.0000 202.0000 1.5220 1.6115 3.7026 0.0906 1.3136 35.9949 1.5608 0.9844
Car 0.0000 0.0000 0.0000 -128.0000 201.0000 167.0000 415.0000 1.4181 1.5700 3.6236 -5.7730 1.7147 6.8343 0.7110 0.9802
Car 0.0000 0.0000 0.0000 54.0000 198.0000 280.0000 324.0000 1.4356 1.5720 3.6241 -6.4851 1.8198 10.3677 0.6562 0.9741
