Car 0.0000 0.0000 0.0000 876.0000 183.0000 1933.0000 780.0000 1.6081 1.5830 3.5059 2.8056 1.6748 3.7369 1.5640 0.9999
Car 0.0000 0.0000 0.0000 689.0000 183.0000 775.0000 251.0000 1.4553 1.5433 3.4838 2.8601 1.6964 17.4905 1.5708 0.9999
Car 0.0000 0.0000 0.0000 225.0000 182.0000 442.0000 265.0000 1.6354 1.6214 3.9426 -5.7198 1.8181 15.1461 0.0500 0.9996
Car 0.0000 0.0000 0.0000 743.0000 170.0000 883.0000 228.0000 1.7117 1.6556 3.9590 6.3111 1.6279 22.6248 0.0809 0.9993
Car 0.0000 0.0000 0.0000 637.0000 179.0000 662.0000 202.0000 1.5108 1.5909 3.6539 2.8966 1.8915 51.1676 1.5708 0.9991
Car 0.0000 0.0000 0.0000 308.0000 183.0000 473.0000 242.0000 1.5217 1.6233 4.0496 -6.0117 1.7921 19.9322 0.0812 0.9990
Car 0.0000 0.0000 0.0000 146.0000 192.0000 394.0000 280.0000 1.4448 1.5501 3.7354 -6.0050 1.7926 12.9233 0.0500 0.9990
Car 0.0000 0.0000 0.0000 334.0000 177.0000 457.0000 229.0000 1.5338 1.4972 3.3793 -6.6616 1.6542 22.6058 0.0810 0.9984
Car 0.0000 0.0000 0.0000 368.0000 181.0000 490.0000 227.0000 1.5085 1.5702 3.7785 -6.1907 1.7679 24.9014 0.0830 0.9977
Car 0.0000 0.0000 0.0000 270.0000 180.0000 444.0000 249.0000 1.5699 1.5797 3.6492 -6.0734 1.7301 17.4911 0.0597 0.9977
Car 0.0000 0.0000 0.0000 -297.0000 152.0000 192.0000 355.0000 1.8358 1.6058 3.6180 -6.5960 1.6608 7.3851 0.0397 0.9973
Car 0.0000 0.0000 0.0000 -35.0000 187.0000 278.0000 307.0000 1.5247 1.5389 3.4739 -6.8049 1.7406 10.1847 0.0753 0.9952
Car 0.0000 0.0000 0.0000 686.0000 181.0000 772.0000 213.0000 1.5358 1.6152 4.0077 5.9038 1.8954 35.6897 0.0596 0.9950
Car 0.0000 0.0000 0.0000 389.0000 178.0000 500.0000 224.0000 1.6663 1.5913 3.7493 -6.2109 1.8557 27.3112 0.1350 0.9949
Car 0.0000 0.0000 0.0000 688.0000 177.0000 765.0000 210.0000 1.6815 1.6303 3.8492 6.1608 1.8659 37.9596 0.0754 0.9949
Car 0.0000 0.0000 0.0000 423.0000 169.0000 521.0000 210.0000 1.8911 1.7086 4.2806 -6.5070 1.6725 34.3874 0.0523 0.9911
Car 0.0000 0.0000 0.0000 -705.0000 190.0000 112.0000 472.0000 1.5932 1.6041 3.9356 -6.0198 1.7361 5.0435 0.0608 0.9790
Car 0.0000 0.0000 0.0000 509.0000 177.0000 560.0000 198.0000 1.6718 1.6007 3.9717 -6.1105 1.9431 59.3340 0.0789 0.9651
