Car 0.0000 0.0000 0.0000 744.0000 189.0000 968.0000 337.0000 1.5142 1.5385 3.4211 2.9418 1.7449 9.4296 1.4990 0.9999
Car 0.0000 0.0000 0.0000 647.0000 189.0000 724.0000 254.0000 1.6373 1.6198 3.5778 2.0849 2.0893 20.6613 1.5095 0.9999
Car 0.0000 0.0000 0.0000 423.0000 191.0000 502.0000 252.0000 1.5742 1.6134 3.8195 -4.2850 2.1314 21.4876 1.5569 0.9998
Car 0.0000 0.0000 0.0000 678.0000 193.0000 785.0000 274.0000 1.5253 1.5528 3.3990 2.5781 1.9962 16.0327 1.4946 0.9998
Car 0.0000 0.0000 0.0000 863.0000 201.0000 1928.0000 770.0000 1.5138 1.6038 4.1463 2.9837 1.7399 4.1680 1.5652 0.9996
Car 0.0000 0.0000 0.0000 -283.0000 198.0000 345.0000 574.0000 1.6466 1.6106 3.7131 -3.4456 1.8806 5.2323 1.5621 0.9996
Car 0.0000 0.0000 0.0000 454.0000 194.0000 516.0000 238.0000 1.4677 1.6111 4.1275 -4.6502 2.2676 27.3626 1.5708 0.9995
Car 0.0000 0.0000 0.0000 636.0000 190.0000 689.0000 240.0000 1.5844 1.6347 4.3022 1.8744 2.2291 26.4437 1.5708 0.9995
Car 0.0000 0.0000 0.0000 642.0000 204.0000 702.0000 227.0000 1.5468 1.6446 4.0524 4.3887 3.6242 49.7033 0.1477 0.9908
Car 0.0000 0.0000 0.0000 471.0000 188.0000 520.0000 226.0000 1.6484 1.6865 4.4291 -5.3879 2.3415 34.6594 1.5696 0.9889
Car 0.0000 0.0000 0.0000 514.0000 196.0000 542.0000 216.0000 1.4953 1.5920 3.7398 -6.6234 3.3222 59.2437 -1.4831 0.9789
Car 0.0000 0.0000 0.0000 763.0000 171.0000 795.0000 195.0000 1.4935 1.5969 3.7026 11.0374 1.3097 46.8278 -1.4571 0.9758
