Car 0.0000 0.0000 0.0000 359.0000 187.0000 440.0000 239.0000 1.5183 1.5777 3.6083 -6.7931 1.9656 23.6103 1.5708 0.9999
Car 0.0000 0.0000 0.0000 580.0000 178.0000 708.0000 302.0000 1.5568 1.6098 3.6237 0.5602 1.6327 10.9585 1.5708 0.9998
Car 0.0000 0.0000 0.0000 713.0000 173.0000 848.0000 231.0000 1.5083 1.6447 4.1336 5.0539 1.5071 21.0261 -0.6774 0.9996
Car 0.0000 0.0000 0.0000 24.0000 193.0000 222.0000 275.0000 1.4620 1.5680 3.9319 -10.3352 1.9315 15.6464 1.5708 0.9995
Car 0.0000 0.0000 0.0000 227.0000 182.0000 311.0000 221.0000 1.5317 1.5897 3.6513 -14.5126 1.9045 30.8965 -1.4658 0.9994
Car 0.0000 0.0000 0.0000 526.0000 181.0000 560.0000 203.0000 1.5089 1.6205 3.9608 -4.6882 2.0376 51.8383 -1.4620 0.9979
Car 0.0000 0.0000 0.0000 683.0000 177.0000 757.0000 213.0000 1.4973 1.5979 3.9165 5.0466 1.6577 32.3345 -0.9266 0.9973
Car 0.0000 0.0000 0.0000 402.0000 186.0000 451.0000 217.0000 1.5437 1.5633 3.9865 -9.7054 2.2049 38.4991 1.5708 0.9945
Car 0.0000 0.0000 0.0000 356.0000 180.0000 430.0000 218.0000 1.5711 1.6444 4.1370 -9.4715 1.8379 31.8458 -1.4650 0.9934
Car 0.0000 0.0000 0.0000 452.0000 180.0000 500.0000 204.0000 1.5184 1.6093 4.3602 -8.8920 1.9695 48.7018 -1.3508 0.9900
Car 0.0000 0.0000 0.0000 335.0000 180.0000 382.0000 208.0000 1.4873 1.6123 3.9355 -14.2424 1.8339 41.0575 1.4805 0.9888
Car 0.0000 0.0000 0.0000 666.0000 175.0000 742.0000 204.0000 1.4725 1.6254 3.9844 5.1047 1.5259 38.3872 -0.6437 0.9845
Car 0.0000 0.0000 0.0000 1201.0000 185.0000 2200.0000 875.0000 1.5470 1.6475 3.9270 4.1712 1.6303 3.7162 -0.9112 0.9831
Car 0.0000 0.0000 0.0000 518.0000 180.0000 543.0000 199.0000 1.4995 1.5868 4.1285 -6.6180 2.0434 61.3722 1.5708 0.9805
