Car 0.0000 0.0000 0.0000 350.0000 177.0000 461.0000 224.0000 1.5457 1.5268 3.4100 -7.0138 1.6686 24.9369 0.0073 0.9998
Car 0.0000 0.0000 0.0000 -36.0000 163.0000 307.0000 331.0000 1.7362 1.6848 4.2569 -5.8721 1.6475 9.6028 1.5708 0.9997
Car 0.0000 0.0000 0.0000 697.0000 184.0000 810.0000 264.0000 1.4707 1.5650 3.8391 2.9160 1.6996 15.4439 1.5483 0.9995
Car 0.0000 0.0000 0.0000 654.0000 144.0000 727.0000 226.0000 2.5722 2.0369 5.8152 2.7708 1.6511 25.8275 1.5708 0.9986
Car 0.0000 0.0000 0.0000 374.0000 175.0000 491.0000 221.0000 1.6684 1.6453 4.0429 -6.7028 1.7192 27.5115 0.0230 0.9977
Car 0.0000 0.0000 0.0000 736.0000 45.0000 1121.0000 375.0000 2.5807 1.9753 5.8210 2.9968 1.5979 8.5726 1.5708 0.9971
Car 0.0000 0.0000 0.0000 470.0000 165.0000 556.0000 203.0000 2.4042 1.8023 5.3862 -6.2697 1.8586 47.3500 0.0122 0.9965
Car 0.0000 0.0000 0.0000 -944.0000 191.0000 42.0000 517.0000 1.6538 1.6394 4.0641 -6.3278 1.7971 4.6004 0.0367 0.9936
Car 0.0000 0.0000 0.0000 103.0000 182.0000 374.0000 289.0000 1.5970 1.6358 3.9922 -6.2551 1.7592 12.1741 0.2552 0.9931
Car 0.0000 0.0000 0.0000 639.0000 180.0000 667.0000 206.0000 1.4680 1.5570 3.7801 2.6714 1.8389 43.2338 1.5708 0.9901
Car 0.0000 0.0000 0.0000 410.0000 179.0000 506.0000 218.0000 1.5314 1.5466 3.5839 -6.2310 1.7728 29.8822 0.0834 0.9709
