Car 0.0000 0.0000 0.0000 764.0000 191.0000 1070.0000 417.0000 1.5224 1.5951 3.4663 2.4979 1.7189 6.8159 1.5708 1.0000
Car 0.0000 0.0000 0.0000 381.0000 183.0000 503.0000 273.0000 1.5036 1.5433 3.4605 -3.1416 1.6876 14.0072 1.5708 0.9999
Car 0.0000 0.0000 0.0000 635.0000 180.0000 669.0000 210.0000 1.4939 1.6014 3.9001 2.2843 1.8390 39.0509 1.5708 0.9998
Car 0.0000 0.0000 0.0000 480.0000 182.0000 550.0000 235.0000 1.4603 1.5699 3.7257 -2.8210 1.7111 22.1151 1.5708 0.9995
Car 0.0000 0.0000 0.0000 -307.0000 181.0000 195.0000 343.0000 1.5447 1.6328 4.1944 -7.1115 1.6488 7.8797 0.0809 0.9990
Car 0.0000 0.0000 0.0000 946.0000 202.0000 4209.0000 1958.0000 1.4244 1.4673 2.8561 2.3222 1.5589 2.0495 1.5708 0.9988
Car 0.0000 0.0000 0.0000 559.0000 172.0000 585.0000 193.0000 1.5863 1.6478 3.9927 -2.8758 1.4682 57.6724 1.5708 0.9971
Car 0.0000 0.0000 0.0000 633.0000 170.0000 656.0000 190.0000 1.5454 1.6236 3.6895 2.8325 1.2357 57.1142 1.5708 0.9948
Car 0.0000 0.0000 0.0000 487.0000 162.0000 548.0000 185.0000 1.7966 1.7079 4.5890 -7.2446 0.8807 57.4289 0.1102 0.9625
Car 0.0000 0.0000 0.0000 359.0000 180.0000 486.0000 232.0000 1.6851 1.6222 3.9552 -6.4197 1.9253 24.9532 0.0457 0.9623
