Car 0.0000 0.0000 0.0000 721.0000 175.0000 907.0000 316.0000 1.6416 1.6175 3.4111 2.6495 1.6720 10.1812 1.5654 1.0000
Car 0.0000 0.0000 0.0000 636.0000 180.0000 684.0000 222.0000 1.5271 1.5896 3.4329 1.9380 1.7738 28.1784 1.5590 0.9999
Car 0.0000 0.0000 0.0000 558.0000 181.0000 615.0000 233.0000 1.5064 1.6372 3.3927 -0.6987 1.7317 22.8044 1.5624 0.9999
Car 0.0000 0.0000 0.0000 384.0000 183.0000 500.0000 269.0000 1.4316 1.5103 2.9958 -3.0990 1.6245 13.7595 1.5708 0.9998
Car 0.0000 0.0000 0.0000 815.0000 199.0000 1734.0000 732.0000 1.4778 1.5986 4.0744 2.5355 1.6921 4.1987 1.5708 0.9998
Car 0.0000 0.0000 0.0000 521.0000 178.0000 559.0000 209.0000 1.4459 1.5525 3.4928 -3.4782 1.6829 36.7728 1.5708 0.9996
Car 0.0000 0.0000 0.0000 -598.0000 207.0000 396.0000 803.0000 1.4381 1.5407 3.6875 -2.5077 1.6942 3.7643 1.5708 0.9996
Car 0.0000 0.0000 0.0000 257.0000 187.0000 480.0000 340.0000 1.4716 1.6022 3.7647 -2.7945 1.6702 9.0986 1.5561 0.9995
Car 0.0000 0.0000 0.0000 -122.0000 190.0000 80.0000 259.0000 1.4520 1.5843 3.9120 -15.4948 1.8927 17.9547 1.5708 0.9987
Car 0.0000 0.0000 0.0000 148.0000 186.0000 245.0000 228.0000 1.4370 1.5571 3.9571 -15.7340 1.9391 27.6920 1.5412 0.9984
Car 0.0000 0.0000 0.0000 459.0000 176.0000 494.0000 206.0000 1.4802 1.6129 4.0276 -7.0183 1.6200 37.9040 1.3439 0.9962
Car 0.0000 0.0000 0.0000 459.0000 181.0000 521.0000 204.0000 1.4563 1.5636 3.7631 -7.7827 1.9246 47.2455 0.3642 0.9911
Car 0.0000 0.0000 0.0000 -390.0000 201.0000 -15.0000 466.0000 1.4596 1.5334 3.5260 -6.4381 1.7387 6.0822 0.8930 0.9908
Car 0.0000 0.0000 0.0000 611.0000 176.0000 634.0000 198.0000 1.4994 1.5624 3.7214 0.9949 1.6918 51.8911 1.5708 0.9886
Car 0.0000 0.0000 0.0000 281.0000 186.0000 365.0000 264.0000 1.5242 1.5567 3.6326 -6.5780 1.8085 16.2809 1.1386 0.9871
