Car 0.0000 0.0000 0.0000 880.0000 186.0000 1732.0000 612.0000 1.5236 1.6033 4.1035 3.2908 1.6282 4.7000 1.5708 0.9998
Car 0.0000 0.0000 0.0000 89.0000 196.0000 331.0000 320.0000 1.4488 1.5423 3.6879 -5.7321 1.8319 10.8186 1.5708 0.9998
Car 0.0000 0.0000 0.0000 663.0000 173.0000 712.0000 214.0000 1.5116 1.5420 3.5679 3.0674 1.5040 28.8525 1.5699 0.9998
Car 0.0000 0.0000 0.0000 723.0000 180.0000 850.0000 267.0000 1.4948 1.5704 3.7777 3.3942 1.6353 14.5377 1.5576 0.9998
Car 0.0000 0.0000 0.0000 691.0000 179.0000 771.0000 239.0000 1.4948 1.5651 3.8280 3.2833 1.6405 20.0974 1.5708 0.9996
Car 0.0000 0.0000 0.0000 347.0000 186.0000 461.0000 248.0000 1.4931 1.6086 4.1177 -5.5679 1.8668 20.0298 -1.4594 0.9995
Car 0.0000 0.0000 0.0000 469.0000 179.0000 513.0000 211.0000 1.4521 1.5577 3.6816 -5.6795 1.6922 35.0345 1.5703 0.9990
Car 0.0000 0.0000 0.0000 -915.0000 210.0000 136.0000 609.0000 1.5069 1.6768 4.2224 -5.6950 1.8621 5.1667 1.5708 0.9986
Car 0.0000 0.0000 0.0000 657.0000 173.0000 701.0000 209.0000 1.5755 1.5535 3.5512 3.2768 1.5728 34.2434 1.5207 0.9894
Car 0.0000 0.0000 0.0000 498.0000 178.0000 548.0000 197.0000 1.5552 1.5555 3.7990 -7.0468 1.8882 59.4858 0.1668 0.9691
