Car 0.0000 0.0000 0.0000 411.0000 180.0000 494.0000 235.0000 1.4307 1.5486 3.6250 -4.4239 1.6189 20.7135 1.5708 0.9997
Car 0.0000 0.0000 0.0000 142.0000 189.0000 408.0000 333.0000 1.4475 1.6171 4.0606 -4.1161 1.6770 9.5851 1.5708 0.9995
Car 0.0000 0.0000 0.0000 463.0000 180.0000 516.0000 218.0000 1.4660 1.5771 4.0747 -5.0330 1.7501 30.7412 1.5708 0.9995
Car 0.0000 0.0000 0.0000 579.0000 173.0000 611.0000 204.0000 1.5972 1.6624 3.7665 -0.7177 1.5491 39.1717 1.5708 0.9993
Car 0.0000 0.0000 0.0000 360.0000 178.0000 426.0000 221.0000 1.6070 1.6363 4.0199 -8.7062 1.7666 29.2713 1.5308 0.9992
Car 0.0000 0.0000 0.0000 -201.0000 188.0000 168.0000 328.0000 1.5022 1.6165 4.0444 -8.3018 1.7325 10.0836 1.5708 0.9992
Car 0.0000 0.0000 0.0000 209.0000 169.0000 317.0000 219.0000 1.6415 1.7177 4.4228 -12.4310 1.4918 26.1786 1.5708 0.9992
Car 0.0000 0.0000 0.0000 502.0000 180.0000 538.0000 207.0000 1.4194 1.5330 3.5845 -4.9092 1.7623 40.1555 1.5708 0.9980
Car 0.0000 0.0000 0.0000 -42.0000 188.0000 146.0000 253.0000 1.4831 1.5737 3.7638 -13.7735 1.8581 17.8096 0.1781 0.9959
Car 0.0000 0.0000 0.0000 528.0000 169.0000 554.0000 198.0000 2.1390 1.7385 4.8065 -5.2543 1.8211 56.5687 1.5366 0.9949
Car 0.0000 0.0000 0.0000 217.0000 177.0000 336.0000 240.0000 1.4649 1.5769 3.9168 -8.5773 1.5638 18.8683 1.4939 0.9944
Car 0.0000 0.0000 0.0000 350.0000 177.0000 401.0000 207.0000 1.5548 1.6478 3.9357 -12.5786 1.7128 38.9809 1.5221 0.9918
