Car 0.0000 0.0000 0.0000 463.0000 175.0000 566.0000 214.0000 1.6806 1.7065 4.3602 -4.3201 1.7677 32.9713 0.1605 0.9998
Car 0.0000 0.0000 0.0000 520.0000 168.0000 744.0000 385.0000 1.5801 1.6293 3.5693 0.1465 1.5561 7.0715 1.5708 0.9998
Car 0.0000 0.0000 0.0000 291.0000 177.0000 435.0000 232.0000 1.7158 1.6959 4.1608 -8.0486 1.8497 23.6456 0.1652 0.9997
Car 0.0000 0.0000 0.0000 167.0000 176.0000 347.0000 243.0000 1.7445 1.7221 4.3156 -9.8405 1.8382 20.1922 0.1666 0.9996
Car 0.0000 0.0000 0.0000 594.0000 174.0000 650.0000 203.0000 1.5845 1.6153 3.9266 0.7427 1.6267 42.7818 1.0777 0.9990
Car 0.0000 0.0000 0.0000 423.0000 181.0000 461.0000 202.0000 1.5121 1.6997 4.4222 -12.3827 2.0258 53.7174 1.5708 0.9988
Car 0.0000 0.0000 0.0000 945.0000 176.0000 1079.0000 219.0000 1.5313 1.6416 4.1423 15.3606 1.6504 27.6198 0.0813 0.9986
Car 0.0000 0.0000 0.0000 988.0000 171.0000 1093.0000 205.0000 1.5023 1.5987 3.8896 20.0754 1.4120 33.6407 0.1541 0.9984
Car 0.0000 0.0000 0.0000 1130.0000 170.0000 1371.0000 236.0000 1.5671 1.6860 4.3141 15.9898 1.4932 18.1755 0.1401 0.9982
Car 0.0000 0.0000 0.0000 377.0000 183.0000 417.0000 204.0000 1.4363 1.6208 4.1558 -15.5554 2.1318 52.9691 1.5708 0.9739
