Car 0.0000 0.0000 0.0000 580.0000 183.0000 637.0000 236.0000 1.4759 1.5885 3.5357 -0.0746 1.7688 22.2667 1.5512 0.9999
Car 0.0000 0.0000 0.0000 709.0000 186.0000 870.0000 300.0000 1.4649 1.5867 4.0393 2.6698 1.6937 11.6777 1.5704 0.9999
Car 0.0000 0.0000 0.0000 771.0000 191.0000 1106.0000 415.0000 1.5144 1.5778 3.5717 2.6929 1.7154 6.8846 1.5708 0.9998
Car 0.0000 0.0000 0.0000 448.0000 179.0000 541.0000 250.0000 1.4403 1.5693 3.7038 -2.5554 1.5685 16.6305 1.5695 0.9998
Car 0.0000 0.0000 0.0000 365.0000 190.0000 525.0000 304.0000 1.4243 1.5462 3.8046 -2.4052 1.7096 11.2937 1.5708 0.9997
Car 0.0000 0.0000 0.0000 640.0000 182.0000 675.0000 215.0000 1.5216 1.6244 3.8886 2.4162 1.9219 35.8718 1.5708 0.9996
Car 0.0000 0.0000 0.0000 687.0000 178.0000 775.0000 250.0000 1.5798 1.5874 3.4396 2.8786 1.6986 17.7133 1.5708 0.9996
Car 0.0000 0.0000 0.0000 545.0000 181.0000 574.0000 206.0000 1.4370 1.5759 3.6630 -2.9999 1.8784 44.3459 1.5632 0.9995
Car 0.0000 0.0000 0.0000 191.0000 192.0000 373.0000 279.0000 1.4141 1.5690 3.6213 -6.2676 1.7639 13.5874 0.6390 0.9990
Car 0.0000 0.0000 0.0000 129.0000 182.0000 232.0000 227.0000 1.4647 1.5396 3.5077 -15.2019 1.7712 25.6826 1.5708 0.9983
Car 0.0000 0.0000 0.0000 476.0000 179.0000 548.0000 232.0000 1.4274 1.5263 3.5737 -2.8246 1.5853 21.4437 1.5708 0.9979
Car 0.0000 0.0000 0.0000 383.0000 182.0000 467.0000 233.0000 1.4951 1.5593 3.8937 -6.1016 1.7682 23.5353 1.0166 0.9964
Car 0.0000 0.0000 0.0000 -264.0000 202.0000 130.0000 483.0000 1.4390 1.5617 3.6214 -5.4302 1.7027 5.5996 0.6207 0.9889
Car 0.0000 0.0000 0.0000 509.0000 177.0000 538.0000 198.0000 1.4953 1.6100 3.7601 -6.6157 1.7664 55.7243 1.2718 0.9711
Car 0.0000 0.0000 0.0000 363.0000 178.0000 406.0000 200.0000 1.4899 1.5998 4.0601 -15.7954 1.7791 50.8937 1.5708 0.9670
