Car 0.0000 0.0000 0.0000 477.0000 178.0000 559.0000 240.0000 1.4509 1.5939 3.8554 -2.3064 1.5698 18.8628 1.5708 0.9998
Car 0.0000 0.0000 0.0000 587.0000 175.0000 645.0000 228.0000 1.4798 1.6171 3.6012 0.2378 1.5407 22.2736 1.5708 0.9997
Car 0.0000 0.0000 0.0000 701.0000 172.0000 818.0000 264.0000 1.6085 1.5788 3.5737 2.8415 1.5952 14.4369 1.5708 0.9997
Car 0.0000 0.0000 0.0000 641.0000 174.0000 671.0000 201.0000 1.5433 1.6241 3.5640 2.7849 1.5579 43.2503 1.5708 0.9996
Car 0.0000 0.0000 0.0000 506.0000 171.0000 565.0000 219.0000 1.4721 1.5869 3.6960 -2.4273 1.4037 24.2239 1.5708 0.9996
Car 0.0000 0.0000 0.0000 669.0000 172.0000 727.0000 222.0000 1.6205 1.6009 3.3965 3.0382 1.5615 25.2360 1.5708 0.9995
Car 0.0000 0.0000 0.0000 763.0000 43.0000 1289.0000 445.0000 2.3455 1.9700 5.2012 2.9643 1.6042 6.8198 1.5708 0.9995
Car 0.0000 0.0000 0.0000 678.0000 175.0000 758.0000 236.0000 1.4582 1.5693 3.9855 2.7822 1.5042 19.2548 1.5708 0.9988
Car 0.0000 0.0000 0.0000 355.0000 177.0000 458.0000 232.0000 1.4676 1.5727 3.7736 -6.1314 1.5926 21.4456 0.8830 0.9984
Car 0.0000 0.0000 0.0000 560.0000 171.0000 589.0000 193.0000 1.5067 1.6214 3.7168 -2.4262 1.2995 51.9460 1.5708 0.9984
Car 0.0000 0.0000 0.0000 -252.0000 196.0000 96.0000 327.0000 1.4087 1.5142 3.6426 -9.2973 1.7745 10.1513 1.5430 0.9979
Car 0.0000 0.0000 0.0000 36.0000 134.0000 276.0000 257.0000 2.1368 1.8909 4.8667 -9.1178 1.4647 15.0748 1.5708 0.9979
Car 0.0000 0.0000 0.0000 223.0000 187.0000 418.0000 277.0000 1.4315 1.5454 3.4875 -5.3709 1.6836 13.2205 0.5463 0.9974
Car 0.0000 0.0000 0.0000 89.0000 196.0000 312.0000 323.0000 1.4102 1.5866 3.5554 -5.8839 1.7586 10.1390 0.6992 0.9973
Car 0.0000 0.0000 0.0000 521.0000 172.0000 569.0000 210.0000 1.4338 1.5574 3.5951 -2.5461 1.3697 29.0436 1.5708 0.9971
Car 0.0000 0.0000 0.0000 592.0000 172.0000 629.0000 207.0000 1.5199 1.6146 3.7909 0.1102 1.4538 33.2769 1.5708 0.9948
Car 0.0000 0.0000 0.0000 443.0000 177.0000 512.0000 214.0000 1.5097 1.5827 3.8356 -5.7495 1.6445 31.0872 0.9952 0.9947
Car 0.0000 0.0000 0.0000 -132.0000 190.0000 69.0000 270.0000 1.5637 1.6255 4.0235 -14.6267 1.9614 16.7155 1.4037 0.9922
Car 0.0000 0.0000 0.0000 -96.0000 187.0000 126.0000 270.0000 1.4807 1.5492 3.6730 -12.2696 1.7798 15.1437 1.5708 0.9748
Car 0.0000 0.0000 0.0000 254.0000 176.0000 326.0000 210.0000 1.4547 1.5470 3.7520 -14.7977 1.5690 33.5460 1.5708 0.9650
