Car 0.0000 0.0000 0.0000 722.0000 189.0000 903.0000 309.0000 1.4281 1.5589 4.2505 2.8637 1.7035 11.1976 1.5588 0.9998
Car 0.0000 0.0000 0.0000 654.0000 178.0000 706.0000 221.0000 1.6698 1.6809 4.1785 2.9290 1.8405 30.4631 1.5579 0.9997
Car 0.0000 0.0000 0.0000 -154.0000 161.0000 253.0000 314.0000 1.6917 1.5880 3.8747 -6.7674 1.5781 8.9001 0.0441 0.9990
Car 0.0000 0.0000 0.0000 365.0000 176.0000 483.0000 225.0000 1.6202 1.5788 3.6678 -6.4446 1.7238 25.2361 0.0370 0.9985
Car 0.0000 0.0000 0.0000 -366.0000 185.0000 185.0000 389.0000 1.6075 1.5376 3.6066 -6.1684 1.7310 6.5695 0.0276 0.9983
Car 0.0000 0.0000 0.0000 395.0000 180.0000 510.0000 223.0000 1.5418 1.6086 3.9809 -5.9576 1.7970 27.5604 0.0597 0.9960
Car 0.0000 0.0000 0.0000 441.0000 169.0000 536.0000 209.0000 1.9638 1.7787 4.5762 -6.1658 1.7378 37.1439 0.0381 0.9900
Car 0.0000 0.0000 0.0000 490.0000 165.0000 534.0000 194.0000 1.5306 1.5819 3.5678 -5.3717 1.0737 40.4137 -1.4496 0.9842
Car 0.0000 0.0000 0.0000 -964.0000 228.0000 68.0000 584.0000 1.4667 1.5739 3.9483 -5.6509 1.8406 4.1162 0.0768 0.9680
Car 0.0000 0.0000 0.0000 637.0000 175.0000 662.0000 197.0000 1.5514 1.6203 3.9212 2.9832 1.6785 53.5785 1.5708 0.9627
Car 0.0000 0.0000 0.0000 509.0000 167.0000 538.0000 193.0000 1.5792 1.6124 3.9027 -5.3701 1.1642 45.1858 1.4070 0.9615
