Car 0.0000 0.0000 0.0000 45.0000 194.0000 374.0000 382.0000 1.4815 1.5374 3.6690 -3.9975 1.7482 7.8674 1.5708 0.9999
Car 0.0000 0.0000 0.0000 673.0000 175.0000 752.0000 239.0000 1.5649 1.6392 3.8731 2.6999 1.6188 19.6881 1.5708 0.9999
Car 0.0000 0.0000 0.0000 305.0000 183.0000 466.0000 287.0000 1.5609 1.6131 4.0960 -3.8760 1.7388 13.0921 1.5708 0.9999
Car 0.0000 0.0000 0.0000 457.0000 176.0000 532.0000 229.0000 1.6323 1.6489 3.8444 -3.7799 1.7198 24.1770 1.5708 0.9998
Car 0.0000 0.0000 0.0000 488.0000 161.0000 550.0000 214.0000 2.0408 1.8442 4.6860 -3.6603 1.5580 30.1069 1.5708 0.9994
Car 0.0000 0.0000 0.0000 716.0000 168.0000 797.0000 202.0000 1.7614 1.6876 4.0528 7.9489 1.4844 38.9867 0.0587 0.9994
Car 0.0000 0.0000 0.0000 793.0000 167.0000 899.0000 211.0000 1.5692 1.6039 3.7311 8.9664 1.3065 27.2395 -0.4332 0.9988
Car 0.0000 0.0000 0.0000 888.0000 165.0000 1019.0000 226.0000 1.4428 1.5433 3.7313 8.9898 1.2245 18.7393 -0.6564 0.9986
Car 0.0000 0.0000 0.0000 815.0000 167.0000 936.0000 215.0000 1.5094 1.5792 3.7378 9.0047 1.3046 24.3659 -0.3926 0.9980
Car 0.0000 0.0000 0.0000 664.0000 178.0000 721.0000 224.0000 1.4953 1.5717 3.6479 2.8735 1.6574 25.4575 1.5708 0.9964
Car 0.0000 0.0000 0.0000 1119.0000 102.0000 1755.0000 328.0000 1.7252 1.6752 4.2081 7.9128 1.1848 7.6689 1.4487 0.9949
Car 0.0000 0.0000 0.0000 838.0000 166.0000 969.0000 221.0000 1.5234 1.6023 3.8327 8.8252 1.3013 21.5551 -0.5221 0.9929
Car 0.0000 0.0000 0.0000 529.0000 164.0000 563.0000 188.0000 1.5496 1.6142 3.9655 -4.2283 0.9463 49.0740 -1.4770 0.9928
Car 0.0000 0.0000 0.0000 714.0000 153.0000 803.0000 185.0000 1.7558 1.7716 4.7437 8.5693 0.6238 41.4355 0.0127 0.9927
Car 0.0000 0.0000 0.0000 380.0000 183.0000 436.0000 202.0000 1.5655 1.6541 4.4564 -17.4978 2.3991 62.8823 0.0364 0.9894
Car 0.0000 0.0000 0.0000 759.0000 168.0000 851.0000 204.0000 1.5690 1.6389 4.0422 9.0343 1.3012 33.1806 -0.4786 0.9876
Car 0.0000 0.0000 0.0000 515.0000 172.0000 559.0000 205.0000 1.5183 1.6083 4.0993 -3.4551 1.4312 35.1120 1.5708 0.9727
Car 0.0000 0.0000 0.0000 613.0000 158.0000 642.0000 193.0000 2.2495 1.8925 4.9801 1.2604 1.2469 49.2870 1.5708 0.9658
Car 0.0000 0.0000 0.0000 1148.0000 135.0000 1343.0000 193.0000 1.5164 1.6036 3.7733 17.7709 0.5182 20.3071 0.2862 0.9625
