Car 0.0000 0.0000 0.0000 275.0000 186.0000 443.0000 302.0000 1.5627 1.5556 3.3677 -3.8777 1.7753 11.6205 1.5664 1.0000
Car 0.0000 0.0000 0.0000 755.0000 170.0000 916.0000 233.0000 1.7537 1.7241 4.3357 6.5356 1.6597 21.2193 0.2183 0.9998
Car 0.0000 0.0000 0.0000 990.0000 193.0000 1399.0000 497.0000 1.4799 1.5680 3.3499 3.9329 1.6680 5.5264 -1.1617 0.9998
Car 0.0000 0.0000 0.0000 1250.0000 175.0000 1442.0000 254.0000 1.4161 1.5652 3.6681 15.0927 1.4663 14.7587 -0.4216 0.9992
Car 0.0000 0.0000 0.0000 1039.0000 174.0000 1172.0000 220.0000 1.4564 1.6144 3.9614 16.7603 1.4687 24.3139 -0.3203 0.9990
Car 0.0000 0.0000 0.0000 376.0000 193.0000 477.0000 270.0000 1.4611 1.5616 3.9828 -4.3100 1.9343 16.4918 1.1467 0.9972
Car 0.0000 0.0000 0.0000 -149.0000 -4227.0000 8822.0000 533.0000 1.5640 1.6472 3.9508 -2.9762 1.7783 1.6602 1.5408 0.9969
Car 0.0000 0.0000 0.0000 1458.0000 169.0000 1614.0000 225.0000 1.4267 1.5558 3.6399 25.4435 1.3110 19.7726 -0.3461 0.9964
Car 0.0000 0.0000 0.0000 943.0000 179.0000 1180.0000 314.0000 1.4684 1.5951 3.7533 6.1999 1.5544 9.7717 -0.6850 0.9959
Car 0.0000 0.0000 0.0000 -4314.0000 -2631.0000 1533.0000 555.0000 1.5397 1.5684 3.6162 2.9478 1.6194 1.3210 1.5708 0.9926
Car 0.0000 0.0000 0.0000 1329.0000 162.0000 1420.0000 198.0000 1.5012 1.5882 3.8776 33.0263 0.9870 31.0457 -0.4436 0.9714
Car 0.0000 0.0000 0.0000 1276.0000 165.0000 1335.0000 203.0000 1.4369 1.5764 3.9145 27.8751 1.0886 28.8883 -0.8219 0.9670
