Car 0.0000 0.0000 0.0000 737.0000 186.0000 852.0000 268.0000 1.5501 1.6185 3.6811 3.9257 1.8480 15.9245 1.5708 0.9999
Car 0.0000 0.0000 0.0000 592.0000 182.0000 655.0000 241.0000 1.5116 1.6183 3.5544 0.3652 1.7698 20.6422 1.5708 0.9998
Car 0.0000 0.0000 0.0000 702.0000 176.0000 777.0000 233.0000 1.6871 1.6623 4.1365 4.1233 1.7617 23.4579 1.5636 0.9997
Car 0.0000 0.0000 0.0000 862.0000 80.0000 1711.0000 597.0000 2.0674 1.8324 4.6779 3.4946 1.7161 5.2338 1.5708 0.9995
Car 0.0000 0.0000 0.0000 286.0000 185.0000 477.0000 276.0000 1.4890 1.5650 3.5049 -4.3378 1.7075 13.4880 0.5947 0.9991
Car 0.0000 0.0000 0.0000 484.0000 183.0000 565.0000 215.0000 1.4754 1.5749 3.6688 -4.0821 1.9046 34.5336 0.5956 0.9986
Car 0.0000 0.0000 0.0000 670.0000 173.0000 707.0000 204.0000 1.6262 1.6559 3.6974 4.4627 1.5984 40.6460 1.5659 0.9985
Car 0.0000 0.0000 0.0000 -185.0000 159.0000 117.0000 273.0000 1.6870 1.6576 4.1701 -11.0942 1.4917 12.8582 1.5708 0.9977
Car 0.0000 0.0000 0.0000 147.0000 191.0000 413.0000 305.0000 1.4069 1.5595 3.7984 -4.9503 1.6844 10.6652 0.4787 0.9974
Car 0.0000 0.0000 0.0000 412.0000 181.0000 528.0000 239.0000 1.5176 1.5932 3.6839 -4.1817 1.7531 21.1703 0.8059 0.9971
Car 0.0000 0.0000 0.0000 792.0000 165.0000 875.0000 198.0000 2.3212 1.8023 5.4421 16.2680 1.6825 52.3260 0.0420 0.9964
Car 0.0000 0.0000 0.0000 170.0000 177.0000 270.0000 222.0000 1.5275 1.5647 3.6898 -14.2407 1.6458 26.5271 1.5708 0.9950
Car 0.0000 0.0000 0.0000 29.0000 178.0000 319.0000 385.0000 1.6112 1.6451 3.8545 -4.7614 1.6771 7.5587 0.7598 0.9922
Car 0.0000 0.0000 0.0000 704.0000 175.0000 723.0000 192.0000 1.4869 1.5708 3.6649 9.7946 1.6166 67.2973 -1.4479 0.9850
Car 0.0000 0.0000 0.0000 602.0000 173.0000 639.0000 209.0000 1.5505 1.6278 3.8541 0.5844 1.5452 33.8011 1.5708 0.9764
Car 0.0000 0.0000 0.0000 720.0000 171.0000 747.0000 192.0000 1.4869 1.5996 3.8781 9.2387 1.2730 53.5655 1.5708 0.9754
Car 0.0000 0.0000 0.0000 311.0000 178.0000 405.0000 227.0000 1.4800 1.5669 3.6829 -8.2322 1.6261 23.8809 1.5708 0.9686
Car 0.0000 0.0000 0.0000 685.0000 175.0000 736.0000 214.0000 1.5256 1.5883 4.0191 4.2318 1.6050 30.5375 1.5708 0.9670
