Car 0.0000 0.0000 0.0000 682.0000 182.0000 816.0000 284.0000 1.4843 1.5852 3.7443 2.2210 1.6302 12.4640 1.5708 0.9999
Car 0.0000 0.0000 0.0000 183.0000 187.0000 272.0000 228.0000 1.5240 1.6432 3.7679 -15.5915 2.0777 29.6151 1.5708 0.9997
Car 0.0000 0.0000 0.0000 642.0000 182.0000 713.0000 238.0000 1.5006 1.5988 4.0581 1.9638 1.7639 21.8572 1.5325 0.9997
Car 0.0000 0.0000 0.0000 541.0000 182.0000 587.0000 224.0000 1.5284 1.6184 3.4428 -1.7102 1.8404 28.2001 1.5571 0.9997
Car 0.0000 0.0000 0.0000 -2106.0000 205.0000 379.0000 1616.0000 1.4704 1.6066 3.9343 -2.3929 1.6688 2.7928 1.5708 0.9996
Car 0.0000 0.0000 0.0000 343.0000 181.0000 454.0000 235.0000 1.5304 1.6000 3.6815 -6.6160 1.7770 22.3709 0.7279 0.9989
Car 0.0000 0.0000 0.0000 454.0000 178.0000 526.0000 211.0000 1.7141 1.6664 3.9340 -6.6000 1.9572 39.8517 0.6298 0.9984
Car 0.0000 0.0000 0.0000 -87.0000 201.0000 224.0000 362.0000 1.4131 1.6340 4.1745 -6.5512 1.7740 8.5242 0.5816 0.9979
Car 0.0000 0.0000 0.0000 -93.0000 187.0000 94.0000 254.0000 1.4663 1.5752 3.9074 -15.3820 1.8362 18.4430 1.5515 0.9978
Car 0.0000 0.0000 0.0000 271.0000 192.0000 416.0000 251.0000 1.3827 1.5982 3.8662 -7.1163 1.8913 19.1081 0.5657 0.9977
Car 0.0000 0.0000 0.0000 668.0000 185.0000 767.0000 257.0000 1.4176 1.5095 3.7722 2.3566 1.7042 16.6440 1.5163 0.9947
Car 0.0000 0.0000 0.0000 561.0000 177.0000 597.0000 210.0000 1.6094 1.6395 3.9541 -1.5354 1.8023 37.9434 1.5708 0.9940
Car 0.0000 0.0000 0.0000 423.0000 182.0000 490.0000 221.0000 1.4631 1.5534 3.7016 -6.2331 1.8056 29.1201 1.0513 0.9924
Car 0.0000 0.0000 0.0000 459.0000 183.0000 505.0000 220.0000 1.5590 1.6211 3.8096 -5.8320 1.9784 32.7320 1.2842 0.9897
Car 0.0000 0.0000 0.0000 400.0000 176.0000 431.0000 195.0000 1.5225 1.6081 4.0970 -16.2781 1.7243 60.8723 1.5315 0.9779
