Car 0.0000 0.0000 0.0000 598.0000 184.0000 676.0000 257.0000 1.5197 1.6562 3.8039 0.5705 1.7735 17.3031 1.5708 0.9998
Car 0.0000 0.0000 0.0000 310.0000 191.0000 382.0000 230.0000 1.5319 1.7322 3.9379 -11.4837 2.2966 31.6729 1.5708 0.9997
Car 0.0000 0.0000 0.0000 661.0000 173.0000 714.0000 220.0000 1.8566 1.7121 4.1932 3.2453 1.8457 30.5924 1.5578 0.9997
Car 0.0000 0.0000 0.0000 413.0000 181.0000 455.0000 210.0000 1.7544 1.6898 4.0793 -11.3466 2.2307 46.9649 1.5705 0.9996
Car 0.0000 0.0000 0.0000 579.0000 184.0000 623.0000 228.0000 1.5985 1.6668 3.8895 -0.3221 2.0380 29.1892 1.5708 0.9988
Car 0.0000 0.0000 0.0000 460.0000 188.0000 542.0000 221.0000 1.4385 1.5889 3.5484 -4.9708 2.0756 32.8738 0.6053 0.9971
Car 0.0000 0.0000 0.0000 380.0000 186.0000 415.0000 208.0000 1.4867 1.5758 3.8059 -15.0337 2.3784 51.4892 1.5114 0.9966
Car 0.0000 0.0000 0.0000 713.0000 182.0000 762.0000 199.0000 1.4924 1.6491 4.1161 11.2872 2.1725 63.0884 0.2404 0.9954
Car 0.0000 0.0000 0.0000 505.0000 185.0000 567.0000 209.0000 1.4987 1.5870 3.6559 -4.7037 2.2356 46.4040 0.3723 0.9922
Car 0.0000 0.0000 0.0000 495.0000 185.0000 547.0000 215.0000 1.4825 1.5348 3.5077 -4.7231 2.1068 38.3774 1.0786 0.9910
Car 0.0000 0.0000 0.0000 548.0000 188.0000 579.0000 211.0000 1.5142 1.5925 4.2203 -3.3052 2.6076 53.3558 -1.4490 0.9813
Car 0.0000 0.0000 0.0000 598.0000 177.0000 621.0000 195.0000 1.4925 1.5938 4.0494 0.1103 1.7208 59.8801 1.5708 0.9692
