Car 0.0000 0.0000 0.0000 630.0000 175.0000 680.0000 211.0000 1.4676 1.5536 3.4783 1.9379 1.5404 31.2838 1.4584 0.9999
Car 0.0000 0.0000 0.0000 782.0000 174.0000 930.0000 238.0000 1.5026 1.5686 3.6272 6.3743 1.5337 19.0217 1.1116 0.9998
Car 0.0000 0.0000 0.0000 348.0000 179.0000 471.0000 223.0000 1.5673 1.6208 4.1124 -7.3540 1.7656 26.7485 0.0222 0.9994
Car 0.0000 0.0000 0.0000 165.0000 158.0000 415.0000 266.0000 2.0055 1.7358 4.2888 -6.3373 1.7343 14.5401 0.0194 0.9994
Car 0.0000 0.0000 0.0000 64.0000 182.0000 332.0000 281.0000 1.5343 1.5515 3.6625 -6.8343 1.6834 12.1206 0.0616 0.9990
Car 0.0000 0.0000 0.0000 -68.0000 169.0000 260.0000 307.0000 1.7447 1.6056 3.5326 -7.0617 1.7048 10.0515 0.0747 0.9990
Car 0.0000 0.0000 0.0000 612.0000 176.0000 647.0000 204.0000 1.4901 1.6115 4.0872 1.1208 1.6015 40.7898 1.5256 0.9954
Car 0.0000 0.0000 0.0000 296.0000 180.0000 435.0000 231.0000 1.4831 1.5889 3.7431 -7.4867 1.6891 22.1869 0.1617 0.9920
Car 0.0000 0.0000 0.0000 687.0000 119.0000 790.0000 162.0000 1.4505 1.5521 3.6671 4.8227 -0.5057 26.9897 0.1674 0.9759
Car 0.0000 0.0000 0.0000 655.0000 163.0000 707.0000 182.0000 1.5844 1.6612 4.4241 6.3320 0.6656 63.1246 0.0934 0.9737
Car 0.0000 0.0000 0.0000 402.0000 178.0000 489.0000 212.0000 1.5321 1.5578 3.7058 -7.6573 1.7442 33.8154 0.0821 0.9725
