Car 0.0000 0.0000 0.0000 499.0000 179.0000 557.0000 225.0000 1.6063 1.6761 3.9406 -3.0235 1.8041 27.3675 1.5708 0.9999
Car 0.0000 0.0000 0.0000 698.0000 173.0000 827.0000 273.0000 1.6086 1.6203 3.5926 2.6942 1.6113 13.5243 1.5671 0.9999
Car 0.0000 0.0000 0.0000 760.0000 184.0000 991.0000 330.0000 1.4418 1.5454 3.6225 3.0260 1.5823 9.0601 1.5708 0.9998
Car 0.0000 0.0000 0.0000 650.0000 180.0000 705.0000 223.0000 1.4884 1.5777 3.9732 2.5055 1.7417 27.2529 1.5486 0.9997
Car 0.0000 0.0000 0.0000 382.0000 184.0000 450.0000 209.0000 1.4981 1.5947 4.0014 -12.5805 2.2052 47.0817 0.0155 0.9988
Car 0.0000 0.0000 0.0000 678.0000 172.0000 767.0000 246.0000 1.6125 1.5593 3.0594 2.6507 1.5976 17.5879 1.5333 0.9988
Car 0.0000 0.0000 0.0000 590.0000 176.0000 614.0000 198.0000 1.4714 1.6038 3.8764 -0.4501 1.6482 51.0489 1.5708 0.9985
Car 0.0000 0.0000 0.0000 646.0000 172.0000 691.0000 210.0000 1.5754 1.6165 3.9655 2.6039 1.5319 32.3315 1.5624 0.9975
Car 0.0000 0.0000 0.0000 291.0000 182.0000 360.0000 206.0000 1.5156 1.5845 3.8826 -18.4878 2.0428 47.0198 0.0343 0.9960
Car 0.0000 0.0000 0.0000 633.0000 177.0000 663.0000 203.0000 1.4665 1.5708 3.9979 2.2668 1.6447 42.4495 1.5708 0.9934
