Car 0.0000 0.0000 0.0000 707.0000 174.0000 859.0000 295.0000 1.6755 1.6091 3.3143 2.6170 1.6902 11.6780 1.5590 1.0000
Car 0.0000 0.0000 0.0000 558.0000 183.0000 614.0000 236.0000 1.5122 1.6360 3.5640 -0.6961 1.8162 22.7441 1.5671 0.9999
Car 0.0000 0.0000 0.0000 633.0000 182.0000 676.0000 222.0000 1.5200 1.5848 3.5124 1.8221 1.8631 29.7955 1.5708 0.9999
Car 0.0000 0.0000 0.0000 313.0000 186.0000 494.0000 312.0000 1.4660 1.6154 3.8109 -2.8198 1.6705 10.5783 1.5557 0.9998
Car 0.0000 0.0000 0.0000 404.0000 181.0000 507.0000 258.0000 1.4586 1.5174 3.0597 -3.1815 1.6130 15.3029 1.5708 0.9997
Car 0.0000 0.0000 0.0000 773.0000 192.0000 1267.0000 498.0000 1.4773 1.5924 4.0481 2.5298 1.6697 5.7171 1.5708 0.9997
Car 0.0000 0.0000 0.0000 -98.0000 199.0000 437.0000 533.0000 1.4542 1.5680 3.7288 -2.5624 1.6942 5.2346 1.5708 0.9997
Car 0.0000 0.0000 0.0000 521.0000 181.0000 558.0000 211.0000 1.4619 1.5681 3.5379 -3.6454 1.8676 38.2975 1.5708 0.9997
Car 0.0000 0.0000 0.0000 -49.0000 189.0000 113.0000 249.0000 1.4295 1.5325 3.6390 -15.5262 1.8566 19.5599 1.5576 0.9996
Car 0.0000 0.0000 0.0000 169.0000 187.0000 262.0000 227.0000 1.4664 1.6054 3.9856 -15.8425 2.0153 29.1903 1.5708 0.9995
Car 0.0000 0.0000 0.0000 462.0000 180.0000 520.0000 201.0000 1.3972 1.5688 3.6743 -7.9888 1.7907 48.8527 0.4658 0.9964
Car 0.0000 0.0000 0.0000 572.0000 175.0000 609.0000 210.0000 1.5490 1.6213 3.7217 -0.8482 1.6291 34.5919 1.5708 0.9951
Car 0.0000 0.0000 0.0000 -153.0000 207.0000 151.0000 388.0000 1.3650 1.5377 3.6065 -6.4871 1.7568 7.4903 0.6055 0.9935
Car 0.0000 0.0000 0.0000 459.0000 183.0000 497.0000 212.0000 1.4699 1.6004 3.9106 -7.1699 1.9578 39.1587 1.2709 0.9929
Car 0.0000 0.0000 0.0000 272.0000 189.0000 410.0000 255.0000 1.4094 1.5570 3.5796 -6.5550 1.7772 17.3978 0.6990 0.9914
Car 0.0000 0.0000 0.0000 610.0000 177.0000 635.0000 198.0000 1.4602 1.5696 3.8383 1.0644 1.7043 53.3968 -1.4711 0.9762
Car 0.0000 0.0000 0.0000 -3617.0000 -1777.0000 1504.0000 567.0000 1.4722 1.5658 3.4823 2.7028 1.5670 1.1465 1.5708 0.9718
