Car 0.0000 0.0000 0.0000 187.0000 195.0000 359.0000 294.0000 1.5452 1.6085 3.5831 -6.2397 1.9920 13.7355 1.5679 1.0000
Car 0.0000 0.0000 0.0000 -704.0000 214.0000 250.0000 697.0000 1.4636 1.5511 3.4441 -3.7685 1.7882 4.1763 1.5693 0.9998
Car 0.0000 0.0000 0.0000 864.0000 150.0000 1094.0000 237.0000 1.8160 1.7182 4.3327 8.2493 1.3383 16.3799 0.0244 0.9997
Car 0.0000 0.0000 0.0000 673.0000 181.0000 747.0000 238.0000 1.4463 1.5764 4.1841 2.7618 1.6530 20.5293 1.5708 0.9995
Car 0.0000 0.0000 0.0000 386.0000 185.0000 466.0000 238.0000 1.6370 1.6513 4.2123 -6.2394 2.0517 24.9760 1.5708 0.9994
Car 0.0000 0.0000 0.0000 798.0000 160.0000 954.0000 217.0000 1.6898 1.6658 4.2515 8.2622 1.2915 22.5709 0.0271 0.9993
Car 0.0000 0.0000 0.0000 921.0000 160.0000 1219.0000 252.0000 1.5455 1.6337 4.3723 8.2613 1.3312 13.2421 0.0437 0.9993
Car 0.0000 0.0000 0.0000 460.0000 185.0000 508.0000 218.0000 1.5115 1.6255 4.1195 -6.2079 2.1019 36.1109 1.5708 0.9992
Car 0.0000 0.0000 0.0000 1104.0000 144.0000 1247.0000 190.0000 1.7212 1.7459 4.2682 22.5397 0.6073 28.7620 0.0263 0.9985
Car 0.0000 0.0000 0.0000 1189.0000 152.0000 1279.0000 197.0000 1.5134 1.6252 3.8252 22.3920 0.7712 25.7542 -0.6356 0.9972
Car 0.0000 0.0000 0.0000 707.0000 169.0000 775.0000 194.0000 1.5696 1.6476 4.2657 8.8044 1.2975 48.0408 0.0599 0.9942
Car 0.0000 0.0000 0.0000 1235.0000 131.0000 1424.0000 187.0000 1.6201 1.6598 4.0546 22.1923 0.3775 22.3106 0.0491 0.9937
Car 0.0000 0.0000 0.0000 1056.0000 142.0000 1173.0000 179.0000 1.5159 1.6163 3.9693 22.3840 0.1821 31.9710 0.0677 0.9859
Car 0.0000 0.0000 0.0000 349.0000 196.0000 439.0000 255.0000 1.4984 1.6007 4.2102 -6.3199 2.1992 21.5300 1.5309 0.9777
