Car 0.0000 0.0000 0.0000 350.0000 176.0000 500.0000 268.0000 1.4806 1.6715 4.2404 -3.3391 1.5361 13.7666 1.5708 0.9998
Car 0.0000 0.0000 0.0000 34.0000 197.0000 426.0000 425.0000 1.4416 1.5806 4.3351 -3.2016 1.7327 7.1143 1.5708 0.9997
Car 0.0000 0.0000 0.0000 555.0000 173.0000 622.0000 238.0000 1.6551 1.7056 3.9223 -0.5209 1.6582 20.5360 1.5708 0.9996
Car 0.0000 0.0000 0.0000 446.0000 172.0000 529.0000 233.0000 1.6012 1.6275 4.1828 -3.4540 1.5588 21.0353 1.5708 0.9996
Car 0.0000 0.0000 0.0000 232.0000 177.0000 361.0000 242.0000 1.4601 1.5884 3.9226 -7.8440 1.5519 18.4000 1.5708 0.9995
Car 0.0000 0.0000 0.0000 332.0000 178.0000 386.0000 208.0000 1.4674 1.5646 3.7301 -12.7581 1.6628 36.9188 1.5427 0.9984
Car 0.0000 0.0000 0.0000 510.0000 175.0000 550.0000 211.0000 1.4796 1.5915 4.0022 -3.4220 1.5424 31.5469 1.4990 0.9984
Car 0.0000 0.0000 0.0000 -304.0000 192.0000 123.0000 353.0000 1.4239 1.5178 3.5158 -7.7130 1.6665 8.4069 1.5708 0.9972
Car 0.0000 0.0000 0.0000 382.0000 171.0000 445.0000 210.0000 1.4942 1.5891 3.6717 -8.1172 1.4093 30.1405 1.5708 0.9935
Car 0.0000 0.0000 0.0000 -290.0000 182.0000 15.0000 285.0000 1.4446 1.5378 3.6262 -12.2006 1.5890 12.1015 1.5022 0.9921
Car 0.0000 0.0000 0.0000 443.0000 175.0000 482.0000 203.0000 1.5948 1.6580 3.9994 -8.8488 1.7024 43.7839 1.5363 0.9841
Car 0.0000 0.0000 0.0000 232.0000 178.0000 323.0000 224.0000 1.5713 1.6172 4.0430 -12.3117 1.7410 26.9755 1.5448 0.9741
