Car 0.0000 0.0000 0.0000 -17.0000 168.0000 345.0000 306.0000 1.8089 1.6896 4.2530 -6.2857 1.7581 10.3812 0.0581 0.9998
Car 0.0000 0.0000 0.0000 215.0000 166.0000 435.0000 258.0000 1.7639 1.6683 4.1398 -5.8647 1.6313 15.2795 -0.2225 0.9996
Car 0.0000 0.0000 0.0000 672.0000 181.0000 746.0000 236.0000 1.4591 1.5391 3.7987 2.8589 1.6892 21.3665 1.5425 0.9985
Car 0.0000 0.0000 0.0000 392.0000 179.0000 486.0000 216.0000 1.4990 1.5629 3.5870 -7.2284 1.7281 30.7743 0.0350 0.9973
Car 0.0000 0.0000 0.0000 482.0000 168.0000 556.0000 201.0000 2.3309 1.8438 5.2388 -6.5880 1.9403 53.2220 0.0461 0.9968
Car 0.0000 0.0000 0.0000 646.0000 147.0000 703.0000 208.0000 2.4251 2.0076 5.5520 2.7508 1.3759 31.3882 1.5708 0.9964
Car 0.0000 0.0000 0.0000 691.0000 131.0000 841.0000 276.0000 2.3767 1.9740 5.3508 2.8852 1.6983 14.6182 1.5708 0.9963
Car 0.0000 0.0000 0.0000 1198.0000 140.0000 2474.0000 504.0000 1.7280 1.7167 4.5555 6.5647 1.5973 4.3624 0.0383 0.9879
Car 0.0000 0.0000 0.0000 415.0000 178.0000 515.0000 214.0000 1.5835 1.6369 4.2471 -6.6036 1.7846 33.2537 0.0691 0.9863
Car 0.0000 0.0000 0.0000 630.0000 177.0000 655.0000 200.0000 1.5020 1.5738 3.8687 2.3071 1.6914 49.1948 1.5708 0.9840
