Car 0.0000 0.0000 0.0000 409.0000 167.0000 516.0000 240.0000 1.4770 1.5804 3.9381 -3.2760 1.3524 16.6419 1.5708 0.9998
Car 0.0000 0.0000 0.0000 272.0000 180.0000 387.0000 239.0000 1.4273 1.5772 3.8262 -7.4887 1.5989 19.6246 1.5708 0.9997
Car 0.0000 0.0000 0.0000 581.0000 174.0000 617.0000 209.0000 1.6426 1.6731 3.7903 -0.4811 1.6591 36.0786 1.5670 0.9994
Car 0.0000 0.0000 0.0000 -671.0000 194.0000 308.0000 672.0000 1.4683 1.5822 3.7567 -3.4408 1.6340 4.2274 1.5708 0.9991
Car 0.0000 0.0000 0.0000 380.0000 175.0000 442.0000 216.0000 1.5255 1.6594 3.7704 -7.8995 1.5908 28.9640 1.5053 0.9991
Car 0.0000 0.0000 0.0000 241.0000 180.0000 329.0000 223.0000 1.4952 1.6059 3.9792 -12.3746 1.7532 27.7536 1.5707 0.9982
Car 0.0000 0.0000 0.0000 475.0000 177.0000 526.0000 212.0000 1.4556 1.5801 4.0478 -4.7806 1.5960 32.1275 1.5708 0.9974
Car 0.0000 0.0000 0.0000 -26.0000 180.0000 179.0000 253.0000 1.4724 1.6559 4.2248 -12.2961 1.6370 16.9650 1.5708 0.9921
Car 0.0000 0.0000 0.0000 518.0000 158.0000 554.0000 196.0000 2.3878 1.9763 5.5677 -4.7442 1.3984 47.7944 1.5438 0.9918
Car 0.0000 0.0000 0.0000 309.0000 174.0000 378.0000 209.0000 1.5806 1.6217 4.1241 -12.8400 1.5987 35.0241 1.5708 0.9739
