Car 0.0000 0.0000 0.0000 749.0000 197.0000 1135.0000 463.0000 1.5098 1.5898 3.5656 2.3431 1.7621 6.1708 1.5545 0.9999
Car 0.0000 0.0000 0.0000 661.0000 185.0000 743.0000 254.0000 1.4713 1.5594 3.7060 2.1791 1.7774 17.8175 1.5708 0.9999
Car 0.0000 0.0000 0.0000 506.0000 185.0000 562.0000 228.0000 1.5470 1.5875 3.8136 -2.9099 2.0115 28.5668 1.5708 0.9999
Car 0.0000 0.0000 0.0000 700.0000 181.0000 833.0000 285.0000 1.5782 1.5522 3.2316 2.6156 1.7179 12.7585 1.5434 0.9998
Car 0.0000 0.0000 0.0000 218.0000 188.0000 481.0000 373.0000 1.5475 1.6016 3.6314 -2.6172 1.7321 8.0472 1.5708 0.9997
Car 0.0000 0.0000 0.0000 392.0000 191.0000 517.0000 289.0000 1.4707 1.5409 3.6327 -2.7088 1.8212 13.1932 1.5572 0.9997
Car 0.0000 0.0000 0.0000 537.0000 179.0000 581.0000 220.0000 1.8307 1.6592 4.1453 -2.2806 2.0591 33.9420 1.5708 0.9989
Car 0.0000 0.0000 0.0000 -1455.0000 207.0000 385.0000 1295.0000 1.4958 1.6118 3.8804 -2.4735 1.7186 3.0536 1.5708 0.9989
Car 0.0000 0.0000 0.0000 656.0000 184.0000 685.0000 201.0000 1.5127 1.6324 3.9878 5.7962 2.4683 66.9064 -1.2059 0.9978
Car 0.0000 0.0000 0.0000 605.0000 184.0000 643.0000 205.0000 1.5607 1.6162 3.9276 1.2141 2.3459 55.4706 -1.1870 0.9967
Car 0.0000 0.0000 0.0000 558.0000 185.0000 597.0000 214.0000 1.5128 1.5887 3.9122 -1.7054 2.1300 39.7581 -1.4678 0.9963
Car 0.0000 0.0000 0.0000 566.0000 189.0000 609.0000 214.0000 1.4764 1.5617 3.8283 -1.2939 2.4300 45.1999 -1.2918 0.9618
