Car 0.0000 0.0000 0.0000 743.0000 175.0000 838.0000 262.0000 1.5046 1.6138 3.5397 3.4928 1.5494 14.4399 -1.3857 0.9998
Car 0.0000 0.0000 0.0000 949.0000 189.0000 2174.0000 837.0000 1.5586 1.5319 3.1825 3.0812 1.6618 3.3835 1.5708 0.9998
Car 0.0000 0.0000 0.0000 136.0000 136.0000 432.0000 347.0000 2.0109 1.7405 4.5063 -3.7180 1.6691 9.1678 1.5681 0.9997
Car 0.0000 0.0000 0.0000 760.0000 186.0000 1060.0000 375.0000 1.5120 1.6187 4.2352 2.9150 1.6823 8.1154 1.5708 0.9997
Car 0.0000 0.0000 0.0000 -892.0000 214.0000 257.0000 792.0000 1.4612 1.5240 3.5089 -3.5494 1.7621 3.7912 1.5708 0.9990
Car 0.0000 0.0000 0.0000 556.0000 167.0000 584.0000 192.0000 1.5367 1.6322 3.8088 -2.4259 1.1300 45.9989 1.5607 0.9986
Car 0.0000 0.0000 0.0000 38.0000 149.0000 281.0000 244.0000 2.0983 1.7824 4.7391 -10.5855 1.5793 17.1134 0.0535 0.9985
Car 0.0000 0.0000 0.0000 638.0000 169.0000 661.0000 190.0000 1.6174 1.6203 3.5693 3.1877 1.2517 56.7151 1.5708 0.9985
Car 0.0000 0.0000 0.0000 413.0000 166.0000 466.0000 206.0000 2.0239 1.7781 4.5380 -9.2891 1.6522 39.7940 1.5708 0.9982
Car 0.0000 0.0000 0.0000 610.0000 164.0000 645.0000 200.0000 1.8391 1.7490 4.1426 0.9644 1.3625 39.4659 1.5551 0.9980
Car 0.0000 0.0000 0.0000 762.0000 165.0000 854.0000 225.0000 1.4828 1.6184 4.0379 5.5537 1.2720 19.8524 -1.0891 0.9978
Car 0.0000 0.0000 0.0000 672.0000 167.0000 694.0000 186.0000 1.7306 1.7170 3.8072 6.9062 1.1160 66.8683 1.5708 0.9966
Car 0.0000 0.0000 0.0000 811.0000 160.0000 943.0000 213.0000 2.3556 1.8846 5.4070 12.4538 1.7406 33.6902 0.0322 0.9949
Car 0.0000 0.0000 0.0000 476.0000 173.0000 519.0000 202.0000 1.5197 1.6427 4.3605 -6.0411 1.4796 39.4547 1.5708 0.9940
Car 0.0000 0.0000 0.0000 730.0000 174.0000 767.0000 203.0000 1.4962 1.5984 4.0865 7.7192 1.5384 40.1768 -1.4804 0.9847
