Car 0.0000 0.0000 0.0000 712.0000 185.0000 866.0000 299.0000 1.5147 1.5762 3.4067 2.6643 1.7158 11.5419 1.5629 1.0000
Car 0.0000 0.0000 0.0000 664.0000 184.0000 753.0000 255.0000 1.4432 1.5432 3.6569 2.2024 1.6968 16.9312 1.5604 0.9999
Car 0.0000 0.0000 0.0000 814.0000 200.0000 1278.0000 523.0000 1.4539 1.5559 3.6891 2.6187 1.7087 5.4008 -1.4557 0.9998
Car 0.0000 0.0000 0.0000 396.0000 177.0000 530.0000 277.0000 1.5843 1.5983 3.7634 -2.5808 1.6583 13.4095 1.5708 0.9998
Car 0.0000 0.0000 0.0000 635.0000 176.0000 686.0000 218.0000 1.5000 1.5890 3.9140 1.9722 1.6147 28.4879 1.5337 0.9989
Car 0.0000 0.0000 0.0000 462.0000 169.0000 540.0000 235.0000 1.5178 1.5949 3.6808 -2.7306 1.4257 18.7147 1.5377 0.9986
Car 0.0000 0.0000 0.0000 656.0000 177.0000 717.0000 228.0000 1.5375 1.5226 3.2014 2.4499 1.6386 23.5710 1.5400 0.9985
Car 0.0000 0.0000 0.0000 494.0000 181.0000 554.0000 230.0000 1.4580 1.5444 3.6303 -2.7719 1.7062 23.8560 1.5700 0.9972
Car 0.0000 0.0000 0.0000 546.0000 169.0000 587.0000 203.0000 2.0020 1.7602 4.4295 -2.5544 1.7486 44.7732 -1.4406 0.9969
Car 0.0000 0.0000 0.0000 525.0000 178.0000 560.0000 207.0000 1.4631 1.5844 4.2453 -3.5421 1.6926 39.1720 1.5525 0.9965
