Car 0.0000 0.0000 0.0000 209.0000 169.0000 420.0000 255.0000 1.8041 1.6662 4.0511 -6.5459 1.7154 16.1676 0.0481 0.9998
Car 0.0000 0.0000 0.0000 333.0000 171.0000 478.0000 232.0000 1.6698 1.6129 3.8550 -5.8735 1.6143 21.0640 -0.1156 0.9996
Car 0.0000 0.0000 0.0000 -144.0000 189.0000 242.0000 326.0000 1.5278 1.5453 3.7109 -6.8840 1.7432 9.0179 0.0466 0.9989
Car 0.0000 0.0000 0.0000 888.0000 162.0000 1293.0000 298.0000 1.7179 1.7274 4.5363 6.5278 1.5903 10.1778 0.0131 0.9987
Car 0.0000 0.0000 0.0000 665.0000 132.0000 765.0000 237.0000 2.5206 2.0088 5.7764 2.7502 1.5381 20.2024 1.5708 0.9979
Car 0.0000 0.0000 0.0000 -467.0000 137.0000 147.0000 374.0000 1.8619 1.6631 4.0100 -6.7823 1.5980 6.5810 0.0554 0.9969
Car 0.0000 0.0000 0.0000 636.0000 158.0000 679.0000 207.0000 2.3155 1.9384 5.4250 2.4461 1.5814 37.1442 1.5708 0.9948
Car 0.0000 0.0000 0.0000 491.0000 166.0000 558.0000 193.0000 2.0783 1.7783 5.1072 -6.8628 1.4834 58.9878 0.0919 0.9902
Car 0.0000 0.0000 0.0000 444.0000 177.0000 523.0000 207.0000 1.5621 1.6023 3.9487 -6.7615 1.7208 39.0135 0.0669 0.9792
Car 0.0000 0.0000 0.0000 427.0000 176.0000 507.0000 207.0000 1.5552 1.5605 3.6747 -7.1992 1.6629 36.6844 0.1240 0.9729
