Car 0.0000 0.0000 0.0000 433.0000 186.0000 490.0000 225.0000 1.5224 1.6022 3.5703 -6.2764 2.0840 30.9684 1.5708 0.9999
Car 0.0000 0.0000 0.0000 906.0000 187.0000 1894.0000 722.0000 1.4897 1.5597 3.4448 2.9488 1.5890 3.8235 1.5708 0.9999
Car 0.0000 0.0000 0.0000 649.0000 178.0000 690.0000 212.0000 1.5364 1.6128 3.7578 2.8337 1.7448 34.5005 1.5666 0.9997
Car 0.0000 0.0000 0.0000 -150.0000 207.0000 245.0000 387.0000 1.4415 1.5394 3.8316 -6.0073 1.8983 8.3061 1.5708 0.9995
Car 0.0000 0.0000 0.0000 462.0000 185.0000 508.0000 218.0000 1.5232 1.5875 3.7477 -6.2223 2.1166 36.3406 1.5708 0.9995
Car 0.0000 0.0000 0.0000 172.0000 199.0000 245.0000 232.0000 1.4921 1.6279 4.1756 -20.9850 2.8832 37.8822 1.5287 0.9964
Car 0.0000 0.0000 0.0000 229.0000 193.0000 292.0000 226.0000 1.5440 1.6199 4.1070 -18.3249 2.6032 38.0049 1.4910 0.9937
Car 0.0000 0.0000 0.0000 133.0000 199.0000 201.0000 231.0000 1.5068 1.6319 4.0165 -23.6699 2.9198 38.6964 1.4465 0.9937
Car 0.0000 0.0000 0.0000 556.0000 175.0000 578.0000 198.0000 1.7226 1.6968 4.2947 -3.2771 1.8088 57.3082 1.5200 0.9785
Car 0.0000 0.0000 0.0000 487.0000 183.0000 534.0000 209.0000 1.4900 1.5723 3.9328 -6.0355 2.0783 44.7558 -1.3422 0.9758
