Car 0.0000 0.0000 0.0000 784.0000 180.0000 1028.0000 265.0000 1.5111 1.6199 4.0108 5.5537 1.6443 13.8568 0.0151 0.9997
Car 0.0000 0.0000 0.0000 135.0000 185.0000 386.0000 273.0000 1.5277 1.6017 3.9896 -6.4958 1.7559 13.5828 0.0688 0.9995
Car 0.0000 0.0000 0.0000 642.0000 182.0000 689.0000 223.0000 1.4677 1.5987 4.0001 2.1402 1.7809 28.2634 1.5708 0.9995
Car 0.0000 0.0000 0.0000 313.0000 180.0000 466.0000 237.0000 1.6175 1.6289 4.1200 -6.5938 1.8249 21.8056 0.0291 0.9992
Car 0.0000 0.0000 0.0000 -149.0000 175.0000 267.0000 334.0000 1.6493 1.5896 3.6713 -6.2822 1.6846 8.4598 -0.0077 0.9991
Car 0.0000 0.0000 0.0000 29.0000 190.0000 327.0000 297.0000 1.4811 1.5504 3.7138 -6.5533 1.7613 11.1196 0.0425 0.9983
Car 0.0000 0.0000 0.0000 389.0000 177.0000 504.0000 221.0000 1.6707 1.6532 4.2215 -6.5262 1.8301 29.1400 0.0373 0.9965
Car 0.0000 0.0000 0.0000 551.0000 181.0000 578.0000 203.0000 1.5002 1.6032 3.8717 -3.1882 2.0488 52.4684 1.5708 0.9961
Car 0.0000 0.0000 0.0000 633.0000 179.0000 671.0000 211.0000 1.5419 1.6255 4.0941 2.1867 1.8108 37.5716 1.5503 0.9861
Car 0.0000 0.0000 0.0000 -494.0000 199.0000 170.0000 429.0000 1.5385 1.5881 3.7423 -5.9378 1.7797 5.8058 0.0294 0.9846
Car 0.0000 0.0000 0.0000 435.0000 183.0000 524.0000 216.0000 1.4947 1.5638 3.9426 -6.1855 1.9516 34.5419 0.0513 0.9764
Car 0.0000 0.0000 0.0000 522.0000 180.0000 544.0000 198.0000 1.4518 1.5736 3.5511 -6.2558 1.9290 60.1533 1.5338 0.9746
Car 0.0000 0.0000 0.0000 1285.0000 178.0000 2537.0000 525.0000 1.4878 1.5607 3.7482 6.4155 1.5320 4.0070 0.0751 0.9700
