Car 0.0000 0.0000 0.0000 641.0000 183.0000 714.0000 237.0000 1.4840 1.5587 3.5722 2.0077 1.7812 22.2441 1.4662 0.9999
Car 0.0000 0.0000 0.0000 568.0000 187.0000 600.0000 217.0000 1.5785 1.6319 3.5985 -1.4754 2.3454 41.0393 1.4836 0.9999
Car 0.0000 0.0000 0.0000 607.0000 181.0000 664.0000 224.0000 1.5843 1.6211 3.6479 0.9919 1.8802 29.0809 1.4119 0.9999
Car 0.0000 0.0000 0.0000 404.0000 191.0000 456.0000 240.0000 1.5052 1.5771 3.4172 -6.0746 2.1076 24.6097 1.3677 0.9998
Car 0.0000 0.0000 0.0000 764.0000 153.0000 1081.0000 377.0000 1.7924 1.6899 4.1960 2.9424 1.6500 7.9124 1.5708 0.9997
Car 0.0000 0.0000 0.0000 705.0000 184.0000 839.0000 283.0000 1.4983 1.5756 3.9019 2.7816 1.7073 13.2315 1.5708 0.9997
Car 0.0000 0.0000 0.0000 -145.0000 207.0000 23.0000 291.0000 1.5158 1.5875 3.5738 -14.8885 2.3341 16.1893 1.1991 0.9995
Car 0.0000 0.0000 0.0000 542.0000 186.0000 568.0000 209.0000 1.5515 1.6059 3.8327 -3.8394 2.3975 51.2679 1.4438 0.9990
Car 0.0000 0.0000 0.0000 442.0000 188.0000 474.0000 213.0000 1.4669 1.5913 4.1568 -9.6268 2.3804 46.0990 1.4592 0.9962
Car 0.0000 0.0000 0.0000 -418.0000 212.0000 -177.0000 301.0000 1.4920 1.5522 3.6766 -19.2660 2.4071 15.5145 1.2195 0.9946
Car 0.0000 0.0000 0.0000 595.0000 163.0000 638.0000 196.0000 2.8852 1.9315 5.9690 0.6374 1.9325 64.7465 1.2312 0.9648
