Car 0.0000 0.0000 0.0000 627.0000 178.0000 674.0000 213.0000 1.4837 1.5575 3.4744 1.8320 1.6918 32.7879 1.4618 0.9998
Car 0.0000 0.0000 0.0000 762.0000 179.0000 896.0000 235.0000 1.4361 1.5237 3.6739 6.1463 1.5937 20.5791 1.1078 0.9997
Car 0.0000 0.0000 0.0000 29.0000 177.0000 300.0000 289.0000 1.6466 1.5695 3.4223 -7.0933 1.7229 11.6362 0.0297 0.9994
Car 0.0000 0.0000 0.0000 202.0000 157.0000 432.0000 258.0000 2.0725 1.7688 4.4037 -6.4073 1.7531 16.0520 0.0202 0.9992
Car 0.0000 0.0000 0.0000 362.0000 178.0000 478.0000 222.0000 1.6228 1.6372 4.0863 -7.3789 1.8126 28.3151 0.0668 0.9980
Car 0.0000 0.0000 0.0000 611.0000 178.0000 640.0000 205.0000 1.4806 1.5849 3.9331 0.9305 1.7220 42.2788 1.5594 0.9961
Car 0.0000 0.0000 0.0000 132.0000 182.0000 356.0000 270.0000 1.5616 1.5374 3.5137 -6.8970 1.7336 13.7067 0.0850 0.9950
Car 0.0000 0.0000 0.0000 652.0000 168.0000 699.0000 185.0000 1.4931 1.6210 4.0571 6.0211 0.9522 64.5669 0.1492 0.9899
Car 0.0000 0.0000 0.0000 408.0000 179.0000 490.0000 211.0000 1.5436 1.5238 3.6621 -7.8037 1.7864 35.2652 0.0727 0.9859
Car 0.0000 0.0000 0.0000 455.0000 173.0000 516.0000 200.0000 1.8577 1.7007 3.9557 -8.6425 1.7819 50.6889 0.0777 0.9815
Car 0.0000 0.0000 0.0000 314.0000 182.0000 445.0000 230.0000 1.4860 1.6114 3.7637 -7.5276 1.7707 23.7014 0.1457 0.9801
