Car 0.0000 0.0000 0.0000 296.0000 195.0000 455.0000 298.0000 1.4411 1.5646 3.5033 -3.8844 1.8497 12.4465 1.5708 0.9999
Car 0.0000 0.0000 0.0000 -450.0000 198.0000 344.0000 595.0000 1.5475 1.7205 4.4020 -3.6614 1.7841 5.2345 1.5708 0.9998
Car 0.0000 0.0000 0.0000 787.0000 153.0000 944.0000 216.0000 1.9158 1.7601 4.4550 8.2243 1.2955 23.3795 -0.0045 0.9995
Car 0.0000 0.0000 0.0000 651.0000 183.0000 704.0000 225.0000 1.4620 1.5696 3.9382 2.5175 1.8034 27.2822 1.5649 0.9994
Car 0.0000 0.0000 0.0000 814.0000 164.0000 987.0000 223.0000 1.5563 1.6503 4.1797 8.0734 1.3190 20.2444 0.0482 0.9992
Car 0.0000 0.0000 0.0000 475.0000 187.0000 516.0000 214.0000 1.5059 1.5889 3.9321 -6.6995 2.2873 42.8540 1.5708 0.9990
Car 0.0000 0.0000 0.0000 430.0000 184.0000 483.0000 221.0000 1.4817 1.5698 3.8149 -6.6365 1.9542 31.6094 1.5612 0.9987
Car 0.0000 0.0000 0.0000 744.0000 168.0000 855.0000 212.0000 1.6860 1.6465 4.1361 7.7305 1.4897 29.5203 0.0363 0.9976
Car 0.0000 0.0000 0.0000 1075.0000 144.0000 1223.0000 194.0000 1.9421 1.7824 4.6398 22.0206 0.7837 29.5060 0.0344 0.9906
Car 0.0000 0.0000 0.0000 687.0000 173.0000 713.0000 193.0000 1.5082 1.6021 3.9712 7.2156 1.4161 56.3885 -1.3414 0.9840
Car 0.0000 0.0000 0.0000 337.0000 192.0000 426.0000 253.0000 1.4735 1.5647 4.0906 -6.3493 2.0150 20.4207 1.4820 0.9675
