Car 0.0000 0.0000 0.0000 380.0000 165.0000 500.0000 213.0000 1.7142 1.6348 4.1237 -6.3509 1.4286 27.1933 0.0227 0.9995
Car 0.0000 0.0000 0.0000 249.0000 180.0000 434.0000 250.0000 1.5882 1.5805 3.8581 -6.3982 1.7540 17.3393 0.0695 0.9994
Car 0.0000 0.0000 0.0000 118.0000 162.0000 377.0000 278.0000 1.9006 1.6573 3.7752 -6.3104 1.7271 12.7148 0.0871 0.9994
Car 0.0000 0.0000 0.0000 829.0000 150.0000 914.0000 203.0000 2.0688 1.8648 4.8050 11.1455 1.1445 30.9343 1.5685 0.9992
Car 0.0000 0.0000 0.0000 897.0000 163.0000 962.0000 201.0000 1.5481 1.6422 3.8339 13.9706 1.1199 31.5896 -1.4258 0.9991
Car 0.0000 0.0000 0.0000 334.0000 179.0000 471.0000 230.0000 1.4940 1.5438 3.7349 -6.3410 1.6631 22.2448 0.0532 0.9991
Car 0.0000 0.0000 0.0000 433.0000 175.0000 520.0000 209.0000 1.5147 1.5504 3.6934 -6.0929 1.5705 33.3164 0.0514 0.9960
Car 0.0000 0.0000 0.0000 355.0000 172.0000 469.0000 222.0000 1.6870 1.5601 3.4914 -6.8363 1.6282 25.0737 0.0975 0.9957
Car 0.0000 0.0000 0.0000 446.0000 171.0000 533.0000 204.0000 1.5620 1.5960 3.9570 -5.9374 1.4614 35.9696 0.1232 0.9939
Car 0.0000 0.0000 0.0000 531.0000 165.0000 566.0000 190.0000 1.6988 1.7079 4.4752 -4.2082 1.1119 50.9852 1.5708 0.9718
Car 0.0000 0.0000 0.0000 654.0000 163.0000 745.0000 203.0000 1.8935 1.7279 4.3521 4.4429 1.3998 35.4909 0.1322 0.9693
Car 0.0000 0.0000 0.0000 776.0000 163.0000 802.0000 184.0000 1.4788 1.5784 3.6059 13.4941 0.7366 53.7283 -1.2586 0.9630
