Car 0.0000 0.0000 0.0000 678.0000 180.0000 761.0000 244.0000 1.5430 1.6166 3.9319 2.8782 1.7229 19.6139 1.5601 0.9999
Car 0.0000 0.0000 0.0000 259.0000 194.0000 393.0000 275.0000 1.5155 1.5819 3.5238 -6.1513 2.0019 15.9781 1.5708 0.9998
Car 0.0000 0.0000 0.0000 429.0000 184.0000 490.0000 227.0000 1.6345 1.6663 3.9554 -6.1385 2.0608 29.8587 1.5708 0.9998
Car 0.0000 0.0000 0.0000 358.0000 191.0000 451.0000 248.0000 1.5077 1.5762 3.9939 -6.0716 2.0477 21.7327 1.5708 0.9991
Car 0.0000 0.0000 0.0000 463.0000 184.0000 511.0000 217.0000 1.5386 1.5955 4.1572 -6.1390 2.0653 36.7011 1.5708 0.9967
Car 0.0000 0.0000 0.0000 -136.0000 193.0000 11.0000 246.0000 1.4448 1.5959 3.3802 -20.8887 2.0942 22.5326 1.5116 0.9967
Car 0.0000 0.0000 0.0000 525.0000 181.0000 552.0000 199.0000 1.4752 1.5936 3.9691 -6.0255 2.1084 62.2970 -1.4718 0.9926
Car 0.0000 0.0000 0.0000 -269.0000 205.0000 -100.0000 262.0000 1.5482 1.6384 3.7920 -25.9711 2.6599 23.7023 1.4575 0.9924
Car 0.0000 0.0000 0.0000 790.0000 173.0000 861.0000 200.0000 1.7305 1.6868 4.3056 14.5286 1.6766 48.4230 0.0564 0.9915
Car 0.0000 0.0000 0.0000 1156.0000 146.0000 1301.0000 198.0000 1.9235 1.8337 4.5040 24.7456 0.8897 29.0033 1.5299 0.9903
Car 0.0000 0.0000 0.0000 811.0000 160.0000 861.0000 179.0000 1.5707 1.6417 3.9280 20.1946 0.3778 64.0054 0.0384 0.9886
Car 0.0000 0.0000 0.0000 563.0000 182.0000 585.0000 198.0000 1.4698 1.5855 3.9152 -3.1722 2.1837 66.2350 1.5708 0.9870
Car 0.0000 0.0000 0.0000 -187.0000 202.0000 -31.0000 257.0000 1.5228 1.5844 3.9393 -23.5536 2.5071 23.7751 1.4391 0.9854
Car 0.0000 0.0000 0.0000 949.0000 157.0000 1017.0000 178.0000 1.6228 1.6966 4.3340 29.0762 0.3123 55.9781 0.0350 0.9846
Car 0.0000 0.0000 0.0000 630.0000 179.0000 648.0000 195.0000 1.4814 1.6120 4.0981 2.9622 1.9523 68.7529 1.5708 0.9844
Car 0.0000 0.0000 0.0000 1306.0000 158.0000 1410.0000 193.0000 1.4897 1.6210 3.8786 33.7784 0.8230 32.5888 -1.2519 0.9771
Car 0.0000 0.0000 0.0000 1267.0000 135.0000 1414.0000 180.0000 1.7253 1.6949 3.9857 29.3915 0.2286 29.0140 0.0852 0.9763
Car 0.0000 0.0000 0.0000 -411.0000 213.0000 -298.0000 266.0000 1.5271 1.5580 3.5246 -31.5689 2.8586 23.5308 0.4434 0.9609
