Car 0.0000 0.0000 0.0000 279.0000 188.0000 418.0000 271.0000 1.4360 1.5503 3.8084 -5.2512 1.7634 14.9165 1.5565 0.9998
Car 0.0000 0.0000 0.0000 656.0000 172.0000 689.0000 203.0000 1.5472 1.6427 3.7016 3.4407 1.4487 38.2635 -1.4570 0.9997
Car 0.0000 0.0000 0.0000 87.0000 191.0000 268.0000 274.0000 1.4974 1.6116 4.1363 -9.2556 1.9132 15.8194 1.5386 0.9996
Car 0.0000 0.0000 0.0000 623.0000 173.0000 650.0000 200.0000 1.7418 1.6937 3.8275 1.8057 1.6685 47.1443 1.5708 0.9994
Car 0.0000 0.0000 0.0000 -261.0000 196.0000 126.0000 341.0000 1.5020 1.6161 4.2463 -9.0503 1.8752 10.1895 1.5343 0.9981
Car 0.0000 0.0000 0.0000 679.0000 172.0000 704.0000 197.0000 1.6122 1.6161 3.7085 5.6866 1.5185 49.6563 -1.4703 0.9978
Car 0.0000 0.0000 0.0000 229.0000 185.0000 349.0000 238.0000 1.4870 1.5756 3.8739 -10.0130 1.8677 22.8103 -1.3883 0.9971
Car 0.0000 0.0000 0.0000 1196.0000 132.0000 1381.0000 186.0000 1.5072 1.6175 3.8437 19.9891 0.3347 21.3139 0.0345 0.9957
Car 0.0000 0.0000 0.0000 1132.0000 142.0000 1294.0000 194.0000 1.6258 1.6242 3.8375 19.7076 0.6312 23.6276 0.0794 0.9856
Car 0.0000 0.0000 0.0000 -324.0000 196.0000 9.0000 307.0000 1.4060 1.5237 3.9116 -12.1948 1.8245 11.8398 1.4986 0.9835
Car 0.0000 0.0000 0.0000 898.0000 153.0000 987.0000 183.0000 1.5619 1.6522 4.0650 18.3452 0.4712 39.6928 0.0501 0.9675
