Car 0.0000 0.0000 0.0000 446.0000 187.0000 498.0000 224.0000 1.5660 1.6226 3.7752 -6.2683 2.1702 33.2560 1.5708 0.9999
Car 0.0000 0.0000 0.0000 836.0000 187.0000 1232.0000 447.0000 1.4580 1.5624 3.5011 2.9824 1.5917 5.9745 -1.4405 0.9999
Car 0.0000 0.0000 0.0000 646.0000 175.0000 684.0000 207.0000 1.5492 1.6135 3.6570 2.8041 1.6222 36.7297 1.5638 0.9998
Car 0.0000 0.0000 0.0000 41.0000 201.0000 307.0000 336.0000 1.5017 1.6084 3.7504 -6.0659 1.9562 10.5370 1.5708 0.9997
Car 0.0000 0.0000 0.0000 469.0000 189.0000 512.0000 218.0000 1.4437 1.5511 3.4958 -6.2766 2.2504 38.4572 1.5708 0.9994
Car 0.0000 0.0000 0.0000 197.0000 193.0000 265.0000 225.0000 1.5843 1.7499 4.3460 -21.0235 2.7153 40.2380 1.4971 0.9989
Car 0.0000 0.0000 0.0000 250.0000 194.0000 311.0000 225.0000 1.5759 1.6768 4.4359 -18.2848 2.7205 40.2973 1.4903 0.9984
Car 0.0000 0.0000 0.0000 158.0000 197.0000 219.0000 228.0000 1.5035 1.6176 4.2349 -23.7857 2.8834 40.8649 1.3957 0.9963
Car 0.0000 0.0000 0.0000 532.0000 185.0000 555.0000 203.0000 1.5517 1.6097 3.9970 -5.7008 2.5151 63.6527 1.5708 0.9957
Car 0.0000 0.0000 0.0000 119.0000 200.0000 172.0000 231.0000 1.5326 1.6490 4.0047 -26.2821 3.0592 40.9521 1.2376 0.9729
Car 0.0000 0.0000 0.0000 508.0000 184.0000 536.0000 206.0000 1.4576 1.6326 4.1405 -6.0879 2.1839 50.8300 1.5389 0.9709
