Car 0.0000 0.0000 0.0000 738.0000 194.0000 984.0000 359.0000 1.4559 1.5691 3.7893 2.6811 1.7433 8.6789 1.5562 0.9999
Car 0.0000 0.0000 0.0000 667.0000 178.0000 751.0000 248.0000 1.6980 1.6891 3.8881 2.5900 1.8295 19.5923 1.5634 0.9999
Car 0.0000 0.0000 0.0000 82.0000 164.0000 370.0000 286.0000 1.8540 1.6413 3.9250 -6.2508 1.7331 11.9386 0.0468 0.9999
Car 0.0000 0.0000 0.0000 298.0000 182.0000 457.0000 244.0000 1.5919 1.5785 3.8512 -6.3125 1.8433 19.8004 0.0534 0.9997
Car 0.0000 0.0000 0.0000 643.0000 180.0000 682.0000 215.0000 1.5984 1.6141 3.6293 2.5229 1.8894 34.6955 1.5708 0.9994
Car 0.0000 0.0000 0.0000 653.0000 184.0000 713.0000 230.0000 1.4629 1.5790 4.2471 2.5398 1.8312 25.6232 1.5461 0.9992
Car 0.0000 0.0000 0.0000 -329.0000 191.0000 213.0000 373.0000 1.5276 1.6404 4.1326 -6.4625 1.7251 7.1577 0.1039 0.9988
Car 0.0000 0.0000 0.0000 365.0000 184.0000 483.0000 230.0000 1.7268 1.6860 4.2848 -7.4068 2.1706 28.9711 0.0474 0.9987
Car 0.0000 0.0000 0.0000 251.0000 189.0000 433.0000 257.0000 1.4980 1.5526 3.7304 -6.2814 1.8791 17.0711 0.0832 0.9980
Car 0.0000 0.0000 0.0000 437.0000 177.0000 514.0000 212.0000 1.7884 1.6275 3.7852 -7.0563 1.9862 38.2404 0.0282 0.9950
Car 0.0000 0.0000 0.0000 193.0000 190.0000 404.0000 271.0000 1.5171 1.5520 3.6476 -6.2552 1.8677 14.6136 0.1020 0.9936
Car 0.0000 0.0000 0.0000 481.0000 183.0000 547.0000 208.0000 1.5677 1.6396 3.9409 -6.0367 2.1491 46.0645 0.1118 0.9890
Car 0.0000 0.0000 0.0000 632.0000 181.0000 657.0000 204.0000 1.4638 1.5753 3.9135 2.3784 1.9597 48.6251 1.5708 0.9889
