Car 0.0000 0.0000 0.0000 319.0000 180.0000 475.0000 239.0000 1.5266 1.6018 3.8094 -5.8191 1.7126 19.8741 0.1587 0.9996
Car 0.0000 0.0000 0.0000 351.0000 182.0000 489.0000 233.0000 1.4974 1.5598 3.8202 -5.7927 1.7551 22.2300 0.0625 0.9995
Car 0.0000 0.0000 0.0000 173.0000 169.0000 411.0000 269.0000 1.7837 1.6600 3.8777 -6.0521 1.7160 13.8817 0.1040 0.9995
Car 0.0000 0.0000 0.0000 996.0000 148.0000 1208.0000 248.0000 2.0382 1.8423 4.6733 11.3575 1.5309 17.1131 1.5708 0.9992
Car 0.0000 0.0000 0.0000 53.0000 181.0000 326.0000 291.0000 1.5735 1.5450 3.4239 -6.5333 1.7089 11.3949 0.0037 0.9992
Car 0.0000 0.0000 0.0000 477.0000 177.0000 560.0000 207.0000 1.5160 1.6175 4.1617 -4.7584 1.7236 38.2482 0.0672 0.9989
Car 0.0000 0.0000 0.0000 -131.0000 195.0000 294.0000 338.0000 1.5127 1.6222 4.0687 -6.2420 1.7981 8.7097 0.0681 0.9986
Car 0.0000 0.0000 0.0000 668.0000 173.0000 758.0000 208.0000 1.5768 1.6595 4.0756 4.8087 1.5615 33.7906 0.0886 0.9980
Car 0.0000 0.0000 0.0000 951.0000 156.0000 1054.0000 205.0000 1.5712 1.6159 3.7811 13.8444 1.0128 25.5676 1.5708 0.9973
Car 0.0000 0.0000 0.0000 879.0000 171.0000 914.0000 193.0000 1.5073 1.6061 3.6808 21.1486 1.3188 52.9925 -1.4052 0.9957
Car 0.0000 0.0000 0.0000 1082.0000 168.0000 1278.0000 239.0000 1.5575 1.6414 4.1148 13.9975 1.4422 18.0093 1.5708 0.9955
Car 0.0000 0.0000 0.0000 257.0000 180.0000 425.0000 249.0000 1.5090 1.5041 3.3805 -6.2638 1.6779 16.9078 0.1244 0.9927
Car 0.0000 0.0000 0.0000 -1323.0000 186.0000 -95.0000 599.0000 1.5555 1.5673 3.6237 -6.1187 1.6434 3.6219 0.0580 0.9874
Car 0.0000 0.0000 0.0000 533.0000 169.0000 564.0000 195.0000 1.6792 1.7587 4.4423 -4.1007 1.3716 49.8734 1.5679 0.9780
Car 0.0000 0.0000 0.0000 142.0000 170.0000 260.0000 209.0000 1.5429 1.6336 4.0567 -17.1117 1.4068 30.2909 0.0413 0.9755
Car 0.0000 0.0000 0.0000 717.0000 154.0000 740.0000 174.0000 1.5302 1.5892 3.9017 9.7969 -0.0095 58.9136 -1.4672 0.9727
Car 0.0000 0.0000 0.0000 658.0000 172.0000 690.0000 201.0000 1.4715 1.5620 3.8912 3.4345 1.3707 38.1758 1.5708 0.9650
