Car 0.0000 0.0000 0.0000 704.0000 179.0000 822.0000 264.0000 1.4600 1.5823 4.1357 2.9118 1.5729 14.5521 1.5708 0.9999
Car 0.0000 0.0000 0.0000 865.0000 171.0000 1772.0000 651.0000 1.5707 1.6365 3.8365 2.9633 1.5836 4.2836 1.5708 0.9998
Car 0.0000 0.0000 0.0000 86.0000 197.0000 260.0000 259.0000 1.5273 1.5895 3.7812 -11.7896 2.2054 19.5854 0.0198 0.9997
Car 0.0000 0.0000 0.0000 -126.0000 195.0000 67.0000 260.0000 1.6503 1.6325 3.9692 -17.3370 2.2511 19.5962 0.0609 0.9996
Car 0.0000 0.0000 0.0000 693.0000 179.0000 772.0000 241.0000 1.5060 1.5662 3.5488 3.1793 1.6421 19.2846 1.5708 0.9996
Car 0.0000 0.0000 0.0000 661.0000 178.0000 702.0000 213.0000 1.4835 1.5840 3.8453 3.2454 1.6821 32.8120 1.5708 0.9993
Car 0.0000 0.0000 0.0000 434.0000 185.0000 488.0000 218.0000 1.4731 1.5784 3.8443 -7.0919 2.0377 34.8493 1.5708 0.9988
Car 0.0000 0.0000 0.0000 457.0000 184.0000 498.0000 213.0000 1.5048 1.5988 3.8736 -7.3028 2.0888 40.1943 1.5658 0.9977
Car 0.0000 0.0000 0.0000 603.0000 178.0000 629.0000 203.0000 1.4718 1.6082 3.7901 0.4589 1.7563 45.4255 1.5708 0.9973
Car 0.0000 0.0000 0.0000 652.0000 178.0000 688.0000 208.0000 1.5375 1.6169 3.9619 3.3145 1.7474 38.4055 -1.4192 0.9835
