Car 0.0000 0.0000 0.0000 421.0000 186.0000 510.0000 249.0000 1.5451 1.7134 4.1796 -3.9794 1.9226 20.4442 1.5638 0.9999
Car 0.0000 0.0000 0.0000 481.0000 186.0000 530.0000 224.0000 1.4530 1.5452 3.6790 -4.3019 1.9816 30.3166 1.5708 0.9997
Car 0.0000 0.0000 0.0000 629.0000 178.0000 662.0000 209.0000 1.6182 1.6738 4.0838 1.9908 1.8285 39.9725 1.5708 0.9995
Car 0.0000 0.0000 0.0000 276.0000 192.0000 391.0000 260.0000 1.4684 1.5540 3.6959 -6.9132 1.9680 18.3507 1.5540 0.9995
Car 0.0000 0.0000 0.0000 -345.0000 196.0000 177.0000 422.0000 1.6357 1.6981 3.9033 -6.5723 1.9191 7.5007 1.5678 0.9992
Car 0.0000 0.0000 0.0000 727.0000 169.0000 831.0000 205.0000 1.5784 1.6728 4.3564 7.7221 1.3781 32.9203 0.0307 0.9985
Car 0.0000 0.0000 0.0000 718.0000 155.0000 808.0000 189.0000 1.6239 1.6482 4.1427 7.6940 0.7086 36.1087 -0.0018 0.9978
Car 0.0000 0.0000 0.0000 469.0000 177.0000 489.0000 194.0000 1.5160 1.6063 3.7481 -11.8112 1.7756 65.8256 1.4572 0.9952
Car 0.0000 0.0000 0.0000 927.0000 153.0000 1017.0000 182.0000 1.6461 1.7356 4.3977 21.2948 0.4516 42.3440 0.0398 0.9920
Car 0.0000 0.0000 0.0000 1303.0000 145.0000 1566.0000 228.0000 1.6137 1.6388 3.9498 17.9502 1.0640 15.9953 -1.4261 0.9898
Car 0.0000 0.0000 0.0000 385.0000 176.0000 408.0000 195.0000 1.5069 1.5968 3.8185 -18.3969 1.7337 62.6198 1.3760 0.9818
