Car 0.0000 0.0000 0.0000 762.0000 183.0000 909.0000 282.0000 1.4767 1.5837 3.7001 3.8241 1.6547 12.8524 1.5708 0.9999
Car 0.0000 0.0000 0.0000 854.0000 188.0000 1233.0000 400.0000 1.5034 1.6001 3.8448 3.8143 1.6792 7.2378 1.5708 0.9999
Car 0.0000 0.0000 0.0000 228.0000 194.0000 413.0000 302.0000 1.4613 1.5804 3.8231 -4.6779 1.8374 12.1787 1.5708 0.9999
Car 0.0000 0.0000 0.0000 516.0000 181.0000 558.0000 211.0000 1.5040 1.5577 3.3240 -3.8784 1.9090 39.0729 -1.4425 0.9998
Car 0.0000 0.0000 0.0000 366.0000 188.0000 474.0000 259.0000 1.5098 1.5950 3.7273 -4.5737 1.8785 17.8010 1.5708 0.9998
Car 0.0000 0.0000 0.0000 714.0000 181.0000 812.0000 248.0000 1.4713 1.5889 4.1323 3.7153 1.6503 18.0924 1.5708 0.9996
Car 0.0000 0.0000 0.0000 430.0000 183.0000 507.0000 234.0000 1.4531 1.5877 4.2671 -4.4452 1.7764 23.2966 1.5708 0.9995
Car 0.0000 0.0000 0.0000 692.0000 178.0000 745.0000 218.0000 1.4868 1.5653 3.6098 4.2837 1.6633 28.6629 1.5708 0.9990
Car 0.0000 0.0000 0.0000 698.0000 179.0000 764.0000 231.0000 1.5162 1.5740 3.7666 3.8131 1.6888 23.1006 1.5708 0.9986
Car 0.0000 0.0000 0.0000 1172.0000 198.0000 9624.0000 3858.0000 1.5498 1.5738 3.4667 3.7754 1.6736 2.0790 1.5406 0.9962
Car 0.0000 0.0000 0.0000 532.0000 177.0000 568.0000 205.0000 1.5809 1.6579 3.9862 -3.5396 1.7958 43.7988 1.5708 0.9844
