Car 0.0000 0.0000 0.0000 585.0000 177.0000 643.0000 230.0000 1.4933 1.6095 3.4605 0.1223 1.5889 22.1933 1.5708 0.9999
Car 0.0000 0.0000 0.0000 164.0000 177.0000 259.0000 219.0000 1.4856 1.5669 3.5065 -15.0072 1.5956 27.3528 1.5708 0.9998
Car 0.0000 0.0000 0.0000 401.0000 182.0000 538.0000 279.0000 1.4447 1.5801 3.8116 -2.3412 1.5996 12.8308 1.5708 0.9998
Car 0.0000 0.0000 0.0000 466.0000 172.0000 551.0000 241.0000 1.5508 1.6192 3.7441 -2.4513 1.5200 18.1348 1.5694 0.9996
Car 0.0000 0.0000 0.0000 706.0000 181.0000 836.0000 276.0000 1.4479 1.5774 4.0862 2.7451 1.5827 13.1818 1.5708 0.9996
Car 0.0000 0.0000 0.0000 687.0000 177.0000 766.0000 241.0000 1.5237 1.5830 3.5165 3.0260 1.6271 19.2659 1.5708 0.9995
Car 0.0000 0.0000 0.0000 755.0000 182.0000 1003.0000 354.0000 1.5409 1.5785 3.5622 2.7972 1.6560 8.3704 1.5708 0.9995
Car 0.0000 0.0000 0.0000 642.0000 176.0000 677.0000 206.0000 1.4672 1.5803 3.5448 2.5741 1.5893 37.1952 1.5708 0.9989
Car 0.0000 0.0000 0.0000 231.0000 183.0000 401.0000 260.0000 1.4293 1.5453 3.6415 -6.2417 1.6322 15.1263 0.5966 0.9980
Car 0.0000 0.0000 0.0000 486.0000 170.0000 555.0000 222.0000 1.5109 1.5873 3.7331 -2.7403 1.4182 22.9626 1.5708 0.9954
Car 0.0000 0.0000 0.0000 -94.0000 192.0000 243.0000 396.0000 1.5095 1.6130 3.8702 -5.5287 1.7044 7.2233 0.6212 0.9951
Car 0.0000 0.0000 0.0000 550.0000 174.0000 581.0000 198.0000 1.4667 1.5774 3.8926 -2.7076 1.4969 46.0708 1.5708 0.9935
Car 0.0000 0.0000 0.0000 -468.0000 124.0000 77.0000 333.0000 1.9211 1.8070 4.5273 -9.2236 1.4835 8.9762 1.5534 0.9865
Car 0.0000 0.0000 0.0000 392.0000 177.0000 480.0000 225.0000 1.5473 1.5666 3.8198 -6.0995 1.6661 25.0498 0.9314 0.9859
Car 0.0000 0.0000 0.0000 591.0000 176.0000 628.0000 211.0000 1.5655 1.6246 3.7130 0.0263 1.6566 33.6385 1.5708 0.9855
Car 0.0000 0.0000 0.0000 377.0000 178.0000 409.0000 200.0000 1.5164 1.6180 3.9530 -15.6234 1.8119 52.2926 1.4389 0.9808
