Car 0.0000 0.0000 0.0000 479.0000 186.0000 532.0000 224.0000 1.6077 1.6968 3.7821 -4.7395 2.1877 33.3423 1.5708 0.9999
Car 0.0000 0.0000 0.0000 702.0000 186.0000 800.0000 257.0000 1.5102 1.6142 3.9563 3.3270 1.8207 17.6888 1.5677 0.9999
Car 0.0000 0.0000 0.0000 685.0000 184.0000 747.0000 236.0000 1.5079 1.6180 4.1717 3.3719 1.8546 23.4302 1.5708 0.9998
Car 0.0000 0.0000 0.0000 665.0000 181.0000 690.0000 205.0000 1.6195 1.6802 4.2776 4.9924 2.1506 51.7904 -1.4534 0.9995
Car 0.0000 0.0000 0.0000 -2093.0000 235.0000 51.0000 1128.0000 1.4919 1.6022 3.6922 -4.7960 1.9265 3.3324 1.5146 0.9994
Car 0.0000 0.0000 0.0000 504.0000 183.0000 545.0000 215.0000 1.5559 1.6408 4.1123 -4.4608 2.0771 38.5676 1.5708 0.9991
Car 0.0000 0.0000 0.0000 -209.0000 198.0000 -52.0000 248.0000 1.6040 1.6038 3.7754 -25.4140 2.4676 24.7664 0.0178 0.9989
Car 0.0000 0.0000 0.0000 1019.0000 172.0000 1219.0000 245.0000 1.4977 1.5453 3.5765 11.5698 1.4842 16.5244 0.6500 0.9924
Car 0.0000 0.0000 0.0000 1083.0000 216.0000 10311.0000 3833.0000 1.4494 1.5596 3.9963 3.5954 1.6944 2.3256 1.5708 0.9854
Car 0.0000 0.0000 0.0000 277.0000 177.0000 336.0000 208.0000 1.5362 1.6792 4.1872 -16.2659 1.7285 38.9307 1.4995 0.9850
Car 0.0000 0.0000 0.0000 224.0000 189.0000 270.0000 213.0000 1.7954 1.8208 4.4518 -29.2693 3.0160 58.3943 1.4624 0.9814
Car 0.0000 0.0000 0.0000 535.0000 184.0000 569.0000 208.0000 1.4965 1.5975 4.0316 -3.7732 2.1639 48.1762 -1.4733 0.9652
