Car 0.0000 0.0000 0.0000 771.0000 182.0000 917.0000 282.0000 1.5504 1.5795 3.3848 4.0686 1.7113 13.0741 1.5708 1.0000
Car 0.0000 0.0000 0.0000 443.0000 184.0000 545.0000 248.0000 1.5125 1.6482 3.8445 -2.9932 1.7986 19.3691 -1.4388 0.9999
Car 0.0000 0.0000 0.0000 20.0000 194.0000 398.0000 406.0000 1.5190 1.6050 3.7929 -3.6459 1.7694 7.3523 1.5708 0.9999
Car 0.0000 0.0000 0.0000 736.0000 181.0000 830.0000 246.0000 1.4847 1.5850 3.6939 4.3053 1.6631 18.4122 1.5708 0.9998
Car 0.0000 0.0000 0.0000 502.0000 180.0000 560.0000 232.0000 1.6499 1.6287 3.5871 -2.6393 1.8571 24.8490 1.5700 0.9995
Car 0.0000 0.0000 0.0000 531.0000 179.0000 582.0000 219.0000 1.6371 1.6795 4.2837 -2.2925 1.8826 32.4067 1.5708 0.9994
Car 0.0000 0.0000 0.0000 580.0000 182.0000 616.0000 212.0000 1.5294 1.5925 3.7170 -0.5435 1.9734 39.2637 -1.4757 0.9993
Car 0.0000 0.0000 0.0000 664.0000 177.0000 712.0000 200.0000 1.5029 1.6514 4.0652 5.4550 1.7173 49.2314 -1.0093 0.9988
Car 0.0000 0.0000 0.0000 -9447.0000 -3483.0000 1680.0000 561.0000 1.4904 1.5563 3.4319 3.7557 1.6498 1.3821 1.5708 0.9982
Car 0.0000 0.0000 0.0000 711.0000 179.0000 780.0000 226.0000 1.5013 1.6137 4.2470 4.6603 1.6892 25.1949 1.5708 0.9921
Car 0.0000 0.0000 0.0000 712.0000 178.0000 752.0000 214.0000 1.5052 1.5902 3.7800 5.6325 1.7155 32.6369 -1.3553 0.9893
Car 0.0000 0.0000 0.0000 811.0000 171.0000 832.0000 189.0000 1.5394 1.5813 3.5880 19.4777 1.3097 65.7897 -1.2110 0.9679
