Car 0.0000 0.0000 0.0000 678.0000 178.0000 736.0000 222.0000 1.4842 1.5877 3.7797 3.5059 1.6376 26.3655 1.5698 0.9998
Car 0.0000 0.0000 0.0000 570.0000 173.0000 628.0000 223.0000 1.5182 1.6684 3.7810 -0.2634 1.4962 23.5871 1.5708 0.9996
Car 0.0000 0.0000 0.0000 795.0000 184.0000 1076.0000 346.0000 1.5027 1.6154 4.2795 3.6265 1.6538 8.9953 1.5708 0.9995
Car 0.0000 0.0000 0.0000 394.0000 179.0000 512.0000 228.0000 1.4459 1.5625 3.5637 -5.0069 1.6129 22.9437 0.5416 0.9994
Car 0.0000 0.0000 0.0000 315.0000 185.0000 460.0000 257.0000 1.5060 1.5687 3.6877 -5.3496 1.7869 17.0996 0.7193 0.9993
Car 0.0000 0.0000 0.0000 86.0000 188.0000 357.0000 334.0000 1.4780 1.5881 3.5235 -4.9998 1.6745 9.0836 0.6114 0.9992
Car 0.0000 0.0000 0.0000 645.0000 171.0000 678.0000 203.0000 1.9154 1.7629 4.8735 3.3903 1.7849 46.9150 1.5673 0.9991
Car 0.0000 0.0000 0.0000 591.0000 168.0000 628.0000 204.0000 1.5821 1.6364 3.8083 0.0810 1.3556 34.0551 1.5708 0.9981
Car 0.0000 0.0000 0.0000 -82.0000 175.0000 98.0000 241.0000 1.4636 1.5296 3.5906 -14.8124 1.5011 17.9580 1.5619 0.9981
Car 0.0000 0.0000 0.0000 483.0000 176.0000 557.0000 204.0000 1.4605 1.5754 3.6662 -4.8188 1.6141 38.9542 0.3479 0.9978
Car 0.0000 0.0000 0.0000 -978.0000 128.0000 -53.0000 431.0000 1.8276 1.6671 4.2516 -8.8521 1.5714 6.4919 1.5708 0.9966
Car 0.0000 0.0000 0.0000 -125.0000 199.0000 248.0000 472.0000 1.4223 1.6201 3.9955 -4.7079 1.6736 5.8849 0.7063 0.9961
Car 0.0000 0.0000 0.0000 281.0000 173.0000 376.0000 224.0000 1.4949 1.5971 4.0971 -9.0623 1.5016 23.5632 1.5509 0.9946
Car 0.0000 0.0000 0.0000 171.0000 177.0000 280.0000 219.0000 1.5397 1.6285 4.0895 -14.8843 1.6601 28.1875 -1.4207 0.9929
Car 0.0000 0.0000 0.0000 411.0000 173.0000 444.0000 195.0000 1.6873 1.7204 4.1601 -14.4502 1.6626 57.7346 1.5348 0.9899
Car 0.0000 0.0000 0.0000 568.0000 174.0000 594.0000 193.0000 1.4750 1.5864 3.8681 -2.2366 1.5047 59.2885 -1.4802 0.9894
Car 0.0000 0.0000 0.0000 478.0000 166.0000 512.0000 192.0000 1.8494 1.7715 4.3211 -8.6824 1.2941 55.1921 1.5708 0.9880
Car 0.0000 0.0000 0.0000 -70.0000 188.0000 194.0000 292.0000 1.4302 1.5142 3.7757 -8.9782 1.7008 12.1927 1.5708 0.9685
