Car 0.0000 0.0000 0.0000 372.0000 187.0000 463.0000 249.0000 1.5319 1.6213 3.9400 -5.3108 1.9262 20.3131 1.5369 0.9999
Car 0.0000 0.0000 0.0000 815.0000 163.0000 1177.0000 278.0000 1.5423 1.6547 4.4855 5.5321 1.4152 10.7395 0.0109 0.9995
Car 0.0000 0.0000 0.0000 788.0000 156.0000 913.0000 198.0000 1.5927 1.6953 4.4747 9.7099 0.9139 29.1636 0.0342 0.9994
Car 0.0000 0.0000 0.0000 471.0000 179.0000 553.0000 242.0000 1.7282 1.8119 4.3558 -2.8580 1.8815 22.0366 1.5708 0.9994
Car 0.0000 0.0000 0.0000 651.0000 175.0000 686.0000 206.0000 1.5437 1.6365 4.0160 3.1383 1.6218 38.2662 1.5708 0.9992
Car 0.0000 0.0000 0.0000 1164.0000 147.0000 1324.0000 194.0000 1.5322 1.6006 3.9951 21.8812 0.6705 24.9294 0.0488 0.9992
Car 0.0000 0.0000 0.0000 593.0000 179.0000 623.0000 202.0000 1.5451 1.6796 3.7596 -0.0085 1.8767 49.9038 -1.4618 0.9989
Car 0.0000 0.0000 0.0000 423.0000 185.0000 492.0000 233.0000 1.5928 1.6391 4.3737 -5.5044 2.0200 26.5469 1.5648 0.9960
Car 0.0000 0.0000 0.0000 1118.0000 145.0000 1266.0000 189.0000 1.5612 1.6808 4.0409 21.9668 0.5404 27.2549 0.1238 0.9909
Car 0.0000 0.0000 0.0000 866.0000 153.0000 945.0000 181.0000 1.5525 1.6485 4.0391 17.4048 0.3936 42.4310 0.1836 0.9882
Car 0.0000 0.0000 0.0000 1078.0000 152.0000 1209.0000 191.0000 1.5369 1.6673 4.0387 21.9375 0.6799 29.6947 0.1005 0.9876
Car 0.0000 0.0000 0.0000 977.0000 155.0000 1041.0000 185.0000 1.5362 1.6349 3.9412 21.6873 0.5796 39.1494 -1.4573 0.9859
