Car 0.0000 0.0000 0.0000 771.0000 181.0000 920.0000 304.0000 1.4825 1.5914 3.6018 3.2705 1.5978 10.6539 -1.3909 0.9998
Car 0.0000 0.0000 0.0000 850.0000 193.0000 1775.0000 697.0000 1.4958 1.6021 4.1307 2.8609 1.6629 4.3423 1.5708 0.9997
Car 0.0000 0.0000 0.0000 377.0000 166.0000 438.0000 207.0000 1.8815 1.7096 4.2980 -9.8869 1.5290 35.6100 1.5708 0.9994
Car 0.0000 0.0000 0.0000 -510.0000 92.0000 335.0000 580.0000 1.9867 1.7800 4.5006 -3.7727 1.6750 5.2075 1.5683 0.9993
Car 0.0000 0.0000 0.0000 597.0000 164.0000 636.0000 204.0000 1.8731 1.7070 4.3252 0.3226 1.4200 35.5974 1.5301 0.9979
Car 0.0000 0.0000 0.0000 449.0000 171.0000 498.0000 205.0000 1.5220 1.6420 4.3541 -6.5778 1.4208 35.4160 1.5561 0.9978
Car 0.0000 0.0000 0.0000 827.0000 151.0000 978.0000 212.0000 2.4043 1.8836 5.4603 12.1369 1.4972 30.0148 0.0188 0.9977
Car 0.0000 0.0000 0.0000 633.0000 165.0000 656.0000 187.0000 1.5527 1.6099 3.6169 2.6307 0.9100 53.0424 1.5708 0.9973
Car 0.0000 0.0000 0.0000 732.0000 169.0000 803.0000 200.0000 1.4540 1.5458 3.7890 7.8118 1.2047 35.2889 -0.7787 0.9958
Car 0.0000 0.0000 0.0000 664.0000 162.0000 688.0000 184.0000 1.8123 1.7403 4.2629 5.9431 0.8431 63.5390 1.5708 0.9954
Car 0.0000 0.0000 0.0000 538.0000 166.0000 567.0000 194.0000 1.5329 1.6033 3.7330 -3.2423 1.1022 42.0669 1.5080 0.9952
Car 0.0000 0.0000 0.0000 783.0000 165.0000 899.0000 244.0000 1.5421 1.5776 3.6329 5.1936 1.3719 15.8973 -1.0112 0.9951
Car 0.0000 0.0000 0.0000 847.0000 168.0000 983.0000 226.0000 1.4640 1.5301 3.7797 8.4040 1.3190 19.7436 -0.5554 0.9700
