Car 0.0000 0.0000 0.0000 430.0000 185.0000 506.0000 229.0000 1.4615 1.5678 3.6907 -5.0816 1.8870 26.2858 -1.4273 0.9999
Car 0.0000 0.0000 0.0000 -583.0000 209.0000 -310.0000 310.0000 1.5965 1.6333 4.0807 -21.2238 2.3947 14.7086 1.0150 0.9993
Car 0.0000 0.0000 0.0000 -1217.0000 213.0000 -541.0000 409.0000 1.5729 1.6281 4.1425 -17.0174 2.1465 8.6972 1.0021 0.9985
Car 0.0000 0.0000 0.0000 677.0000 175.0000 697.0000 192.0000 1.4658 1.6116 3.6173 7.1193 1.5969 65.4292 1.5708 0.9965
Car 0.0000 0.0000 0.0000 -317.0000 208.0000 -184.0000 266.0000 1.4623 1.5571 3.8768 -26.3157 2.5958 22.1495 0.9918 0.9960
Car 0.0000 0.0000 0.0000 893.0000 170.0000 950.0000 190.0000 1.4163 1.5385 3.6519 23.3660 1.1712 53.8112 0.1996 0.9829
Car 0.0000 0.0000 0.0000 549.0000 176.0000 582.0000 205.0000 1.6669 1.6397 4.1006 -2.5884 1.8214 43.9235 1.5708 0.9825
Car 0.0000 0.0000 0.0000 712.0000 177.0000 733.0000 196.0000 1.4807 1.5788 4.0391 9.1564 1.6951 57.8852 -1.3914 0.9801
Car 0.0000 0.0000 0.0000 794.0000 156.0000 826.0000 182.0000 2.0388 1.8399 4.8888 16.9946 0.6389 60.6269 -1.1440 0.9791
Car 0.0000 0.0000 0.0000 870.0000 170.0000 901.0000 189.0000 1.5211 1.6078 4.1514 23.5728 1.2258 61.3422 -1.4174 0.9757
Car 0.0000 0.0000 0.0000 709.0000 168.0000 730.0000 187.0000 1.8128 1.7772 4.3448 10.7346 1.2492 70.0505 -1.4680 0.9720
Car 0.0000 0.0000 0.0000 758.0000 171.0000 777.0000 188.0000 1.4857 1.5749 3.9951 14.0951 1.2350 63.6763 -1.3475 0.9686
