Car 0.0000 0.0000 0.0000 699.0000 182.0000 786.0000 247.0000 1.5080 1.5673 3.6984 3.3982 1.7472 18.9945 1.5651 0.9999
Car 0.0000 0.0000 0.0000 771.0000 181.0000 1026.0000 338.0000 1.5129 1.6001 4.0743 3.2484 1.6102 9.0716 1.5708 0.9999
Car 0.0000 0.0000 0.0000 401.0000 187.0000 485.0000 238.0000 1.5183 1.6169 4.1254 -5.5279 1.9932 24.3934 1.5708 0.9998
Car 0.0000 0.0000 0.0000 -45.0000 197.0000 309.0000 362.0000 1.5672 1.7115 4.1641 -5.7556 1.9200 9.3632 1.5708 0.9998
Car 0.0000 0.0000 0.0000 934.0000 193.0000 2612.0000 984.0000 1.5265 1.6048 4.0112 3.2517 1.6680 3.4796 1.5685 0.9997
Car 0.0000 0.0000 0.0000 259.0000 191.0000 404.0000 277.0000 1.5279 1.5729 3.7076 -5.7516 1.9241 15.3010 1.5708 0.9997
Car 0.0000 0.0000 0.0000 656.0000 180.0000 701.0000 216.0000 1.5542 1.6054 3.8015 3.1510 1.8398 33.2596 1.5480 0.9997
Car 0.0000 0.0000 0.0000 675.0000 181.0000 740.0000 230.0000 1.5093 1.5783 3.8381 3.2712 1.7745 24.6437 1.5464 0.9994
Car 0.0000 0.0000 0.0000 986.0000 98.0000 1326.0000 268.0000 2.2493 1.9416 5.1018 8.5960 1.2599 12.1471 1.5708 0.9980
Car 0.0000 0.0000 0.0000 485.0000 185.0000 526.0000 214.0000 1.4558 1.5461 3.7810 -5.5859 2.0681 39.2891 1.5708 0.9958
Car 0.0000 0.0000 0.0000 530.0000 178.0000 576.0000 195.0000 1.4312 1.5588 3.7498 -4.8817 1.8424 63.3459 0.3802 0.9680
Car 0.0000 0.0000 0.0000 1389.0000 150.0000 2400.0000 409.0000 1.5067 1.5628 3.9373 8.5009 1.3947 5.1585 0.0962 0.9668
