Car 0.0000 0.0000 0.0000 593.0000 177.0000 636.0000 219.0000 1.6210 1.6496 3.4672 0.2683 1.7443 29.3568 1.5708 0.9998
Car 0.0000 0.0000 0.0000 495.0000 181.0000 529.0000 204.0000 1.5147 1.6293 3.9821 -6.5017 1.9740 48.5886 1.5708 0.9989
Car 0.0000 0.0000 0.0000 704.0000 177.0000 890.0000 246.0000 1.4362 1.6037 3.9138 4.3272 1.5393 16.7522 -0.2953 0.9981
Car 0.0000 0.0000 0.0000 736.0000 170.0000 911.0000 270.0000 1.5671 1.6208 4.0160 4.0731 1.5092 13.3505 -0.8700 0.9971
Car 0.0000 0.0000 0.0000 780.0000 167.0000 1030.0000 300.0000 1.4515 1.6071 3.9793 4.1388 1.3838 9.8220 -0.7435 0.9967
Car 0.0000 0.0000 0.0000 692.0000 175.0000 836.0000 235.0000 1.5158 1.6291 3.8666 4.3602 1.5737 20.2643 -0.5301 0.9958
Car 0.0000 0.0000 0.0000 677.0000 176.0000 787.0000 217.0000 1.4344 1.5979 3.8809 4.6866 1.5507 27.5066 -0.3608 0.9953
Car 0.0000 0.0000 0.0000 967.0000 156.0000 1281.0000 394.0000 1.5157 1.5932 3.6924 4.7116 1.4051 6.4265 -0.7581 0.9946
Car 0.0000 0.0000 0.0000 476.0000 178.0000 504.0000 196.0000 1.5624 1.6666 4.1193 -10.7449 1.9616 65.5794 1.5708 0.9913
Car 0.0000 0.0000 0.0000 1466.0000 153.0000 3112.0000 1117.0000 1.4656 1.5871 3.8508 4.7111 1.4378 2.9379 -0.6994 0.9727
Car 0.0000 0.0000 0.0000 658.0000 173.0000 734.0000 202.0000 1.4351 1.5994 3.9240 4.6209 1.4064 37.9277 -0.6133 0.9726
