Car 0.0000 0.0000 0.0000 753.0000 182.0000 881.0000 270.0000 1.5693 1.5810 3.5070 4.0922 1.7509 14.7964 1.5648 1.0000
Car 0.0000 0.0000 0.0000 817.0000 189.0000 1090.0000 348.0000 1.5099 1.6158 3.9232 3.9273 1.7279 9.0657 1.5708 0.9999
Car 0.0000 0.0000 0.0000 721.0000 182.0000 807.0000 245.0000 1.5460 1.6015 3.8832 4.1596 1.7787 19.9206 1.5708 0.9999
Car 0.0000 0.0000 0.0000 458.0000 187.0000 523.0000 236.0000 1.5049 1.5933 3.7709 -4.0442 1.9882 24.9657 1.5708 0.9999
Car 0.0000 0.0000 0.0000 703.0000 181.0000 767.0000 229.0000 1.5385 1.6038 3.7812 4.3652 1.8128 25.4485 1.5708 0.9997
Car 0.0000 0.0000 0.0000 560.0000 183.0000 587.0000 204.0000 1.4635 1.5521 3.5312 -2.5001 2.1103 51.9776 1.5708 0.9992
Car 0.0000 0.0000 0.0000 490.0000 187.0000 545.0000 225.0000 1.4750 1.5797 3.9375 -3.8256 2.0387 30.6555 1.5708 0.9992
Car 0.0000 0.0000 0.0000 1016.0000 -139.0000 6777.0000 2401.0000 1.9423 1.7690 4.6650 3.7891 1.7238 2.8904 1.5708 0.9984
Car 0.0000 0.0000 0.0000 692.0000 181.0000 742.0000 219.0000 1.4814 1.5970 4.0389 4.5196 1.8012 30.7116 1.5708 0.9982
Car 0.0000 0.0000 0.0000 516.0000 182.0000 555.0000 215.0000 1.5086 1.5840 4.0082 -3.6064 1.9444 35.8961 1.5654 0.9968
Car 0.0000 0.0000 0.0000 687.0000 169.0000 712.0000 190.0000 1.4904 1.5897 3.8256 6.6216 1.1496 52.5886 1.5708 0.9709
