Car 0.0000 0.0000 0.0000 685.0000 182.0000 752.0000 232.0000 1.4934 1.5638 3.7670 3.4525 1.7505 23.4078 1.5632 0.9999
Car 0.0000 0.0000 0.0000 723.0000 171.0000 863.0000 270.0000 1.5753 1.6373 4.0003 3.2455 1.5442 13.5666 1.5708 0.9999
Car 0.0000 0.0000 0.0000 199.0000 195.0000 390.0000 295.0000 1.5275 1.6790 4.1638 -5.8010 1.9919 13.8112 1.5708 0.9998
Car 0.0000 0.0000 0.0000 434.0000 185.0000 505.0000 229.0000 1.5735 1.6310 4.1401 -5.5278 2.0568 28.8827 -1.4616 0.9998
Car 0.0000 0.0000 0.0000 344.0000 188.0000 444.0000 253.0000 1.5418 1.5633 3.6049 -5.7756 1.9558 19.6709 1.5708 0.9998
Car 0.0000 0.0000 0.0000 787.0000 186.0000 1101.0000 374.0000 1.5303 1.6007 3.9634 3.2681 1.6902 8.0309 1.5607 0.9995
Car 0.0000 0.0000 0.0000 -489.0000 211.0000 173.0000 484.0000 1.4594 1.5984 3.9958 -5.9189 1.8869 6.3620 1.5708 0.9993
Car 0.0000 0.0000 0.0000 499.0000 183.0000 534.0000 209.0000 1.5060 1.6085 3.7569 -5.5648 2.0692 43.8459 1.5708 0.9964
Car 0.0000 0.0000 0.0000 653.0000 176.0000 688.0000 208.0000 1.5371 1.5621 3.7802 3.1818 1.6799 37.7968 1.5708 0.9964
Car 0.0000 0.0000 0.0000 670.0000 180.0000 721.0000 220.0000 1.4674 1.5528 4.0721 3.4173 1.7242 29.1408 1.5708 0.9951
Car 0.0000 0.0000 0.0000 1042.0000 159.0000 1453.0000 281.0000 1.4833 1.5995 4.0458 8.3634 1.3256 9.7425 0.0355 0.9939
Car 0.0000 0.0000 0.0000 1273.0000 134.0000 1921.0000 320.0000 1.5295 1.5581 3.8587 8.9577 1.2267 6.8248 0.0312 0.9847
