Car 0.0000 0.0000 0.0000 330.0000 180.0000 441.0000 244.0000 1.6695 1.6625 4.0045 -6.3900 1.8592 20.9842 -1.4767 0.9998
Car 0.0000 0.0000 0.0000 588.0000 178.0000 654.0000 244.0000 1.6483 1.6590 3.7067 0.2782 1.7774 19.9752 1.5690 0.9997
Car 0.0000 0.0000 0.0000 150.0000 176.0000 290.0000 250.0000 1.8150 1.6743 3.9648 -10.5480 1.8785 19.8033 1.5708 0.9996
Car 0.0000 0.0000 0.0000 -109.0000 192.0000 169.0000 294.0000 1.5203 1.6683 4.3720 -10.5245 1.9099 13.5472 1.5708 0.9993
Car 0.0000 0.0000 0.0000 758.0000 170.0000 921.0000 260.0000 1.5189 1.5578 3.5729 4.5220 1.4563 13.9337 -0.7991 0.9992
Car 0.0000 0.0000 0.0000 489.0000 181.0000 543.0000 211.0000 1.5185 1.6409 4.3342 -4.9219 1.8847 38.7601 -1.3971 0.9990
Car 0.0000 0.0000 0.0000 453.0000 180.0000 494.0000 206.0000 1.4818 1.6177 4.3499 -8.0436 1.8277 43.0006 1.5705 0.9987
Car 0.0000 0.0000 0.0000 697.0000 175.0000 816.0000 233.0000 1.5002 1.5747 3.7729 4.2617 1.5391 20.5188 -0.8196 0.9971
Car 0.0000 0.0000 0.0000 651.0000 175.0000 674.0000 193.0000 1.4739 1.6110 3.7618 4.6615 1.5911 61.8621 -1.3962 0.9970
Car 0.0000 0.0000 0.0000 87.0000 175.0000 205.0000 225.0000 1.4623 1.5693 3.9615 -14.8606 1.5224 23.3356 1.4807 0.9848
Car 0.0000 0.0000 0.0000 1366.0000 186.0000 2896.0000 1174.0000 1.4177 1.5858 3.9956 4.6216 1.4936 2.8109 -0.5647 0.9662
