Car 0.0000 0.0000 0.0000 944.0000 189.0000 1282.0000 430.0000 1.4461 1.5476 3.2565 3.9351 1.6089 6.2735 -1.2418 0.9999
Car 0.0000 0.0000 0.0000 592.0000 179.0000 723.0000 266.0000 1.5117 1.5920 3.5834 1.0690 1.6168 14.4226 -1.1914 0.9998
Car 0.0000 0.0000 0.0000 323.0000 184.0000 632.0000 376.0000 1.5211 1.5748 3.6928 -1.1694 1.6531 7.8279 -1.1901 0.9997
Car 0.0000 0.0000 0.0000 742.0000 170.0000 783.0000 206.0000 1.5476 1.6125 3.5072 7.0960 1.4019 33.1242 -1.3049 0.9995
Car 0.0000 0.0000 0.0000 883.0000 177.0000 960.0000 238.0000 1.5786 1.6176 3.2081 8.6920 1.6742 20.2805 -1.2732 0.9992
Car 0.0000 0.0000 0.0000 -612.0000 183.0000 423.0000 833.0000 1.5862 1.6028 3.4138 -2.6302 1.6527 3.6522 -1.2666 0.9976
Car 0.0000 0.0000 0.0000 864.0000 175.0000 887.0000 195.0000 1.5052 1.6098 3.5069 20.3316 1.5852 54.8407 -1.2131 0.9972
Car 0.0000 0.0000 0.0000 866.0000 178.0000 934.0000 225.0000 1.5091 1.5760 3.5449 9.8865 1.6475 24.6846 -1.3484 0.9972
Car 0.0000 0.0000 0.0000 766.0000 174.0000 806.0000 202.0000 1.4971 1.6103 3.8236 9.9088 1.5308 40.5332 -1.4722 0.9950
Car 0.0000 0.0000 0.0000 602.0000 174.0000 700.0000 214.0000 1.5014 1.5775 3.6184 1.6569 1.5205 28.1759 0.2273 0.9940
Car 0.0000 0.0000 0.0000 899.0000 171.0000 929.0000 193.0000 1.5005 1.5760 3.7875 22.0914 1.3028 52.1727 -1.2639 0.9623
