Car 0.0000 0.0000 0.0000 695.0000 178.0000 800.0000 254.0000 1.5182 1.5964 3.7662 2.9819 1.6254 16.3815 1.5542 0.9998
Car 0.0000 0.0000 0.0000 408.0000 181.0000 480.0000 227.0000 1.5517 1.6810 4.1338 -6.0382 1.8118 26.6860 1.5708 0.9998
Car 0.0000 0.0000 0.0000 560.0000 182.0000 583.0000 202.0000 1.5491 1.6973 3.9063 -3.0497 2.2391 60.2051 1.5708 0.9992
Car 0.0000 0.0000 0.0000 159.0000 196.0000 350.0000 299.0000 1.4915 1.6034 3.5173 -6.1377 1.9288 12.8522 1.5708 0.9991
Car 0.0000 0.0000 0.0000 522.0000 182.0000 548.0000 201.0000 1.5133 1.6659 3.8680 -5.9898 2.1793 59.0833 1.5708 0.9985
Car 0.0000 0.0000 0.0000 311.0000 193.0000 427.0000 261.0000 1.4554 1.6164 4.0347 -6.0138 1.9808 18.4389 1.5708 0.9985
Car 0.0000 0.0000 0.0000 1213.0000 128.0000 1401.0000 193.0000 2.0861 1.8744 5.0400 24.7781 0.6240 25.9011 1.5708 0.9980
Car 0.0000 0.0000 0.0000 836.0000 159.0000 904.0000 183.0000 1.9357 1.8241 5.0122 22.0332 0.7219 60.7270 -0.0078 0.9948
Car 0.0000 0.0000 0.0000 452.0000 181.0000 503.0000 216.0000 1.5017 1.6312 3.9134 -6.0196 1.8402 33.3172 1.5708 0.9941
Car 0.0000 0.0000 0.0000 1352.0000 133.0000 1529.0000 183.0000 1.6543 1.7178 4.3176 29.4076 0.2744 25.5606 -0.0127 0.9941
Car 0.0000 0.0000 0.0000 631.0000 178.0000 655.0000 195.0000 1.5333 1.6285 3.8205 3.1083 1.9062 65.6628 1.4774 0.9924
Car 0.0000 0.0000 0.0000 1025.0000 162.0000 1077.0000 186.0000 1.6168 1.6572 3.9099 31.4198 0.7899 51.2587 -1.4380 0.9922
Car 0.0000 0.0000 0.0000 -272.0000 190.0000 -79.0000 253.0000 1.4731 1.5926 3.5108 -20.8006 1.9240 19.2544 1.4559 0.9919
Car 0.0000 0.0000 0.0000 385.0000 177.0000 412.0000 197.0000 1.5472 1.6223 3.5672 -16.4163 1.7787 56.3720 1.3955 0.9760
Car 0.0000 0.0000 0.0000 1070.0000 151.0000 1157.0000 177.0000 1.7751 1.7841 4.7692 35.1934 0.2097 50.2574 0.0494 0.9753
Car 0.0000 0.0000 0.0000 -247.0000 203.0000 -22.0000 273.0000 1.4549 1.6356 4.1015 -19.0615 2.2862 18.7089 1.5594 0.9717
Car 0.0000 0.0000 0.0000 1550.0000 152.0000 1746.0000 195.0000 1.5804 1.7383 4.2625 40.9502 0.7806 28.5655 1.5708 0.9668
Car 0.0000 0.0000 0.0000 1389.0000 157.0000 1523.0000 199.0000 1.5209 1.5818 3.8163 32.8787 0.9283 28.0975 -1.2585 0.9639
Car 0.0000 0.0000 0.0000 1511.0000 159.0000 1689.0000 199.0000 1.4779 1.6893 3.9706 38.9670 0.9436 28.4963 1.5708 0.9600
