Car 0.0000 0.0000 0.0000 -19.0000 173.0000 340.0000 307.0000 1.6633 1.6402 4.0610 -6.1033 1.6832 9.9673 0.0857 0.9996
Car 0.0000 0.0000 0.0000 230.0000 170.0000 441.0000 250.0000 1.6828 1.6391 4.0993 -6.0429 1.6229 16.0825 0.0868 0.9991
Car 0.0000 0.0000 0.0000 995.0000 168.0000 1136.0000 225.0000 1.5356 1.6249 4.2428 13.5289 1.4055 21.6804 1.5708 0.9989
Car 0.0000 0.0000 0.0000 -264.0000 178.0000 201.0000 350.0000 1.5902 1.5821 3.5712 -6.5454 1.6546 7.5480 0.0513 0.9988
Car 0.0000 0.0000 0.0000 292.0000 179.0000 458.0000 244.0000 1.5467 1.5843 3.6932 -5.8985 1.6863 18.3050 0.0292 0.9988
Car 0.0000 0.0000 0.0000 1076.0000 145.0000 1400.0000 279.0000 2.0542 1.9132 4.8665 11.2854 1.6371 13.5758 1.5708 0.9984
Car 0.0000 0.0000 0.0000 455.0000 178.0000 550.0000 212.0000 1.5096 1.6417 4.2089 -5.0369 1.7333 34.2382 0.0476 0.9976
Car 0.0000 0.0000 0.0000 958.0000 173.0000 1032.0000 209.0000 1.4874 1.5781 3.9092 17.0967 1.4674 32.0862 -1.4530 0.9971
Car 0.0000 0.0000 0.0000 668.0000 170.0000 713.0000 211.0000 1.6359 1.6706 3.7646 3.4699 1.5104 31.2432 1.5708 0.9956
Car 0.0000 0.0000 0.0000 138.0000 183.0000 368.0000 273.0000 1.5067 1.5594 3.4542 -6.4311 1.6966 13.1164 0.0976 0.9954
Car 0.0000 0.0000 0.0000 -762.0000 166.0000 80.0000 439.0000 1.5798 1.6033 3.9728 -6.3088 1.5623 5.0504 0.0442 0.9933
Car 0.0000 0.0000 0.0000 657.0000 170.0000 699.0000 205.0000 1.5473 1.6045 3.6416 3.2239 1.4020 34.3637 1.5641 0.9747
Car 0.0000 0.0000 0.0000 837.0000 175.0000 888.0000 206.0000 1.4903 1.6023 3.9635 12.9088 1.5410 36.8090 -1.4596 0.9648
