Car 0.0000 0.0000 0.0000 733.0000 181.0000 1022.0000 372.0000 1.5149 1.6223 4.1000 2.4686 1.6007 7.8292 1.5708 0.9999
Car 0.0000 0.0000 0.0000 -316.0000 204.0000 390.0000 638.0000 1.4428 1.5400 3.5267 -2.6782 1.6952 4.3893 1.5581 0.9997
Car 0.0000 0.0000 0.0000 642.0000 185.0000 674.0000 213.0000 1.5105 1.6387 3.9509 2.7754 2.1704 41.4564 1.5708 0.9995
Car 0.0000 0.0000 0.0000 209.0000 188.0000 416.0000 264.0000 1.5316 1.6170 3.9108 -6.4864 1.8804 15.8949 0.0773 0.9995
Car 0.0000 0.0000 0.0000 432.0000 167.0000 530.0000 207.0000 2.0232 1.7870 4.8350 -6.7633 1.7148 38.2150 0.0433 0.9993
Car 0.0000 0.0000 0.0000 10.0000 188.0000 332.0000 295.0000 1.4816 1.6134 3.9986 -6.6106 1.7201 11.0634 0.0296 0.9984
Car 0.0000 0.0000 0.0000 398.0000 191.0000 508.0000 234.0000 1.4580 1.5690 3.5558 -5.5778 2.1044 25.8707 0.1035 0.9952
Car 0.0000 0.0000 0.0000 407.0000 188.0000 513.0000 229.0000 1.4971 1.6053 3.7158 -5.8046 2.0849 28.2027 0.0973 0.9931
Car 0.0000 0.0000 0.0000 723.0000 180.0000 796.0000 205.0000 1.4293 1.6174 4.0453 8.9960 1.8262 43.1081 0.0597 0.9920
Car 0.0000 0.0000 0.0000 258.0000 191.0000 425.0000 255.0000 1.4880 1.5905 3.6792 -6.7584 1.9339 18.2030 0.2500 0.9899
Car 0.0000 0.0000 0.0000 520.0000 177.0000 544.0000 197.0000 1.5230 1.6620 3.8600 -5.9504 1.7362 56.2168 1.5073 0.9831
Car 0.0000 0.0000 0.0000 618.0000 174.0000 666.0000 194.0000 1.4556 1.5670 3.6319 2.6108 1.5160 55.9043 0.0550 0.9797
Car 0.0000 0.0000 0.0000 415.0000 191.0000 518.0000 227.0000 1.4925 1.6332 4.0952 -6.1829 2.2561 31.3448 0.1157 0.9617
