Car 0.0000 0.0000 0.0000 558.0000 171.0000 663.0000 273.0000 1.5987 1.6414 3.3142 0.0519 1.5730 13.0134 1.5708 0.9998
Car 0.0000 0.0000 0.0000 -28.0000 169.0000 184.0000 264.0000 1.5664 1.6286 3.9468 -10.1625 1.5142 14.1200 1.4510 0.9995
Car 0.0000 0.0000 0.0000 812.0000 174.0000 1100.0000 327.0000 1.5070 1.5878 3.8781 4.3956 1.5283 8.9798 -0.6350 0.9986
Car 0.0000 0.0000 0.0000 983.0000 180.0000 1349.0000 474.0000 1.4948 1.6605 4.0013 4.5734 1.5656 5.7077 -0.7506 0.9983
Car 0.0000 0.0000 0.0000 -465.0000 184.0000 9.0000 346.0000 1.5037 1.5818 3.7130 -9.6240 1.6473 8.7677 1.5191 0.9967
Car 0.0000 0.0000 0.0000 336.0000 189.0000 415.0000 217.0000 1.4535 1.6268 4.1749 -13.2446 2.3527 41.0423 -0.2711 0.9964
Car 0.0000 0.0000 0.0000 527.0000 174.0000 551.0000 196.0000 1.9014 1.7860 4.2977 -6.3828 1.9643 66.5968 1.5708 0.9905
Car 0.0000 0.0000 0.0000 749.0000 175.0000 998.0000 274.0000 1.5112 1.6430 3.9668 4.6189 1.5510 12.6955 -0.3376 0.9891
Car 0.0000 0.0000 0.0000 1585.0000 194.0000 7007.0000 3253.0000 1.4863 1.6520 3.6742 4.4247 1.5897 2.0004 -0.5221 0.9851
Car 0.0000 0.0000 0.0000 473.0000 177.0000 499.0000 195.0000 1.5220 1.6356 3.9962 -10.5501 1.7793 62.1136 1.5378 0.9681
