Car 0.0000 0.0000 0.0000 331.0000 165.0000 493.0000 231.0000 2.0268 1.8160 4.8005 -6.3930 1.7883 23.6113 0.0432 0.9997
Car 0.0000 0.0000 0.0000 946.0000 182.0000 3614.0000 1455.0000 1.5432 1.5751 3.7400 2.9563 1.5889 2.7707 1.5511 0.9997
Car 0.0000 0.0000 0.0000 624.0000 176.0000 665.0000 205.0000 1.5180 1.5922 3.3879 1.9347 1.6697 40.1800 1.4206 0.9996
Car 0.0000 0.0000 0.0000 726.0000 173.0000 820.0000 215.0000 1.5266 1.5682 3.5868 6.3277 1.5030 28.1269 1.0752 0.9994
Car 0.0000 0.0000 0.0000 -385.0000 176.0000 160.0000 374.0000 1.6413 1.5997 3.7679 -6.7080 1.6871 6.8925 0.0607 0.9994
Car 0.0000 0.0000 0.0000 -32.0000 184.0000 349.0000 318.0000 1.5817 1.6359 4.0968 -5.8260 1.7415 9.5236 0.0603 0.9993
Car 0.0000 0.0000 0.0000 80.0000 182.0000 345.0000 280.0000 1.4985 1.5571 3.5852 -6.4963 1.6499 11.9423 0.0791 0.9976
Car 0.0000 0.0000 0.0000 309.0000 183.0000 446.0000 237.0000 1.4966 1.5585 3.4988 -6.7344 1.7840 21.0666 0.0722 0.9976
Car 0.0000 0.0000 0.0000 266.0000 173.0000 423.0000 240.0000 1.6673 1.5902 3.5721 -6.9533 1.6645 19.1042 0.0012 0.9962
Car 0.0000 0.0000 0.0000 609.0000 175.0000 637.0000 198.0000 1.4984 1.6115 3.8410 0.9449 1.5675 49.7698 1.5026 0.9953
Car 0.0000 0.0000 0.0000 512.0000 173.0000 537.0000 193.0000 1.4681 1.5936 3.8672 -6.3251 1.4250 54.4292 1.5123 0.9775
Car 0.0000 0.0000 0.0000 -1387.0000 198.0000 -32.0000 625.0000 1.5680 1.6070 3.6902 -6.6325 1.7656 4.3978 -0.4939 0.9716
Car 0.0000 0.0000 0.0000 472.0000 171.0000 509.0000 203.0000 1.5423 1.5848 3.6013 -6.0959 1.4331 36.7670 1.3244 0.9695
