Car 0.0000 0.0000 0.0000 240.0000 183.0000 427.0000 251.0000 1.5508 1.6062 3.9297 -6.6201 1.7855 17.4480 0.0830 0.9998
Car 0.0000 0.0000 0.0000 659.0000 177.0000 736.0000 234.0000 1.6201 1.6696 4.0663 2.6482 1.7247 22.6570 1.5083 0.9998
Car 0.0000 0.0000 0.0000 891.0000 206.0000 2898.0000 1215.0000 1.4565 1.5825 4.2374 2.9277 1.6911 3.2992 1.5441 0.9995
Car 0.0000 0.0000 0.0000 643.0000 182.0000 686.0000 215.0000 1.4387 1.5431 3.4780 2.5575 1.8066 33.6506 1.5136 0.9992
Car 0.0000 0.0000 0.0000 383.0000 181.0000 506.0000 225.0000 1.6818 1.7240 4.5739 -6.6490 2.0080 29.3644 0.0878 0.9992
Car 0.0000 0.0000 0.0000 341.0000 182.0000 479.0000 234.0000 1.4985 1.5787 3.7797 -6.1127 1.7798 22.2419 0.1060 0.9983
Car 0.0000 0.0000 0.0000 307.0000 189.0000 465.0000 248.0000 1.5001 1.6215 3.8851 -6.1671 1.9430 19.9542 0.2386 0.9975
Car 0.0000 0.0000 0.0000 633.0000 179.0000 663.0000 205.0000 1.5158 1.6243 3.8215 2.4423 1.8694 45.7341 1.5476 0.9953
Car 0.0000 0.0000 0.0000 514.0000 175.0000 542.0000 199.0000 1.5694 1.6783 3.9709 -5.5529 1.6739 50.0615 1.5258 0.9938
Car 0.0000 0.0000 0.0000 408.0000 179.0000 501.0000 216.0000 1.5465 1.6028 3.6670 -6.7806 1.7835 31.7066 0.1425 0.9901
Car 0.0000 0.0000 0.0000 440.0000 179.0000 525.0000 211.0000 1.5605 1.6117 3.8975 -6.3722 1.8287 36.4467 0.1159 0.9850
Car 0.0000 0.0000 0.0000 505.0000 179.0000 537.0000 206.0000 1.5536 1.6088 3.8538 -5.4415 1.9018 44.9428 1.5515 0.9759
Car 0.0000 0.0000 0.0000 548.0000 178.0000 568.0000 196.0000 1.5616 1.6276 3.7916 -4.7119 1.9634 66.8557 1.4630 0.9677
