Car 0.0000 0.0000 0.0000 705.0000 172.0000 774.0000 237.0000 1.5392 1.6092 3.2034 3.4553 1.5161 18.8654 -1.3513 0.9998
Car 0.0000 0.0000 0.0000 847.0000 174.0000 1287.0000 398.0000 1.4868 1.6025 4.0893 3.6989 1.5090 6.8626 1.5708 0.9998
Car 0.0000 0.0000 0.0000 686.0000 178.0000 750.0000 227.0000 1.4868 1.5609 3.5614 3.5341 1.6280 23.9985 1.5706 0.9994
Car 0.0000 0.0000 0.0000 456.0000 180.0000 495.0000 203.0000 1.4853 1.6924 4.1941 -9.0765 1.9013 49.3777 1.5708 0.9994
Car 0.0000 0.0000 0.0000 663.0000 179.0000 706.0000 213.0000 1.5374 1.6135 3.6949 3.6398 1.8007 35.0734 1.5507 0.9992
Car 0.0000 0.0000 0.0000 53.0000 179.0000 220.0000 249.0000 1.6343 1.6872 3.9829 -12.2169 1.7642 18.9072 1.5708 0.9988
Car 0.0000 0.0000 0.0000 671.0000 179.0000 720.0000 218.0000 1.5055 1.5708 3.4190 3.5227 1.7257 29.7203 1.5631 0.9987
Car 0.0000 0.0000 0.0000 -3836.0000 -1468.0000 1587.0000 566.0000 1.4190 1.5245 3.7120 3.3379 1.5986 1.1410 1.5428 0.9959
Car 0.0000 0.0000 0.0000 651.0000 175.0000 682.0000 199.0000 1.4927 1.6006 3.9069 3.7180 1.5733 46.7434 1.5552 0.9924
Car 0.0000 0.0000 0.0000 656.0000 158.0000 680.0000 175.0000 1.4559 1.5860 3.6815 5.3205 0.0931 63.9828 -1.3391 0.9688
