Car 0.0000 0.0000 0.0000 689.0000 173.0000 804.0000 259.0000 1.5596 1.6227 3.9192 2.7189 1.5728 15.1970 1.5652 0.9999
Car 0.0000 0.0000 0.0000 287.0000 190.0000 481.0000 327.0000 1.4355 1.5459 3.6059 -2.8449 1.6922 9.7429 1.5562 0.9997
Car 0.0000 0.0000 0.0000 511.0000 176.0000 560.0000 217.0000 1.4949 1.6152 3.6670 -2.8151 1.5795 27.9591 1.5435 0.9997
Car 0.0000 0.0000 0.0000 389.0000 179.0000 516.0000 264.0000 1.5207 1.6452 4.2165 -3.1184 1.6337 15.0466 1.5708 0.9994
Car 0.0000 0.0000 0.0000 655.0000 176.0000 715.0000 222.0000 1.5203 1.5571 3.5171 2.6178 1.6006 25.6754 1.5144 0.9994
Car 0.0000 0.0000 0.0000 672.0000 180.0000 751.0000 237.0000 1.4415 1.5642 4.1158 2.7954 1.6274 20.6362 1.5452 0.9982
Car 0.0000 0.0000 0.0000 630.0000 170.0000 659.0000 194.0000 1.5216 1.6363 3.8014 2.3819 1.2994 48.6655 1.5252 0.9978
Car 0.0000 0.0000 0.0000 543.0000 174.0000 575.0000 204.0000 1.5174 1.6329 4.1366 -2.7054 1.5342 39.1374 1.5043 0.9968
Car 0.0000 0.0000 0.0000 649.0000 166.0000 700.0000 206.0000 1.5807 1.5958 3.6872 2.6738 1.2855 30.3004 1.5190 0.9934
Car 0.0000 0.0000 0.0000 566.0000 176.0000 585.0000 193.0000 1.4610 1.6087 3.7766 -3.0141 1.6620 65.5120 1.5268 0.9632
