Car 0.0000 0.0000 0.0000 -11.0000 112.0000 440.0000 453.0000 2.0606 1.7777 4.5820 -2.9933 1.7076 6.6871 1.5455 0.9997
Car 0.0000 0.0000 0.0000 475.0000 184.0000 540.0000 238.0000 1.4560 1.5636 3.6393 -3.0392 1.7893 21.9599 1.5432 0.9997
Car 0.0000 0.0000 0.0000 376.0000 188.0000 507.0000 284.0000 1.4715 1.6163 3.9634 -2.9832 1.7603 13.4644 1.5481 0.9997
Car 0.0000 0.0000 0.0000 669.0000 179.0000 845.0000 241.0000 1.4931 1.6761 4.2427 3.6773 1.6352 18.5478 0.0664 0.9995
Car 0.0000 0.0000 0.0000 624.0000 181.0000 712.0000 215.0000 1.4567 1.6208 3.7994 2.6411 1.8006 32.4132 0.0851 0.9994
Car 0.0000 0.0000 0.0000 -545.0000 198.0000 146.0000 490.0000 1.4345 1.5533 3.9451 -5.6692 1.6907 5.8755 1.4443 0.9981
Car 0.0000 0.0000 0.0000 512.0000 168.0000 563.0000 214.0000 1.9601 1.8504 4.8182 -3.2292 1.7230 33.2642 1.5697 0.9962
Car 0.0000 0.0000 0.0000 546.0000 178.0000 576.0000 204.0000 1.6753 1.6981 4.0359 -3.1611 1.9213 47.9864 1.5708 0.9956
Car 0.0000 0.0000 0.0000 611.0000 177.0000 636.0000 197.0000 1.4906 1.5996 3.8217 1.1205 1.7189 54.9576 1.5106 0.9930
Car 0.0000 0.0000 0.0000 719.0000 151.0000 796.0000 180.0000 1.7870 1.8441 4.6954 9.7455 0.3443 47.4975 0.0064 0.9924
Car 0.0000 0.0000 0.0000 653.0000 180.0000 776.0000 226.0000 1.4913 1.6353 3.9703 3.5353 1.7029 24.4858 0.1283 0.9818
Car 0.0000 0.0000 0.0000 421.0000 182.0000 488.0000 221.0000 1.4447 1.5643 3.8018 -6.1433 1.7610 28.9678 -1.4751 0.9735
