Car 0.0000 0.0000 0.0000 550.0000 177.0000 583.0000 205.0000 1.4624 1.6021 3.5629 -2.2565 1.6345 39.1081 1.5669 0.9998
Car 0.0000 0.0000 0.0000 690.0000 184.0000 806.0000 265.0000 1.4169 1.5668 3.9739 2.6988 1.6455 14.9486 1.5571 0.9997
Car 0.0000 0.0000 0.0000 667.0000 180.0000 733.0000 229.0000 1.4846 1.6138 4.0916 2.9428 1.6896 24.0795 1.5585 0.9997
Car 0.0000 0.0000 0.0000 -116.0000 186.0000 322.0000 322.0000 1.4558 1.6351 4.2454 -5.9536 1.6262 8.6973 0.0551 0.9997
Car 0.0000 0.0000 0.0000 222.0000 169.0000 449.0000 254.0000 1.7494 1.7079 4.3939 -6.0075 1.6776 15.9809 0.0802 0.9995
Car 0.0000 0.0000 0.0000 647.0000 172.0000 681.0000 198.0000 1.4830 1.6358 3.9721 3.2278 1.3878 42.7946 1.5425 0.9993
Car 0.0000 0.0000 0.0000 376.0000 183.0000 502.0000 231.0000 1.5122 1.5920 3.7622 -5.6244 1.8455 24.0032 0.1196 0.9980
Car 0.0000 0.0000 0.0000 353.0000 188.0000 497.0000 241.0000 1.4543 1.5759 3.7933 -5.3935 1.8978 21.2592 0.0587 0.9979
Car 0.0000 0.0000 0.0000 417.0000 179.0000 513.0000 218.0000 1.5840 1.5995 3.6653 -6.0574 1.8053 30.4712 0.1170 0.9940
Car 0.0000 0.0000 0.0000 486.0000 177.0000 553.0000 202.0000 1.5431 1.6201 3.9399 -5.6738 1.7618 46.0077 0.1684 0.9922
Car 0.0000 0.0000 0.0000 269.0000 178.0000 436.0000 242.0000 1.5673 1.6025 3.7470 -6.6114 1.6951 18.6631 0.0918 0.9902
