Car 0.0000 0.0000 0.0000 770.0000 176.0000 885.0000 281.0000 1.4512 1.5428 3.3916 3.4316 1.4959 11.8093 -1.3343 0.9998
Car 0.0000 0.0000 0.0000 812.0000 192.0000 1392.0000 507.0000 1.4019 1.5395 4.0314 2.8601 1.5765 5.4165 1.5568 0.9997
Car 0.0000 0.0000 0.0000 460.0000 176.0000 509.0000 208.0000 1.5145 1.6957 4.5057 -6.2920 1.6556 36.7833 1.5708 0.9995
Car 0.0000 0.0000 0.0000 548.0000 162.0000 577.0000 189.0000 1.5462 1.6620 3.6313 -2.7834 0.8452 43.4217 1.5269 0.9994
Car 0.0000 0.0000 0.0000 394.0000 165.0000 452.0000 207.0000 2.0162 1.7694 4.2405 -9.4640 1.5943 36.9408 1.5708 0.9994
Car 0.0000 0.0000 0.0000 -158.0000 115.0000 376.0000 456.0000 1.9653 1.7332 4.5445 -3.6941 1.6451 6.4674 1.5482 0.9990
Car 0.0000 0.0000 0.0000 731.0000 172.0000 774.0000 203.0000 1.5289 1.6573 4.0145 7.4226 1.4288 37.5475 1.5708 0.9985
Car 0.0000 0.0000 0.0000 784.0000 167.0000 878.0000 235.0000 1.4502 1.5702 3.7182 5.3805 1.3135 17.2409 -1.1159 0.9978
Car 0.0000 0.0000 0.0000 599.0000 160.0000 641.0000 202.0000 1.9931 1.7674 4.3913 0.5239 1.3389 37.0322 1.5024 0.9975
Car 0.0000 0.0000 0.0000 838.0000 173.0000 970.0000 230.0000 1.4887 1.6416 4.0993 8.6411 1.4862 21.0059 -0.6305 0.9947
Car 0.0000 0.0000 0.0000 -2444.0000 -1120.0000 1764.0000 616.0000 1.4645 1.4943 3.4416 3.1542 1.5402 0.8278 1.5708 0.9881
Car 0.0000 0.0000 0.0000 633.0000 167.0000 662.0000 189.0000 1.5949 1.6793 3.9639 2.9258 1.0884 54.4809 1.4972 0.9857
Car 0.0000 0.0000 0.0000 849.0000 151.0000 996.0000 209.0000 2.3484 1.9453 5.4989 13.4450 1.4327 31.0984 0.0049 0.9731
