Car 0.0000 0.0000 0.0000 134.0000 181.0000 381.0000 270.0000 1.5476 1.6099 3.8713 -6.5251 1.6960 13.5145 0.0720 0.9997
Car 0.0000 0.0000 0.0000 668.0000 176.0000 763.0000 246.0000 1.6005 1.6578 3.9638 2.6106 1.6739 18.6704 1.5216 0.9997
Car 0.0000 0.0000 0.0000 347.0000 180.0000 493.0000 232.0000 1.7272 1.7351 4.6555 -6.5970 1.9732 25.3482 0.0729 0.9994
Car 0.0000 0.0000 0.0000 275.0000 183.0000 447.0000 247.0000 1.5375 1.5878 3.8117 -6.2622 1.7854 18.2762 0.1001 0.9989
Car 0.0000 0.0000 0.0000 650.0000 181.0000 697.0000 219.0000 1.4479 1.5321 3.5030 2.6053 1.7542 29.6696 1.5475 0.9988
Car 0.0000 0.0000 0.0000 232.0000 182.0000 438.0000 257.0000 1.5452 1.6026 3.9667 -6.0302 1.7468 15.9709 0.1119 0.9985
Car 0.0000 0.0000 0.0000 336.0000 183.0000 465.0000 235.0000 1.5597 1.5841 3.6587 -6.6272 1.8629 23.0795 0.0268 0.9978
Car 0.0000 0.0000 0.0000 639.0000 179.0000 669.0000 206.0000 1.5032 1.6246 3.7642 2.5705 1.7752 41.7661 1.5708 0.9973
Car 0.0000 0.0000 0.0000 423.0000 179.0000 512.0000 213.0000 1.5044 1.5616 3.6606 -6.3940 1.7394 32.6010 0.2803 0.9961
Car 0.0000 0.0000 0.0000 312.0000 185.0000 454.0000 241.0000 1.4834 1.5621 3.6099 -6.4712 1.8362 20.7550 0.0242 0.9933
Car 0.0000 0.0000 0.0000 505.0000 171.0000 534.0000 196.0000 1.5349 1.6340 3.9111 -5.6527 1.3489 46.1050 1.5020 0.9883
Car 0.0000 0.0000 0.0000 379.0000 172.0000 487.0000 216.0000 1.6194 1.6127 3.7246 -6.7419 1.5769 27.7386 0.0891 0.9808
Car 0.0000 0.0000 0.0000 658.0000 179.0000 726.0000 227.0000 1.4899 1.5523 3.7835 2.6936 1.6537 24.2562 1.4960 0.9655
Car 0.0000 0.0000 0.0000 490.0000 178.0000 522.0000 206.0000 1.5140 1.6013 3.7727 -5.9042 1.7547 40.9270 1.3767 0.9644
