Car 0.0000 0.0000 0.0000 622.0000 176.0000 700.0000 238.0000 1.6363 1.6696 3.7498 1.4138 1.7240 21.2143 1.4711 0.9999
Car 0.0000 0.0000 0.0000 -331.0000 188.0000 213.0000 364.0000 1.5763 1.6468 4.1748 -6.9902 1.7675 7.9998 -0.2318 0.9995
Car 0.0000 0.0000 0.0000 569.0000 176.0000 590.0000 197.0000 1.5914 1.6529 3.6229 -2.3960 1.8037 58.8156 1.5177 0.9982
Car 0.0000 0.0000 0.0000 396.0000 171.0000 483.0000 207.0000 1.9826 1.7753 4.5490 -9.6677 1.8587 41.3547 0.0460 0.9979
Car 0.0000 0.0000 0.0000 -845.0000 202.0000 -12.0000 469.0000 1.4874 1.5812 3.7465 -6.9059 1.7253 5.0251 0.0506 0.9973
Car 0.0000 0.0000 0.0000 555.0000 179.0000 574.0000 195.0000 1.5047 1.6306 3.8993 -4.1322 1.9535 68.0518 1.5652 0.9949
Car 0.0000 0.0000 0.0000 346.0000 185.0000 466.0000 228.0000 1.5079 1.6390 4.0296 -7.6660 1.9640 27.2928 0.0928 0.9848
Car 0.0000 0.0000 0.0000 615.0000 152.0000 644.0000 174.0000 1.5528 1.6684 3.7977 1.6013 -0.0569 55.4652 1.4499 0.9791
Car 0.0000 0.0000 0.0000 264.0000 180.0000 408.0000 232.0000 1.5231 1.6172 3.8274 -8.3795 1.7309 22.1953 0.1240 0.9716
Car 0.0000 0.0000 0.0000 306.0000 184.0000 430.0000 232.0000 1.5647 1.6095 3.6970 -8.2473 1.9395 24.7110 0.1380 0.9618
