Car 0.0000 0.0000 0.0000 605.0000 172.0000 710.0000 240.0000 1.5529 1.6048 3.4783 1.1059 1.5211 18.2736 1.3128 0.9999
Car 0.0000 0.0000 0.0000 527.0000 175.0000 581.0000 211.0000 1.5222 1.6022 3.5787 -2.5587 1.5960 32.7630 1.2581 0.9998
Car 0.0000 0.0000 0.0000 1875.0000 65.0000 3572.0000 415.0000 1.7078 1.7316 4.6979 12.0789 1.2066 4.5358 0.0743 0.9994
Car 0.0000 0.0000 0.0000 881.0000 168.0000 1193.0000 280.0000 1.4959 1.6053 3.6502 6.0985 1.4404 10.7161 0.1710 0.9993
Car 0.0000 0.0000 0.0000 1203.0000 167.0000 1628.0000 284.0000 1.4736 1.6065 3.9049 10.9814 1.4170 10.0872 0.0918 0.9992
Car 0.0000 0.0000 0.0000 571.0000 171.0000 614.0000 197.0000 1.4969 1.6485 3.9512 -0.9766 1.3642 44.8304 -1.3089 0.9990
Car 0.0000 0.0000 0.0000 1570.0000 156.0000 2087.0000 280.0000 1.4708 1.5799 3.7897 15.7333 1.2842 9.4988 0.0704 0.9972
Car 0.0000 0.0000 0.0000 472.0000 174.0000 540.0000 198.0000 1.5513 1.6952 4.2660 -6.7434 1.5316 47.4931 -0.8064 0.9951
Car 0.0000 0.0000 0.0000 778.0000 166.0000 808.0000 190.0000 1.5333 1.6633 3.7776 12.2969 1.0446 48.1752 -1.4022 0.9845
Car 0.0000 0.0000 0.0000 776.0000 168.0000 799.0000 186.0000 1.4758 1.5833 3.6660 15.5376 1.0290 62.4826 -1.4197 0.9608
