Car 0.0000 0.0000 0.0000 659.0000 180.0000 755.0000 250.0000 1.4668 1.6219 4.1351 2.2078 1.6294 17.4449 1.5361 0.9999
Car 0.0000 0.0000 0.0000 54.0000 190.0000 352.0000 289.0000 1.4656 1.6068 3.9838 -6.5418 1.7541 11.8121 0.0166 0.9996
Car 0.0000 0.0000 0.0000 637.0000 174.0000 680.0000 210.0000 1.5482 1.6423 3.5882 2.1773 1.5532 32.6389 1.5549 0.9995
Car 0.0000 0.0000 0.0000 183.0000 187.0000 406.0000 268.0000 1.4897 1.5889 3.7717 -6.2081 1.7676 14.3535 0.0883 0.9995
Car 0.0000 0.0000 0.0000 276.0000 184.0000 430.0000 242.0000 1.4667 1.5630 3.6262 -6.9210 1.7707 19.5546 0.1032 0.9991
Car 0.0000 0.0000 0.0000 388.0000 178.0000 501.0000 218.0000 1.5210 1.6223 4.0907 -6.5339 1.7067 28.8092 0.0704 0.9971
Car 0.0000 0.0000 0.0000 429.0000 180.0000 497.0000 213.0000 1.5208 1.6095 3.9942 -7.1703 1.8559 35.6881 -1.2765 0.9969
Car 0.0000 0.0000 0.0000 1195.0000 161.0000 2492.0000 531.0000 1.5122 1.6159 3.8286 5.8133 1.4845 3.9323 0.0999 0.9969
Car 0.0000 0.0000 0.0000 631.0000 177.0000 669.0000 208.0000 1.5405 1.5924 3.6939 2.1033 1.7034 37.6607 1.5252 0.9895
Car 0.0000 0.0000 0.0000 494.0000 166.0000 546.0000 188.0000 1.9178 1.7801 4.5169 -7.9449 1.2033 64.9834 -0.0095 0.9884
Car 0.0000 0.0000 0.0000 676.0000 178.0000 702.0000 198.0000 1.5948 1.7056 3.7125 6.5467 1.8991 59.2079 1.5697 0.9876
Car 0.0000 0.0000 0.0000 794.0000 157.0000 883.0000 189.0000 1.8831 1.7760 5.0219 14.2991 0.8739 45.0431 0.0756 0.9818
Car 0.0000 0.0000 0.0000 793.0000 168.0000 877.0000 198.0000 1.5605 1.6173 4.0867 12.3051 1.2807 39.3566 0.0500 0.9726
