Car 0.0000 0.0000 0.0000 667.0000 172.0000 730.0000 223.0000 1.5638 1.5994 3.6940 2.9399 1.5299 24.3226 1.5592 0.9999
Car 0.0000 0.0000 0.0000 740.0000 177.0000 918.0000 298.0000 1.4925 1.5851 3.7451 3.0511 1.5552 10.8575 1.5708 0.9996
Car 0.0000 0.0000 0.0000 795.0000 185.0000 1287.0000 458.0000 1.4450 1.5764 4.0802 2.8558 1.5599 5.9806 1.5572 0.9996
Car 0.0000 0.0000 0.0000 366.0000 183.0000 438.0000 229.0000 1.5144 1.6291 3.7145 -7.4384 1.8635 26.1371 1.5429 0.9994
Car 0.0000 0.0000 0.0000 444.0000 180.0000 490.0000 210.0000 1.5607 1.6703 4.1141 -7.7387 1.9006 39.5136 1.5708 0.9991
Car 0.0000 0.0000 0.0000 592.0000 176.0000 621.0000 203.0000 1.5429 1.6393 3.6921 -0.1021 1.6744 42.6865 1.5708 0.9991
Car 0.0000 0.0000 0.0000 640.0000 172.0000 671.0000 196.0000 1.5387 1.6503 3.9973 3.1750 1.4070 47.8691 -1.4082 0.9988
Car 0.0000 0.0000 0.0000 404.0000 181.0000 459.0000 217.0000 1.4558 1.5669 3.7477 -7.7330 1.7907 31.6353 1.5546 0.9978
Car 0.0000 0.0000 0.0000 -347.0000 209.0000 12.0000 321.0000 1.4816 1.5942 3.9482 -11.7015 2.0710 10.9440 0.0672 0.9968
Car 0.0000 0.0000 0.0000 652.0000 177.0000 701.0000 217.0000 1.5444 1.5829 3.4391 2.7199 1.6682 29.6791 1.5372 0.9953
Car 0.0000 0.0000 0.0000 710.0000 152.0000 811.0000 188.0000 1.9178 1.8735 5.2036 8.4661 0.7346 40.4858 -0.0304 0.9640
