Car 0.0000 0.0000 0.0000 663.0000 176.0000 736.0000 230.0000 1.5057 1.6496 4.2526 2.6965 1.5924 22.3788 1.5532 0.9998
Car 0.0000 0.0000 0.0000 159.0000 170.0000 422.0000 264.0000 1.7250 1.7179 4.5126 -6.2659 1.6853 14.3951 0.0512 0.9997
Car 0.0000 0.0000 0.0000 -71.0000 176.0000 309.0000 319.0000 1.5923 1.5796 3.6943 -5.9520 1.6426 8.9380 0.0411 0.9996
Car 0.0000 0.0000 0.0000 345.0000 150.0000 517.0000 219.0000 2.3864 1.9280 5.7774 -6.4474 1.5711 26.3931 0.0801 0.9994
Car 0.0000 0.0000 0.0000 362.0000 173.0000 494.0000 222.0000 1.5367 1.5870 3.9404 -5.9407 1.5408 23.8375 0.0659 0.9993
Car 0.0000 0.0000 0.0000 780.0000 -118.0000 1808.0000 636.0000 2.5055 1.9881 5.9508 2.9546 1.5556 5.3728 1.5708 0.9983
Car 0.0000 0.0000 0.0000 449.0000 171.0000 536.0000 205.0000 1.6349 1.6385 4.0571 -5.8508 1.5324 36.3444 0.0590 0.9983
Car 0.0000 0.0000 0.0000 -435.0000 149.0000 191.0000 378.0000 1.8011 1.7076 4.2795 -6.5188 1.6339 6.6620 0.0729 0.9982
Car 0.0000 0.0000 0.0000 272.0000 179.0000 443.0000 240.0000 1.5388 1.5993 3.9573 -6.6152 1.6832 19.0663 0.0933 0.9981
Car 0.0000 0.0000 0.0000 329.0000 172.0000 404.0000 230.0000 1.5574 1.5442 3.5739 -7.2945 1.5278 21.3941 1.0918 0.9969
Car 0.0000 0.0000 0.0000 725.0000 173.0000 830.0000 214.0000 1.5079 1.6145 3.6993 6.3312 1.4838 27.3958 0.0750 0.9962
Car 0.0000 0.0000 0.0000 739.0000 177.0000 852.0000 259.0000 1.5356 1.5789 3.4704 3.8301 1.6179 15.4130 1.5708 0.9948
Car 0.0000 0.0000 0.0000 221.0000 183.0000 394.0000 256.0000 1.5215 1.5933 3.7248 -7.0448 1.7586 16.7312 0.4293 0.9900
Car 0.0000 0.0000 0.0000 511.0000 168.0000 545.0000 197.0000 1.5649 1.6425 3.9192 -4.7177 1.2724 42.2421 1.5479 0.9895
Car 0.0000 0.0000 0.0000 716.0000 180.0000 815.0000 217.0000 1.5493 1.6555 4.0981 6.8381 1.8273 31.8232 0.0990 0.9874
Car 0.0000 0.0000 0.0000 662.0000 160.0000 693.0000 185.0000 1.7161 1.7027 3.9439 4.9473 0.7799 52.4330 1.5291 0.9807
Car 0.0000 0.0000 0.0000 -1331.0000 152.0000 -123.0000 530.0000 1.6585 1.6391 4.1243 -7.0354 1.5901 4.0771 0.0516 0.9744
Car 0.0000 0.0000 0.0000 -95.0000 184.0000 69.0000 308.0000 1.5649 1.6143 3.7678 -9.4880 1.7317 11.1844 0.9450 0.9726
Car 0.0000 0.0000 0.0000 628.0000 173.0000 649.0000 191.0000 1.5550 1.6438 3.7613 2.7195 1.5072 65.6328 1.5471 0.9615
