Car 0.0000 0.0000 0.0000 663.0000 178.0000 756.0000 247.0000 1.4974 1.6047 3.8985 2.3258 1.6124 17.7822 1.5376 0.9998
Car 0.0000 0.0000 0.0000 639.0000 174.0000 689.0000 212.0000 1.4758 1.5943 3.8302 2.2196 1.5111 30.2706 1.5167 0.9997
Car 0.0000 0.0000 0.0000 515.0000 173.0000 559.0000 211.0000 1.5594 1.6408 3.5108 -3.0816 1.5399 31.2872 1.5519 0.9997
Car 0.0000 0.0000 0.0000 927.0000 197.0000 10773.0000 5399.0000 1.4281 1.5215 3.5441 2.4085 1.5445 1.9899 1.5586 0.9994
Car 0.0000 0.0000 0.0000 180.0000 175.0000 436.0000 335.0000 1.4784 1.5978 3.9187 -3.3439 1.5157 8.7373 1.5327 0.9992
Car 0.0000 0.0000 0.0000 -521.0000 199.0000 396.0000 726.0000 1.4839 1.6342 3.9525 -2.6944 1.6928 4.1731 1.5708 0.9974
Car 0.0000 0.0000 0.0000 523.0000 158.0000 557.0000 190.0000 1.5366 1.6402 3.9280 -3.5155 0.7940 36.8060 1.4776 0.9845
Car 0.0000 0.0000 0.0000 540.0000 172.0000 568.0000 199.0000 1.5900 1.6392 3.8573 -3.4868 1.4852 45.4404 1.4820 0.9820
Car 0.0000 0.0000 0.0000 221.0000 184.0000 371.0000 237.0000 1.4838 1.5889 3.7653 -9.2429 1.8056 21.3310 0.0850 0.9738
Car 0.0000 0.0000 0.0000 490.0000 161.0000 545.0000 187.0000 2.1718 1.8457 4.5929 -7.8916 1.1175 62.5813 -0.0604 0.9722
