Car 0.0000 0.0000 0.0000 734.0000 179.0000 918.0000 300.0000 1.4996 1.5966 3.6709 3.0065 1.5821 10.8678 1.5531 0.9999
Car 0.0000 0.0000 0.0000 355.0000 180.0000 456.0000 239.0000 1.5452 1.6905 4.2019 -5.9124 1.7368 21.3384 1.5708 0.9998
Car 0.0000 0.0000 0.0000 550.0000 180.0000 575.0000 204.0000 1.5851 1.6861 3.7791 -3.2907 2.0281 50.9027 1.4927 0.9996
Car 0.0000 0.0000 0.0000 159.0000 197.0000 362.0000 300.0000 1.4616 1.6395 4.0394 -6.0256 1.9244 12.9536 1.5708 0.9992
Car 0.0000 0.0000 0.0000 516.0000 181.0000 546.0000 202.0000 1.5303 1.6793 3.9393 -5.7620 2.0320 53.5578 1.5708 0.9992
Car 0.0000 0.0000 0.0000 -237.0000 205.0000 202.0000 409.0000 1.5101 1.5874 3.3456 -6.0192 1.8956 7.4346 1.5708 0.9983
Car 0.0000 0.0000 0.0000 1370.0000 123.0000 1637.0000 199.0000 1.8994 1.7834 4.5904 24.8696 0.6455 20.3614 1.5697 0.9967
Car 0.0000 0.0000 0.0000 420.0000 180.0000 486.0000 223.0000 1.5249 1.6207 4.0201 -6.0084 1.7782 28.0689 1.5708 0.9960
Car 0.0000 0.0000 0.0000 822.0000 174.0000 903.0000 203.0000 1.5246 1.6232 3.9042 13.9520 1.5543 39.6778 0.0753 0.9906
Car 0.0000 0.0000 0.0000 856.0000 158.0000 934.0000 185.0000 1.9676 1.9053 5.2475 21.9654 0.7721 55.2355 -0.0922 0.9898
Car 0.0000 0.0000 0.0000 637.0000 177.0000 661.0000 197.0000 1.6577 1.6952 3.7104 3.3568 1.8972 60.2939 1.5523 0.9858
Car 0.0000 0.0000 0.0000 889.0000 171.0000 1022.0000 212.0000 1.5684 1.7014 4.5033 13.7341 1.4728 28.7849 0.1874 0.9843
Car 0.0000 0.0000 0.0000 842.0000 159.0000 889.0000 180.0000 1.8101 1.7740 4.4928 22.2360 0.5469 62.4352 1.3987 0.9836
