Car 0.0000 0.0000 0.0000 669.0000 176.0000 743.0000 232.0000 1.4929 1.5928 3.7321 2.7428 1.5733 21.2384 1.5540 0.9998
Car 0.0000 0.0000 0.0000 166.0000 192.0000 405.0000 334.0000 1.4294 1.5303 3.5397 -3.9797 1.7051 9.4241 1.5708 0.9998
Car 0.0000 0.0000 0.0000 472.0000 178.0000 534.0000 222.0000 1.4597 1.5893 3.6977 -3.7290 1.6139 25.8007 1.5708 0.9997
Car 0.0000 0.0000 0.0000 342.0000 183.0000 479.0000 271.0000 1.5009 1.6191 4.1723 -3.8809 1.7051 14.6719 1.5708 0.9997
Car 0.0000 0.0000 0.0000 1053.0000 112.0000 1492.0000 279.0000 1.6596 1.6878 3.9603 7.9143 1.0519 9.2357 1.4448 0.9994
Car 0.0000 0.0000 0.0000 709.0000 171.0000 791.0000 201.0000 1.6264 1.6764 4.2544 7.8729 1.4904 40.4298 0.0442 0.9985
Car 0.0000 0.0000 0.0000 874.0000 173.0000 989.0000 231.0000 1.4868 1.6099 3.8262 9.1543 1.4699 20.3546 -0.7529 0.9973
Car 0.0000 0.0000 0.0000 502.0000 168.0000 553.0000 212.0000 1.7724 1.7741 4.5527 -3.5055 1.5334 31.5530 1.5551 0.9970
Car 0.0000 0.0000 0.0000 661.0000 177.0000 715.0000 220.0000 1.4863 1.5476 3.6550 2.8845 1.6102 27.1314 1.5529 0.9964
Car 0.0000 0.0000 0.0000 803.0000 175.0000 911.0000 220.0000 1.5122 1.6212 3.8533 9.0133 1.5617 26.1171 -0.5530 0.9928
Car 0.0000 0.0000 0.0000 -353.0000 -434.0000 2054.0000 586.0000 1.6521 1.6873 4.4133 -2.7344 1.4952 0.4564 1.5573 0.9920
Car 0.0000 0.0000 0.0000 -1676.0000 -869.0000 1662.0000 636.0000 1.4656 1.5243 3.4778 2.6434 1.5312 0.6663 1.5708 0.9918
Car 0.0000 0.0000 0.0000 566.0000 181.0000 585.0000 197.0000 1.4763 1.6262 3.9175 -3.1317 2.1698 69.0851 1.5708 0.9915
Car 0.0000 0.0000 0.0000 763.0000 167.0000 826.0000 201.0000 1.5094 1.6450 4.2128 8.9846 1.2144 34.6273 -0.9886 0.9906
Car 0.0000 0.0000 0.0000 709.0000 158.0000 799.0000 190.0000 1.8246 1.7988 4.9497 8.6208 0.8995 43.0313 0.0052 0.9869
Car 0.0000 0.0000 0.0000 602.0000 162.0000 659.0000 186.0000 1.5204 1.6008 3.7609 1.5315 0.7595 49.1038 0.1007 0.9831
Car 0.0000 0.0000 0.0000 526.0000 170.0000 552.0000 192.0000 1.5151 1.6479 3.8058 -4.8504 1.2441 50.4917 1.5191 0.9781
Car 0.0000 0.0000 0.0000 2312.0000 109.0000 2807.0000 291.0000 1.5433 1.6260 3.8976 20.2235 0.9869 7.5332 -0.3374 0.9760
Car 0.0000 0.0000 0.0000 366.0000 186.0000 414.0000 203.0000 1.4676 1.6185 3.7902 -19.5276 2.5652 64.4114 0.0666 0.9750
