Car 0.0000 0.0000 0.0000 586.0000 171.0000 649.0000 233.0000 1.6447 1.6722 3.5763 0.2201 1.5795 21.1199 1.5708 0.9997
Car 0.0000 0.0000 0.0000 245.0000 176.0000 349.0000 229.0000 1.7154 1.7824 4.2638 -10.8606 1.7955 25.3783 1.5708 0.9989
Car 0.0000 0.0000 0.0000 328.0000 179.0000 398.0000 218.0000 1.5696 1.6566 3.9545 -10.7451 1.8135 31.6737 1.5708 0.9985
Car 0.0000 0.0000 0.0000 -135.0000 180.0000 -63.0000 223.0000 1.5528 1.6009 3.7335 -27.8765 1.8116 28.3692 0.9114 0.9976
Car 0.0000 0.0000 0.0000 1013.0000 183.0000 1475.0000 561.0000 1.4795 1.6376 3.9461 4.1164 1.5648 4.9144 -0.8490 0.9967
Car 0.0000 0.0000 0.0000 709.0000 162.0000 835.0000 230.0000 1.6043 1.6315 3.9433 4.3334 1.3269 18.8546 -0.8880 0.9963
Car 0.0000 0.0000 0.0000 845.0000 171.0000 1112.0000 338.0000 1.5216 1.6670 4.0315 4.5218 1.4975 8.5734 -0.7888 0.9958
Car 0.0000 0.0000 0.0000 783.0000 172.0000 997.0000 285.0000 1.6585 1.7355 4.1791 5.0171 1.6448 12.6608 -0.7136 0.9954
Car 0.0000 0.0000 0.0000 449.0000 150.0000 506.0000 202.0000 2.6217 2.0217 6.0999 -7.0564 1.4322 39.4078 1.5686 0.9953
Car 0.0000 0.0000 0.0000 926.0000 161.0000 1044.0000 202.0000 2.0546 1.8536 5.0928 19.4674 1.4070 37.3653 0.0475 0.9938
Car 0.0000 0.0000 0.0000 667.0000 171.0000 779.0000 216.0000 1.5041 1.6273 3.7504 4.1329 1.4324 26.2478 -0.4281 0.9925
Car 0.0000 0.0000 0.0000 388.0000 179.0000 438.0000 208.0000 1.4689 1.6017 3.9609 -10.4623 1.7525 38.6844 1.5708 0.9917
Car 0.0000 0.0000 0.0000 657.0000 156.0000 694.0000 182.0000 1.5147 1.6143 3.7408 4.1458 0.4848 44.4709 -1.2969 0.9661
