Car 0.0000 0.0000 0.0000 256.0000 173.0000 409.0000 235.0000 1.8158 1.6719 4.0715 -8.4585 1.8170 22.1379 0.0926 0.9998
Car 0.0000 0.0000 0.0000 22.0000 183.0000 272.0000 274.0000 1.5879 1.5987 3.7488 -8.6695 1.7725 13.6463 0.0312 0.9986
Car 0.0000 0.0000 0.0000 133.0000 177.0000 334.0000 256.0000 1.7292 1.6393 3.8690 -8.6991 1.8161 16.7957 0.0880 0.9985
Car 0.0000 0.0000 0.0000 -368.0000 195.0000 91.0000 344.0000 1.4533 1.5684 3.5983 -8.2465 1.7236 8.1190 0.0172 0.9984
Car 0.0000 0.0000 0.0000 215.0000 188.0000 370.0000 247.0000 1.4622 1.5849 3.6892 -8.5489 1.8735 19.4461 0.2974 0.9979
Car 0.0000 0.0000 0.0000 310.0000 181.0000 432.0000 227.0000 1.5135 1.5737 3.6731 -8.2563 1.7798 25.0690 0.0808 0.9970
Car 0.0000 0.0000 0.0000 438.0000 178.0000 485.0000 209.0000 1.4827 1.6327 3.9282 -7.4628 1.7177 36.7504 1.5528 0.9968
Car 0.0000 0.0000 0.0000 362.0000 183.0000 454.0000 220.0000 1.6093 1.6096 3.6453 -8.9843 2.0135 32.3255 0.0615 0.9952
Car 0.0000 0.0000 0.0000 345.0000 181.0000 447.0000 219.0000 1.4884 1.5726 3.6675 -8.6946 1.7813 29.4526 0.1266 0.9922
Car 0.0000 0.0000 0.0000 892.0000 167.0000 1004.0000 206.0000 1.5559 1.6530 3.9738 14.3290 1.3031 30.6467 0.1401 0.9770
Car 0.0000 0.0000 0.0000 434.0000 182.0000 507.0000 210.0000 1.5150 1.5992 3.7476 -7.8922 1.9919 41.1734 0.1661 0.9769
