Car 0.0000 0.0000 0.0000 681.0000 177.0000 743.0000 231.0000 1.5645 1.6233 3.3344 3.1717 1.6665 22.8022 1.5708 0.9999
Car 0.0000 0.0000 0.0000 574.0000 176.0000 633.0000 233.0000 1.5684 1.6360 3.4885 -0.1746 1.6509 21.9908 1.5708 0.9998
Car 0.0000 0.0000 0.0000 825.0000 185.0000 1254.0000 430.0000 1.4507 1.5314 3.3865 3.1085 1.5645 6.0975 1.5470 0.9998
Car 0.0000 0.0000 0.0000 662.0000 179.0000 708.0000 220.0000 1.4939 1.5819 3.7255 2.9519 1.6957 28.5787 1.5708 0.9995
Car 0.0000 0.0000 0.0000 322.0000 190.0000 381.0000 209.0000 1.4541 1.6250 4.0892 -20.3820 2.7295 57.1885 -0.1229 0.9981
Car 0.0000 0.0000 0.0000 647.0000 176.0000 686.0000 210.0000 1.5097 1.6060 3.9452 2.6839 1.6011 34.3278 1.5708 0.9945
Car 0.0000 0.0000 0.0000 459.0000 182.0000 481.0000 198.0000 1.5175 1.6799 4.0717 -13.4365 2.2961 69.8742 1.4769 0.9869
Car 0.0000 0.0000 0.0000 268.0000 189.0000 315.0000 205.0000 1.4357 1.6094 3.8975 -29.9184 2.8395 68.0613 -0.3301 0.9855
Car 0.0000 0.0000 0.0000 591.0000 173.0000 644.0000 217.0000 1.6180 1.6350 3.7117 0.2750 1.6003 28.8062 1.4547 0.9824
Car 0.0000 0.0000 0.0000 367.0000 182.0000 394.0000 198.0000 1.4683 1.6143 4.0463 -22.2849 2.2756 70.4798 1.4962 0.9807
Car 0.0000 0.0000 0.0000 633.0000 178.0000 668.0000 205.0000 1.4931 1.5897 3.8235 2.4415 1.7452 42.5480 1.5034 0.9797
