Car 0.0000 0.0000 0.0000 371.0000 189.0000 492.0000 278.0000 1.4763 1.6094 4.0125 -3.4276 1.8046 14.4660 1.5265 0.9999
Car 0.0000 0.0000 0.0000 1105.0000 157.0000 1453.0000 258.0000 1.6206 1.6717 4.3895 11.5094 1.3809 12.6514 0.0699 0.9996
Car 0.0000 0.0000 0.0000 -5.0000 202.0000 286.0000 355.0000 1.4816 1.5642 3.4664 -5.7556 1.9103 9.3037 1.5494 0.9991
Car 0.0000 0.0000 0.0000 450.0000 170.0000 534.0000 238.0000 1.8225 1.7955 4.4700 -3.4088 1.7305 21.5886 1.5645 0.9990
Car 0.0000 0.0000 0.0000 351.0000 189.0000 438.0000 247.0000 1.4426 1.5767 3.8441 -6.0503 1.9098 20.6330 1.5087 0.9989
Car 0.0000 0.0000 0.0000 493.0000 184.0000 546.0000 225.0000 1.4896 1.6253 3.9418 -3.4968 1.8970 28.5526 1.5705 0.9987
Car 0.0000 0.0000 0.0000 609.0000 184.0000 670.0000 207.0000 1.4947 1.6595 3.9588 2.0298 2.1553 47.4423 0.0560 0.9987
Car 0.0000 0.0000 0.0000 629.0000 183.0000 724.0000 217.0000 1.4751 1.6318 4.1259 3.1173 1.9210 33.5844 -0.1491 0.9986
Car 0.0000 0.0000 0.0000 537.0000 182.0000 563.0000 204.0000 1.4797 1.6151 4.0170 -4.1291 2.0441 50.7250 1.5411 0.9986
Car 0.0000 0.0000 0.0000 207.0000 195.0000 376.0000 291.0000 1.4738 1.5873 3.6590 -5.8232 1.9231 13.6027 1.5634 0.9974
Car 0.0000 0.0000 0.0000 393.0000 182.0000 470.0000 226.0000 1.4629 1.5978 3.9411 -6.3453 1.7564 26.1033 1.5708 0.9939
Car 0.0000 0.0000 0.0000 2312.0000 -261.0000 8135.0000 941.0000 1.9126 1.7369 4.3220 12.5375 1.2230 3.3611 -0.8893 0.9606
