Car 0.0000 0.0000 0.0000 403.0000 172.0000 465.0000 219.0000 1.4330 1.5610 3.4757 -5.7663 1.3855 23.9570 1.4595 0.9999
Car 0.0000 0.0000 0.0000 822.0000 160.0000 934.0000 225.0000 1.5846 1.6329 3.6074 7.0720 1.2571 19.3676 1.5708 0.9998
Car 0.0000 0.0000 0.0000 573.0000 160.0000 610.0000 193.0000 1.5376 1.6640 3.6386 -0.8845 0.8928 35.3922 1.5096 0.9996
Car 0.0000 0.0000 0.0000 625.0000 162.0000 661.0000 193.0000 1.8474 1.8624 4.3582 2.1231 1.1555 45.8392 1.5179 0.9996
Car 0.0000 0.0000 0.0000 153.0000 187.0000 309.0000 259.0000 1.4405 1.6527 4.3442 -8.8145 1.7718 17.1792 1.5158 0.9995
Car 0.0000 0.0000 0.0000 737.0000 170.0000 849.0000 236.0000 1.5346 1.6209 4.0308 4.6452 1.4587 18.8882 1.4931 0.9994
Car 0.0000 0.0000 0.0000 495.0000 157.0000 584.0000 243.0000 1.8531 1.8110 4.1233 -1.6057 1.5095 17.7142 1.5660 0.9992
Car 0.0000 0.0000 0.0000 907.0000 167.0000 1049.0000 230.0000 1.5090 1.5538 3.6665 9.6373 1.3611 19.1541 1.4530 0.9977
Car 0.0000 0.0000 0.0000 1.0000 173.0000 189.0000 257.0000 1.7611 1.6961 3.8902 -11.9561 1.7529 17.0490 1.5603 0.9971
Car 0.0000 0.0000 0.0000 2048.0000 163.0000 4993.0000 1367.0000 1.5291 1.6557 3.9319 6.9317 1.5130 2.5022 -0.4433 0.9946
Car 0.0000 0.0000 0.0000 1364.0000 137.0000 1639.0000 217.0000 1.8803 1.8014 4.5046 23.5479 1.0212 19.3448 1.5708 0.9946
Car 0.0000 0.0000 0.0000 1145.0000 111.0000 1312.0000 272.0000 2.3044 1.8918 5.4088 11.0138 1.4091 13.0177 -0.8898 0.9939
Car 0.0000 0.0000 0.0000 -283.0000 190.0000 -20.0000 266.0000 1.4707 1.6897 4.3669 -17.6374 1.8915 17.0174 1.5303 0.9935
Car 0.0000 0.0000 0.0000 1909.0000 144.0000 2140.0000 222.0000 1.6637 1.6391 4.1979 33.8273 1.0336 17.3696 -0.6882 0.9761
