Car 0.0000 0.0000 0.0000 394.0000 181.0000 515.0000 222.0000 1.4704 1.6181 4.2613 -5.8647 1.7784 27.5480 0.0642 0.9996
Car 0.0000 0.0000 0.0000 379.0000 159.0000 525.0000 220.0000 2.4215 1.9650 5.6345 -6.5163 1.8651 30.1996 0.0565 0.9996
Car 0.0000 0.0000 0.0000 -280.0000 183.0000 170.0000 347.0000 1.5304 1.5715 3.4879 -6.9358 1.6510 7.6790 0.0699 0.9995
Car 0.0000 0.0000 0.0000 278.0000 180.0000 458.0000 245.0000 1.5410 1.6181 4.0062 -6.0556 1.7149 18.2537 0.0484 0.9994
Car 0.0000 0.0000 0.0000 131.0000 179.0000 386.0000 278.0000 1.6082 1.5973 3.7584 -6.1173 1.7199 12.6913 0.0974 0.9994
Car 0.0000 0.0000 0.0000 656.0000 175.0000 714.0000 220.0000 1.4866 1.6368 4.0010 2.6495 1.5517 26.0892 1.5664 0.9994
Car 0.0000 0.0000 0.0000 -29.0000 174.0000 329.0000 303.0000 1.6729 1.6576 4.1676 -6.4465 1.6966 10.2997 0.0751 0.9993
Car 0.0000 0.0000 0.0000 724.0000 79.0000 1053.0000 349.0000 2.3820 1.9454 5.7071 2.9018 1.5650 9.2362 1.5648 0.9948
Car 0.0000 0.0000 0.0000 337.0000 183.0000 475.0000 233.0000 1.4840 1.6010 3.8739 -6.4005 1.8039 22.7725 0.1774 0.9934
Car 0.0000 0.0000 0.0000 347.0000 177.0000 468.0000 224.0000 1.5612 1.5817 3.7167 -7.0158 1.6893 25.1807 0.0849 0.9930
Car 0.0000 0.0000 0.0000 626.0000 178.0000 646.0000 194.0000 1.5133 1.6192 3.6392 2.6167 1.8912 69.3590 1.5259 0.9900
Car 0.0000 0.0000 0.0000 521.0000 177.0000 548.0000 203.0000 1.5187 1.6238 3.7368 -4.6906 1.7537 45.8730 1.4938 0.9894
Car 0.0000 0.0000 0.0000 505.0000 174.0000 542.0000 202.0000 1.5082 1.6045 3.6817 -4.9282 1.5468 41.2737 1.3055 0.9850
Car 0.0000 0.0000 0.0000 685.0000 181.0000 754.0000 207.0000 1.5075 1.6451 3.9759 6.5778 1.9323 43.0866 0.0738 0.9833
Car 0.0000 0.0000 0.0000 704.0000 174.0000 756.0000 210.0000 1.5180 1.5944 3.7140 5.3783 1.5266 32.3454 1.5409 0.9808
