Car 0.0000 0.0000 0.0000 718.0000 173.0000 865.0000 282.0000 1.5989 1.6411 3.7423 2.9589 1.6065 12.5504 1.5708 0.9999
Car 0.0000 0.0000 0.0000 896.0000 161.0000 1944.0000 721.0000 1.5881 1.5945 3.4856 2.9703 1.5739 3.8006 1.5708 0.9999
Car 0.0000 0.0000 0.0000 342.0000 173.0000 470.0000 262.0000 1.6422 1.6654 3.9887 -4.2127 1.6538 15.4639 1.5597 0.9998
Car 0.0000 0.0000 0.0000 157.0000 177.0000 393.0000 319.0000 1.6000 1.5982 3.6149 -4.3887 1.6548 10.0059 1.5680 0.9997
Car 0.0000 0.0000 0.0000 688.0000 175.0000 781.0000 242.0000 1.5377 1.6190 3.9018 3.0771 1.5828 18.5428 1.5462 0.9995
Car 0.0000 0.0000 0.0000 -712.0000 203.0000 212.0000 609.0000 1.4488 1.6095 3.7874 -4.4810 1.7124 4.7335 1.5490 0.9988
Car 0.0000 0.0000 0.0000 514.0000 176.0000 538.0000 199.0000 1.5239 1.6323 3.7960 -5.7945 1.6987 50.4386 1.4564 0.9977
Car 0.0000 0.0000 0.0000 629.0000 175.0000 659.0000 199.0000 1.5296 1.6248 3.7471 2.2882 1.5961 48.0042 1.5214 0.9967
Car 0.0000 0.0000 0.0000 585.0000 177.0000 606.0000 194.0000 1.5217 1.6445 3.7622 -1.2537 1.7818 66.6912 1.4711 0.9926
Car 0.0000 0.0000 0.0000 649.0000 129.0000 733.0000 202.0000 2.3777 1.9631 5.6097 2.8329 0.9372 26.2291 1.4908 0.9893
