Car 0.0000 0.0000 0.0000 670.0000 173.0000 732.0000 222.0000 1.5336 1.6002 3.6468 3.0275 1.5206 24.4194 1.5708 0.9998
Car 0.0000 0.0000 0.0000 498.0000 179.0000 553.0000 219.0000 1.5073 1.6318 3.8214 -3.3311 1.6993 29.1309 1.5708 0.9997
Car 0.0000 0.0000 0.0000 313.0000 187.0000 463.0000 289.0000 1.4953 1.5662 3.5803 -3.7377 1.7425 12.6744 1.5603 0.9997
Car 0.0000 0.0000 0.0000 408.0000 183.0000 508.0000 253.0000 1.5047 1.6195 3.9837 -3.6304 1.7541 17.8635 1.5708 0.9997
Car 0.0000 0.0000 0.0000 -797.0000 191.0000 384.0000 867.0000 1.6185 1.6910 3.9613 -2.7812 1.7509 3.8089 1.5708 0.9996
Car 0.0000 0.0000 0.0000 892.0000 179.0000 2255.0000 897.0000 1.5660 1.5781 3.5585 2.7752 1.5984 3.3595 1.5708 0.9995
Car 0.0000 0.0000 0.0000 959.0000 135.0000 1235.0000 253.0000 1.6910 1.6879 4.0101 8.0164 1.1472 12.3971 1.4513 0.9993
Car 0.0000 0.0000 0.0000 519.0000 170.0000 569.0000 209.0000 1.7816 1.7073 4.2369 -3.0672 1.6089 34.7820 1.5708 0.9985
Car 0.0000 0.0000 0.0000 845.0000 177.0000 953.0000 228.0000 1.4887 1.6260 4.0113 9.4999 1.6124 23.5112 -0.7208 0.9977
Car 0.0000 0.0000 0.0000 323.0000 190.0000 374.0000 208.0000 1.4855 1.6398 4.1791 -24.3478 3.0472 67.4190 -0.7997 0.9976
Car 0.0000 0.0000 0.0000 713.0000 172.0000 782.0000 200.0000 1.6344 1.6390 3.9387 8.3369 1.5133 43.5789 0.0871 0.9945
Car 0.0000 0.0000 0.0000 791.0000 177.0000 891.0000 216.0000 1.4961 1.5930 3.7165 9.3855 1.6179 29.1066 -0.4294 0.9922
Car 0.0000 0.0000 0.0000 1485.0000 127.0000 1680.0000 242.0000 1.4987 1.6012 3.7742 14.9062 0.8851 11.1979 -0.6779 0.9897
Car 0.0000 0.0000 0.0000 665.0000 177.0000 708.0000 216.0000 1.5088 1.5687 3.6496 3.2045 1.6515 30.2218 1.5708 0.9732
