Car 0.0000 0.0000 0.0000 365.0000 196.0000 491.0000 291.0000 1.4987 1.6304 3.8813 -3.4046 1.9760 14.0786 1.5286 0.9999
Car 0.0000 0.0000 0.0000 1128.0000 167.0000 1490.0000 268.0000 1.5745 1.6736 4.2667 11.6576 1.4894 12.2943 0.1201 0.9992
Car 0.0000 0.0000 0.0000 443.0000 177.0000 527.0000 249.0000 1.8767 1.7009 4.3794 -3.5245 1.9891 21.1482 1.5708 0.9992
Car 0.0000 0.0000 0.0000 631.0000 190.0000 726.0000 224.0000 1.4981 1.6792 4.2494 3.1631 2.2535 33.2646 0.0637 0.9990
Car 0.0000 0.0000 0.0000 489.0000 189.0000 544.0000 231.0000 1.4599 1.6572 3.9540 -3.5566 2.0904 28.1672 1.5627 0.9982
Car 0.0000 0.0000 0.0000 196.0000 197.0000 374.0000 297.0000 1.4633 1.5870 3.8094 -5.7678 1.9470 13.2614 1.5633 0.9980
Car 0.0000 0.0000 0.0000 -30.0000 206.0000 276.0000 367.0000 1.4733 1.5605 3.4363 -5.7215 1.9383 8.9498 1.5445 0.9978
Car 0.0000 0.0000 0.0000 534.0000 191.0000 561.0000 216.0000 1.5078 1.6380 3.9552 -4.0472 2.6621 47.9781 1.5205 0.9971
Car 0.0000 0.0000 0.0000 347.0000 194.0000 439.0000 255.0000 1.4481 1.5897 4.0197 -6.0002 2.0767 20.3467 1.5112 0.9964
Car 0.0000 0.0000 0.0000 550.0000 185.0000 571.0000 202.0000 1.5794 1.6602 4.1684 -4.7401 2.6893 70.1347 1.4089 0.9935
Car 0.0000 0.0000 0.0000 608.0000 182.0000 671.0000 206.0000 1.4768 1.6526 4.0402 2.0479 2.0243 47.0085 0.0824 0.9886
Car 0.0000 0.0000 0.0000 2898.0000 -19.0000 6131.0000 830.0000 1.7045 1.6370 4.0578 12.5842 1.3082 2.9444 -0.3763 0.9859
Car 0.0000 0.0000 0.0000 404.0000 181.0000 463.0000 225.0000 1.4643 1.5699 3.7702 -6.4178 1.7434 26.5821 1.4775 0.9768
