Car 0.0000 0.0000 0.0000 40.0000 191.0000 136.0000 252.0000 1.5134 1.5887 3.2411 -14.8002 2.0394 20.5606 1.1473 0.9997
Car 0.0000 0.0000 0.0000 638.0000 178.0000 699.0000 221.0000 1.4694 1.5362 3.4562 2.1281 1.6209 26.7785 1.4447 0.9997
Car 0.0000 0.0000 0.0000 574.0000 180.0000 606.0000 206.0000 1.5723 1.6548 3.7083 -1.2186 1.9596 45.6438 1.4588 0.9996
Car 0.0000 0.0000 0.0000 715.0000 170.0000 866.0000 279.0000 1.5755 1.6240 4.0862 2.9113 1.5362 12.5194 1.5708 0.9995
Car 0.0000 0.0000 0.0000 554.0000 180.0000 577.0000 200.0000 1.5046 1.6251 3.9300 -3.3941 1.9689 55.9012 1.4777 0.9991
Car 0.0000 0.0000 0.0000 688.0000 179.0000 777.0000 245.0000 1.4580 1.5373 3.7531 2.9504 1.5850 18.0019 1.5682 0.9986
Car 0.0000 0.0000 0.0000 607.0000 177.0000 660.0000 212.0000 1.5245 1.5959 3.5532 1.0962 1.6884 33.6427 1.3485 0.9985
Car 0.0000 0.0000 0.0000 791.0000 -120.0000 1859.0000 654.0000 2.4932 1.9968 5.7079 2.9990 1.5675 5.1793 1.5708 0.9985
Car 0.0000 0.0000 0.0000 442.0000 181.0000 485.0000 221.0000 1.5340 1.6028 3.5452 -5.8814 1.8078 29.2195 1.3911 0.9970
Car 0.0000 0.0000 0.0000 536.0000 183.0000 554.0000 197.0000 1.3977 1.5911 3.8044 -6.2479 2.2465 70.6428 1.4479 0.9963
