Car 0.0000 0.0000 0.0000 694.0000 177.0000 758.0000 222.0000 1.5121 1.6378 4.2472 4.1637 1.6244 26.2470 1.5693 0.9995
Car 0.0000 0.0000 0.0000 550.0000 180.0000 735.0000 352.0000 1.4768 1.5968 3.5957 0.2724 1.5562 8.0535 1.5708 0.9993
Car 0.0000 0.0000 0.0000 670.0000 165.0000 721.0000 207.0000 1.8729 1.8643 4.5948 4.0386 1.4811 34.3663 1.5708 0.9990
Car 0.0000 0.0000 0.0000 398.0000 177.0000 506.0000 251.0000 1.4914 1.6355 4.2408 -3.5600 1.5842 16.8895 1.5632 0.9985
Car 0.0000 0.0000 0.0000 576.0000 174.0000 651.0000 240.0000 1.5056 1.6345 3.7757 0.1896 1.5192 18.3529 1.5708 0.9985
Car 0.0000 0.0000 0.0000 456.0000 164.0000 525.0000 224.0000 1.7970 1.6998 4.1426 -3.7905 1.5124 23.5723 1.5337 0.9983
Car 0.0000 0.0000 0.0000 -4862.0000 64.0000 198.0000 2238.0000 1.5501 1.6113 3.6196 -3.2356 1.4925 2.3258 1.5708 0.9982
Car 0.0000 0.0000 0.0000 184.0000 85.0000 479.0000 330.0000 2.4786 1.9413 5.6829 -3.3874 1.6001 10.1858 1.5708 0.9952
Car 0.0000 0.0000 0.0000 766.0000 178.0000 933.0000 304.0000 1.4616 1.5097 3.6321 3.1509 1.5261 10.1952 -1.4559 0.9793
Car 0.0000 0.0000 0.0000 738.0000 115.0000 1002.0000 226.0000 1.6633 1.7904 4.7785 4.4671 0.7978 13.3263 1.1614 0.9746
