Car 0.0000 0.0000 0.0000 791.0000 179.0000 1199.0000 436.0000 1.5569 1.5573 3.2908 2.7699 1.6120 6.0842 1.5277 0.9998
Car 0.0000 0.0000 0.0000 669.0000 165.0000 808.0000 273.0000 1.6797 1.6403 3.6482 2.1613 1.5582 13.1073 1.5077 0.9997
Car 0.0000 0.0000 0.0000 589.0000 172.0000 650.0000 222.0000 1.5989 1.5801 3.4771 0.2874 1.5604 25.1545 1.4258 0.9997
Car 0.0000 0.0000 0.0000 405.0000 180.0000 448.0000 220.0000 1.5712 1.6351 3.6718 -7.6782 1.8289 30.4342 1.3544 0.9997
Car 0.0000 0.0000 0.0000 565.0000 174.0000 602.0000 207.0000 1.5317 1.5978 3.6104 -1.3065 1.5483 35.4638 1.4885 0.9992
Car 0.0000 0.0000 0.0000 226.0000 188.0000 383.0000 276.0000 1.4481 1.6042 4.2784 -5.9245 1.7535 14.5041 1.5021 0.9991
Car 0.0000 0.0000 0.0000 62.0000 192.0000 314.0000 337.0000 1.4246 1.5063 3.3795 -5.0993 1.6854 9.1606 1.4651 0.9990
Car 0.0000 0.0000 0.0000 548.0000 171.0000 575.0000 194.0000 1.5362 1.6124 3.9164 -3.3100 1.3662 51.0180 1.5614 0.9947
Car 0.0000 0.0000 0.0000 427.0000 175.0000 465.0000 206.0000 1.5891 1.6228 3.8704 -8.8552 1.6638 39.2893 1.4563 0.9875
Car 0.0000 0.0000 0.0000 723.0000 130.0000 785.0000 167.0000 1.5141 1.5496 3.7050 6.4738 -0.3456 32.5632 1.4161 0.9807
Car 0.0000 0.0000 0.0000 688.0000 163.0000 764.0000 212.0000 1.5951 1.6755 3.8134 4.1181 1.2594 25.9619 1.4496 0.9737
