Car 0.0000 0.0000 0.0000 735.0000 159.0000 942.0000 225.0000 1.5637 1.7022 4.7581 5.6918 1.2446 18.4141 0.0930 0.9998
Car 0.0000 0.0000 0.0000 450.0000 184.0000 507.0000 227.0000 1.4942 1.6077 3.7640 -4.9805 1.9035 27.8829 1.5433 0.9998
Car 0.0000 0.0000 0.0000 1042.0000 134.0000 1166.0000 170.0000 1.4992 1.7088 4.4541 22.2360 -0.2143 32.4260 -0.0420 0.9997
Car 0.0000 0.0000 0.0000 654.0000 176.0000 683.0000 202.0000 1.5508 1.6611 3.8492 3.8484 1.7086 45.9216 -1.4441 0.9996
Car 0.0000 0.0000 0.0000 765.0000 167.0000 799.0000 198.0000 1.5271 1.6190 3.7709 9.1017 1.2125 37.9131 -1.3328 0.9987
Car 0.0000 0.0000 0.0000 1245.0000 133.0000 1432.0000 184.0000 1.5017 1.6281 4.0533 22.6112 0.2969 22.4323 0.0476 0.9983
Car 0.0000 0.0000 0.0000 482.0000 181.0000 527.0000 216.0000 1.5491 1.6347 3.9358 -4.9555 1.9177 34.4930 1.5462 0.9979
Car 0.0000 0.0000 0.0000 541.0000 180.0000 575.0000 210.0000 1.5356 1.6369 3.6979 -2.7014 1.8704 38.7020 1.5585 0.9977
Car 0.0000 0.0000 0.0000 889.0000 156.0000 939.0000 183.0000 1.6988 1.6280 3.6727 19.6510 0.5906 46.4314 1.5661 0.9973
Car 0.0000 0.0000 0.0000 1516.0000 135.0000 1842.0000 219.0000 1.7001 1.6854 4.3888 23.2441 0.9157 15.7863 0.0471 0.9971
Car 0.0000 0.0000 0.0000 605.0000 177.0000 627.0000 198.0000 1.6443 1.6995 3.7664 0.5417 1.8675 57.7639 1.5679 0.9971
Car 0.0000 0.0000 0.0000 1386.0000 127.0000 1646.0000 195.0000 1.6194 1.7040 4.3175 23.0913 0.5107 18.4686 0.0499 0.9970
Car 0.0000 0.0000 0.0000 693.0000 165.0000 756.0000 189.0000 1.6115 1.6631 4.2351 8.0845 1.0144 50.4893 0.0488 0.9917
Car 0.0000 0.0000 0.0000 709.0000 171.0000 771.0000 196.0000 1.6033 1.6266 3.9308 8.8532 1.4490 48.7394 -0.0031 0.9877
Car 0.0000 0.0000 0.0000 1009.0000 144.0000 1118.0000 180.0000 1.6246 1.6992 4.1492 21.9965 0.2603 34.9870 0.2632 0.9849
Car 0.0000 0.0000 0.0000 926.0000 151.0000 984.0000 177.0000 1.5880 1.6765 4.0389 22.3988 0.1755 46.7610 1.5317 0.9765
