Car 0.0000 0.0000 0.0000 689.0000 181.0000 753.0000 229.0000 1.4691 1.5645 3.6469 3.6925 1.7251 24.2944 1.5658 0.9998
Car 0.0000 0.0000 0.0000 586.0000 178.0000 656.0000 244.0000 1.5476 1.6579 3.7234 0.2472 1.6619 18.8743 1.5653 0.9998
Car 0.0000 0.0000 0.0000 728.0000 148.0000 885.0000 271.0000 1.9277 1.7998 4.5942 3.4596 1.5402 13.6234 1.5708 0.9998
Car 0.0000 0.0000 0.0000 672.0000 173.0000 725.0000 212.0000 1.5924 1.6575 3.8673 3.8556 1.5844 31.6591 1.5178 0.9993
Car 0.0000 0.0000 0.0000 308.0000 177.0000 466.0000 260.0000 1.6017 1.6335 3.9337 -4.9909 1.6875 15.8221 0.7779 0.9992
Car 0.0000 0.0000 0.0000 -72.0000 170.0000 151.0000 257.0000 1.5320 1.6160 3.7305 -11.3598 1.4825 14.6595 1.5627 0.9990
Car 0.0000 0.0000 0.0000 477.0000 171.0000 547.0000 213.0000 1.5937 1.6632 3.8224 -4.0892 1.5051 29.7195 1.1005 0.9986
Car 0.0000 0.0000 0.0000 587.0000 175.0000 628.0000 213.0000 1.5630 1.6515 3.6503 -0.0291 1.6093 31.1932 1.5708 0.9983
Car 0.0000 0.0000 0.0000 169.0000 172.0000 285.0000 229.0000 1.5410 1.5933 3.5480 -11.2890 1.5064 21.5089 1.5685 0.9978
Car 0.0000 0.0000 0.0000 394.0000 179.0000 521.0000 234.0000 1.5537 1.5763 3.6162 -4.6332 1.7122 21.7640 0.5321 0.9972
Car 0.0000 0.0000 0.0000 519.0000 172.0000 566.0000 200.0000 1.5902 1.6590 4.0647 -4.0410 1.4869 43.2843 1.1658 0.9962
Car 0.0000 0.0000 0.0000 278.0000 171.0000 338.0000 205.0000 1.5362 1.6135 3.8322 -14.3778 1.4146 34.5214 1.4651 0.9952
Car 0.0000 0.0000 0.0000 346.0000 183.0000 494.0000 244.0000 1.4823 1.5295 3.3770 -4.8848 1.7474 18.6894 0.1667 0.9925
Car 0.0000 0.0000 0.0000 760.0000 88.0000 868.0000 153.0000 1.4836 1.6406 3.7242 5.5127 -0.6487 19.8691 1.4885 0.9653
