Car 0.0000 0.0000 0.0000 263.0000 182.0000 403.0000 258.0000 1.6098 1.6857 3.9296 -6.5421 1.8180 17.4673 1.5708 0.9999
Car 0.0000 0.0000 0.0000 588.0000 178.0000 654.0000 244.0000 1.6430 1.6679 3.2606 0.3070 1.7630 19.8134 1.5708 0.9998
Car 0.0000 0.0000 0.0000 471.0000 179.0000 526.0000 216.0000 1.6558 1.7551 4.3653 -5.2468 1.9073 34.6595 1.5708 0.9997
Car 0.0000 0.0000 0.0000 109.0000 177.0000 270.0000 255.0000 1.7708 1.7446 4.0152 -10.5303 1.8597 18.3951 1.5708 0.9997
Car 0.0000 0.0000 0.0000 708.0000 184.0000 839.0000 249.0000 1.4813 1.5958 3.8238 4.3152 1.7531 18.6847 -0.8178 0.9980
Car 0.0000 0.0000 0.0000 -204.0000 196.0000 131.0000 310.0000 1.4630 1.7042 4.4027 -10.4886 1.8946 12.2074 1.5708 0.9979
Car 0.0000 0.0000 0.0000 776.0000 184.0000 961.0000 285.0000 1.4418 1.5905 3.6810 4.5516 1.6450 12.4622 -0.7887 0.9968
Car 0.0000 0.0000 0.0000 -3140.0000 -1329.0000 8202.0000 4822.0000 1.4825 1.6295 4.0975 4.4636 1.5912 1.3550 -0.9062 0.9966
Car 0.0000 0.0000 0.0000 657.0000 175.0000 679.0000 193.0000 1.5073 1.6502 3.7949 5.2001 1.6094 62.5402 -1.4154 0.9960
Car 0.0000 0.0000 0.0000 -246.0000 188.0000 -22.0000 246.0000 1.4315 1.6005 4.3460 -21.1205 1.8748 20.7025 -1.3998 0.9954
Car 0.0000 0.0000 0.0000 581.0000 180.0000 602.0000 199.0000 1.4926 1.6467 4.0140 -1.4656 1.9722 59.2155 1.5292 0.9949
Car 0.0000 0.0000 0.0000 449.0000 174.0000 489.0000 202.0000 1.5197 1.6255 4.0917 -7.9830 1.5402 41.4316 1.5297 0.9909
Car 0.0000 0.0000 0.0000 867.0000 176.0000 892.0000 192.0000 1.4874 1.6045 3.9222 25.5726 1.6902 68.0092 -1.3455 0.9764
