Car 0.0000 0.0000 0.0000 397.0000 175.0000 596.0000 297.0000 1.6489 1.6915 4.0793 -1.6676 1.6838 11.9425 -1.2895 0.9998
Car 0.0000 0.0000 0.0000 825.0000 186.0000 1156.0000 413.0000 1.4238 1.5132 3.3268 2.9313 1.5518 6.3676 -1.4364 0.9998
Car 0.0000 0.0000 0.0000 788.0000 176.0000 967.0000 294.0000 1.4819 1.5754 3.6362 3.8247 1.5329 10.9650 1.5708 0.9997
Car 0.0000 0.0000 0.0000 739.0000 171.0000 788.0000 208.0000 1.5385 1.6374 3.4760 6.7210 1.4367 31.6740 1.5708 0.9996
Car 0.0000 0.0000 0.0000 925.0000 145.0000 1078.0000 218.0000 1.7202 1.7279 3.9474 10.2196 1.0438 19.1439 1.5096 0.9996
Car 0.0000 0.0000 0.0000 551.0000 176.0000 619.0000 221.0000 1.5110 1.6507 4.1626 -0.8025 1.5883 26.1904 -1.3969 0.9991
Car 0.0000 0.0000 0.0000 1036.0000 136.0000 1218.0000 212.0000 1.7494 1.7046 3.9073 13.0969 0.8840 18.5561 1.5095 0.9989
Car 0.0000 0.0000 0.0000 607.0000 172.0000 645.0000 202.0000 1.4659 1.6221 3.7759 0.9253 1.3833 37.1965 -1.4641 0.9986
Car 0.0000 0.0000 0.0000 -406.0000 199.0000 -268.0000 242.0000 1.5138 1.6362 3.3667 -38.5224 2.5940 29.3903 1.3428 0.9978
Car 0.0000 0.0000 0.0000 -3298.0000 -1523.0000 1334.0000 524.0000 1.4447 1.5595 4.0117 2.6142 1.5763 1.3147 1.5336 0.9973
Car 0.0000 0.0000 0.0000 522.0000 175.0000 589.0000 231.0000 1.5150 1.5606 3.4946 -1.4999 1.5507 21.1211 1.5708 0.9970
Car 0.0000 0.0000 0.0000 876.0000 166.0000 962.0000 205.0000 1.5267 1.6267 3.9520 13.0106 1.2016 30.1542 -0.6683 0.9952
Car 0.0000 0.0000 0.0000 782.0000 152.0000 856.0000 175.0000 1.6353 1.7892 4.8225 15.2913 0.0623 52.3866 -0.0539 0.9786
Car 0.0000 0.0000 0.0000 866.0000 152.0000 930.0000 175.0000 1.7238 1.7530 4.3970 22.8674 0.0079 56.9932 0.0609 0.9752
Car 0.0000 0.0000 0.0000 707.0000 169.0000 730.0000 192.0000 1.7810 1.7514 4.0566 9.1522 1.4110 59.6465 -1.3775 0.9665
