Car 0.0000 0.0000 0.0000 861.0000 186.0000 1607.0000 585.0000 1.4941 1.5709 3.4952 3.0371 1.5922 4.5620 1.5200 0.9998
Car 0.0000 0.0000 0.0000 465.0000 181.0000 515.0000 216.0000 1.5234 1.6272 3.5187 -5.6189 1.8459 33.6529 1.2139 0.9998
Car 0.0000 0.0000 0.0000 -172.0000 194.0000 237.0000 380.0000 1.4945 1.6077 3.7419 -5.9263 1.7579 8.0009 1.5513 0.9995
Car 0.0000 0.0000 0.0000 132.0000 182.0000 222.0000 229.0000 1.4864 1.6177 3.8856 -15.0887 1.7798 25.3256 1.3338 0.9992
Car 0.0000 0.0000 0.0000 378.0000 182.0000 410.0000 211.0000 1.5448 1.6334 3.8652 -12.2009 1.9810 40.8354 1.2679 0.9980
Car 0.0000 0.0000 0.0000 644.0000 175.0000 710.0000 196.0000 1.5128 1.6735 4.6708 5.1088 1.6004 54.0116 -0.3528 0.9979
Car 0.0000 0.0000 0.0000 61.0000 178.0000 152.0000 223.0000 1.4847 1.5761 3.4571 -17.8824 1.6274 25.7340 1.3110 0.9975
Car 0.0000 0.0000 0.0000 543.0000 160.0000 614.0000 194.0000 2.7178 2.0319 5.8837 -2.5421 1.6145 60.8844 -0.0181 0.9936
Car 0.0000 0.0000 0.0000 537.0000 176.0000 566.0000 199.0000 1.5378 1.6277 3.7686 -3.9998 1.6999 50.8045 1.5708 0.9889
Car 0.0000 0.0000 0.0000 512.0000 182.0000 531.0000 197.0000 1.4217 1.6577 3.9492 -8.5652 2.1952 71.1142 1.5194 0.9723
