Car 0.0000 0.0000 0.0000 466.0000 180.0000 519.0000 218.0000 1.4633 1.5981 3.6263 -4.7438 1.7211 29.7123 1.5689 0.9997
Car 0.0000 0.0000 0.0000 349.0000 183.0000 420.0000 224.0000 1.4580 1.5881 3.6718 -8.5554 1.8111 27.6554 1.5580 0.9995
Car 0.0000 0.0000 0.0000 578.0000 178.0000 610.0000 208.0000 1.5594 1.6879 3.7085 -0.8723 1.8117 40.4708 1.5225 0.9992
Car 0.0000 0.0000 0.0000 396.0000 182.0000 492.0000 246.0000 1.4396 1.6160 4.1439 -4.1860 1.6711 18.7116 1.5507 0.9987
Car 0.0000 0.0000 0.0000 395.0000 182.0000 433.0000 206.0000 1.5017 1.6186 3.8978 -12.8538 2.0119 47.7579 1.5330 0.9975
Car 0.0000 0.0000 0.0000 496.0000 178.0000 535.0000 207.0000 1.5179 1.6411 3.9421 -5.1093 1.7538 39.9311 1.5708 0.9971
Car 0.0000 0.0000 0.0000 420.0000 180.0000 457.0000 211.0000 1.5074 1.6116 3.7469 -8.9736 1.8579 38.0573 1.4185 0.9932
Car 0.0000 0.0000 0.0000 495.0000 178.0000 517.0000 195.0000 1.5492 1.6704 3.9083 -9.7743 1.9386 68.9298 1.5282 0.9892
Car 0.0000 0.0000 0.0000 501.0000 177.0000 521.0000 193.0000 1.4866 1.6735 4.3169 -9.7497 1.8251 72.5032 1.5125 0.9752
Car 0.0000 0.0000 0.0000 526.0000 179.0000 555.0000 202.0000 1.4522 1.5834 3.9418 -4.6119 1.8152 49.2060 1.5708 0.9739
Car 0.0000 0.0000 0.0000 -548.0000 -67.0000 354.0000 557.0000 2.6963 1.9453 5.7954 -4.1348 1.6649 6.0208 1.5529 0.9724
Car 0.0000 0.0000 0.0000 238.0000 177.0000 364.0000 241.0000 1.5536 1.6687 4.5197 -8.4081 1.6501 20.0373 1.5476 0.9716
Car 0.0000 0.0000 0.0000 453.0000 182.0000 486.0000 206.0000 1.4706 1.5910 3.9090 -9.0180 1.9908 46.8702 1.5251 0.9668
