Car 0.0000 0.0000 0.0000 402.0000 187.0000 516.0000 271.0000 1.4400 1.5539 3.7674 -2.9522 1.7288 14.7062 1.5657 0.9999
Car 0.0000 0.0000 0.0000 -22.0000 196.0000 269.0000 353.0000 1.4511 1.5404 3.5186 -5.7123 1.7726 8.9437 1.4651 0.9998
Car 0.0000 0.0000 0.0000 96.0000 194.0000 445.0000 409.0000 1.4781 1.6284 4.1217 -2.9962 1.7294 7.3351 1.5656 0.9997
Car 0.0000 0.0000 0.0000 695.0000 160.0000 974.0000 271.0000 1.7267 1.7011 4.2315 3.6181 1.5359 12.2539 0.0616 0.9996
Car 0.0000 0.0000 0.0000 626.0000 174.0000 738.0000 217.0000 1.4915 1.6052 3.8912 2.6237 1.5116 26.0694 0.1229 0.9986
Car 0.0000 0.0000 0.0000 675.0000 181.0000 841.0000 244.0000 1.4866 1.6392 3.9038 3.6092 1.6893 18.1009 0.0847 0.9986
Car 0.0000 0.0000 0.0000 472.0000 149.0000 551.0000 236.0000 2.6051 1.9549 6.1415 -3.2174 1.8871 25.0013 1.5613 0.9977
Car 0.0000 0.0000 0.0000 527.0000 171.0000 569.0000 209.0000 1.8451 1.7009 4.0064 -3.0920 1.7297 37.2482 1.5708 0.9968
Car 0.0000 0.0000 0.0000 619.0000 179.0000 657.0000 206.0000 1.5193 1.6135 3.7439 1.7474 1.8431 43.5967 1.4277 0.9947
Car 0.0000 0.0000 0.0000 330.0000 169.0000 427.0000 232.0000 1.4839 1.6369 4.2402 -6.0568 1.3815 19.2775 1.4652 0.9947
Car 0.0000 0.0000 0.0000 -445.0000 -697.0000 2732.0000 600.0000 1.6974 1.6431 3.8108 -2.9325 1.4897 0.6697 1.5443 0.9942
Car 0.0000 0.0000 0.0000 372.0000 185.0000 465.0000 237.0000 1.4568 1.5871 3.9390 -5.9024 1.8365 22.6947 -1.4761 0.9838
Car 0.0000 0.0000 0.0000 416.0000 178.0000 478.0000 219.0000 1.4590 1.5696 3.7269 -6.2241 1.6383 27.8861 1.5688 0.9805
