Car 0.0000 0.0000 0.0000 520.0000 172.0000 739.0000 384.0000 1.5687 1.6192 3.3306 0.1266 1.5721 7.0256 1.5708 0.9998
Car 0.0000 0.0000 0.0000 703.0000 171.0000 890.0000 239.0000 1.6572 1.7114 4.4828 4.7213 1.6065 18.7266 0.1131 0.9998
Car 0.0000 0.0000 0.0000 593.0000 174.0000 619.0000 200.0000 1.6538 1.7236 3.7371 -0.1877 1.6899 49.4008 1.5708 0.9996
Car 0.0000 0.0000 0.0000 424.0000 182.0000 457.0000 203.0000 1.5284 1.6972 3.9759 -12.4574 2.0988 53.5163 1.5129 0.9994
Car 0.0000 0.0000 0.0000 865.0000 169.0000 1033.0000 227.0000 1.6559 1.7256 4.2560 10.1367 1.5326 21.7667 0.1490 0.9994
Car 0.0000 0.0000 0.0000 375.0000 185.0000 415.0000 207.0000 1.4786 1.7096 4.1079 -15.5687 2.3173 52.7426 1.5708 0.9987
Car 0.0000 0.0000 0.0000 330.0000 186.0000 373.0000 208.0000 1.5208 1.7033 3.8316 -18.6847 2.4239 52.4251 1.5708 0.9980
Car 0.0000 0.0000 0.0000 801.0000 172.0000 886.0000 204.0000 1.4708 1.5754 3.7016 11.2837 1.4090 34.8122 0.1723 0.9931
Car 0.0000 0.0000 0.0000 61.0000 197.0000 140.0000 228.0000 1.5359 1.5951 3.5133 -26.5813 2.7523 37.6320 0.3313 0.9929
Car 0.0000 0.0000 0.0000 977.0000 182.0000 1099.0000 223.0000 1.4703 1.5940 3.6492 16.2419 1.7822 27.3893 0.0429 0.9927
Car 0.0000 0.0000 0.0000 1714.0000 163.0000 2030.0000 231.0000 1.5242 1.6327 4.2978 30.2185 1.2990 17.3486 0.0716 0.9828
Car 0.0000 0.0000 0.0000 415.0000 182.0000 442.0000 200.0000 1.4403 1.5848 3.8310 -15.1268 2.1046 60.6111 1.5028 0.9816
