Car 0.0000 0.0000 0.0000 702.0000 178.0000 778.0000 235.0000 1.4675 1.5696 3.4764 3.7775 1.5786 20.4882 -1.2217 0.9997
Car 0.0000 0.0000 0.0000 1177.0000 177.0000 1451.0000 286.0000 1.4729 1.6252 4.0956 11.2173 1.5314 11.9088 -1.2370 0.9991
Car 0.0000 0.0000 0.0000 440.0000 188.0000 604.0000 274.0000 1.5140 1.6656 4.3817 -1.7066 1.8411 15.5098 -1.2109 0.9988
Car 0.0000 0.0000 0.0000 823.0000 152.0000 942.0000 272.0000 1.8627 1.7474 3.6382 4.8786 1.5374 13.1982 -1.2538 0.9987
Car 0.0000 0.0000 0.0000 1365.0000 161.0000 1655.0000 283.0000 1.6057 1.6562 3.5750 13.8142 1.4423 11.3720 -1.0430 0.9985
Car 0.0000 0.0000 0.0000 305.0000 183.0000 485.0000 269.0000 1.6897 1.7320 4.3679 -4.8054 1.9297 16.7982 -1.2068 0.9974
Car 0.0000 0.0000 0.0000 959.0000 163.0000 1006.0000 200.0000 1.8500 1.8522 4.6138 19.5700 1.3023 37.8360 -1.1663 0.9970
Car 0.0000 0.0000 0.0000 896.0000 171.0000 960.0000 211.0000 1.5117 1.6289 3.6328 12.8143 1.4186 29.1408 -1.3629 0.9969
Car 0.0000 0.0000 0.0000 124.0000 190.0000 320.0000 260.0000 1.5264 1.7038 4.5447 -9.9517 1.9935 18.9175 -1.2268 0.9964
Car 0.0000 0.0000 0.0000 1590.0000 169.0000 2078.0000 306.0000 1.5062 1.5632 3.2952 15.9066 1.4642 9.7214 -1.2302 0.9862
Car 0.0000 0.0000 0.0000 2077.0000 14.0000 4854.0000 544.0000 1.9857 1.8630 4.9118 13.6422 1.4191 4.1530 0.2282 0.9631
