Car 0.0000 0.0000 0.0000 396.0000 175.0000 483.0000 242.0000 1.5218 1.6318 3.6282 -4.2408 1.5744 18.3691 1.4823 0.9999
Car 0.0000 0.0000 0.0000 523.0000 172.0000 579.0000 227.0000 1.6499 1.7014 3.8381 -1.8939 1.6147 23.7817 1.5138 0.9997
Car 0.0000 0.0000 0.0000 267.0000 177.0000 361.0000 228.0000 1.4950 1.6462 4.1484 -9.5382 1.6151 23.5553 1.4914 0.9995
Car 0.0000 0.0000 0.0000 -12.0000 182.0000 235.0000 289.0000 1.4714 1.6263 4.2588 -8.1755 1.6308 12.3033 1.4739 0.9994
Car 0.0000 0.0000 0.0000 120.0000 173.0000 247.0000 235.0000 1.8395 1.7600 4.5981 -13.9738 1.8320 23.9622 1.4973 0.9986
Car 0.0000 0.0000 0.0000 342.0000 178.0000 400.0000 216.0000 1.5687 1.6732 4.1139 -10.7571 1.7826 32.7771 1.4596 0.9985
Car 0.0000 0.0000 0.0000 -96.0000 178.0000 117.0000 261.0000 1.4590 1.5631 3.5035 -11.8378 1.5451 14.5076 1.5042 0.9978
Car 0.0000 0.0000 0.0000 516.0000 180.0000 541.0000 199.0000 1.5216 1.6513 3.8365 -6.5816 2.0076 59.1695 1.5576 0.9974
Car 0.0000 0.0000 0.0000 255.0000 178.0000 317.0000 211.0000 1.5331 1.6501 3.8638 -15.7296 1.7355 35.2347 1.4735 0.9972
Car 0.0000 0.0000 0.0000 367.0000 178.0000 408.0000 207.0000 1.5338 1.5954 3.6169 -12.3384 1.7540 40.2844 1.4545 0.9876
Car 0.0000 0.0000 0.0000 -1591.0000 143.0000 -287.0000 440.0000 1.6168 1.7079 4.6154 -11.4964 1.4678 6.3210 1.4564 0.9863
Car 0.0000 0.0000 0.0000 318.0000 179.0000 362.0000 205.0000 1.5262 1.6430 3.7961 -17.0148 1.8727 45.7268 1.4840 0.9689
