Car 0.0000 0.0000 0.0000 -44.0000 194.0000 358.0000 320.0000 1.4548 1.6610 4.4391 -5.8832 1.7586 9.5608 0.0942 0.9997
Car 0.0000 0.0000 0.0000 1219.0000 147.0000 1505.0000 242.0000 1.5351 1.6094 3.5990 13.7862 1.1123 13.5438 1.5708 0.9993
Car 0.0000 0.0000 0.0000 965.0000 166.0000 1140.0000 251.0000 1.5104 1.5804 3.3292 8.7509 1.3811 14.5895 1.5708 0.9993
Car 0.0000 0.0000 0.0000 212.0000 187.0000 432.0000 268.0000 1.5006 1.5846 3.9029 -5.7988 1.8090 14.8299 -0.0791 0.9992
Car 0.0000 0.0000 0.0000 999.0000 178.0000 1851.0000 512.0000 1.5064 1.6169 3.8701 5.2359 1.5588 5.3410 0.9986 0.9991
Car 0.0000 0.0000 0.0000 60.0000 187.0000 172.0000 228.0000 1.5059 1.6612 4.2546 -19.8389 2.0469 29.1898 1.5593 0.9985
Car 0.0000 0.0000 0.0000 1073.0000 149.0000 1301.0000 237.0000 1.4919 1.5749 3.6338 11.0722 1.0805 14.1807 1.5708 0.9971
Car 0.0000 0.0000 0.0000 1237.0000 146.0000 3420.0000 749.0000 1.5289 1.6317 3.9547 5.1623 1.4866 2.7897 0.0781 0.9960
Car 0.0000 0.0000 0.0000 -162.0000 195.0000 44.0000 256.0000 1.4740 1.6267 4.0709 -19.1868 2.1376 20.8628 -1.1356 0.9948
Car 0.0000 0.0000 0.0000 1493.0000 150.0000 1736.0000 243.0000 1.5408 1.6434 4.2025 18.8074 1.1340 13.4826 -0.3714 0.9924
Car 0.0000 0.0000 0.0000 185.0000 189.0000 339.0000 240.0000 1.4904 1.6313 4.0177 -10.6528 1.9778 22.1793 0.1299 0.9790
Car 0.0000 0.0000 0.0000 1655.0000 124.0000 2051.0000 224.0000 1.6111 1.5551 3.4018 22.6698 0.8227 13.4055 -1.4831 0.9644
