Car 0.0000 0.0000 0.0000 578.0000 172.0000 651.0000 245.0000 1.6814 1.6916 3.3723 0.1465 1.6589 18.5200 1.5708 0.9999
Car 0.0000 0.0000 0.0000 454.0000 179.0000 513.0000 220.0000 1.4892 1.6044 3.5221 -4.8076 1.6870 27.9108 1.5708 0.9997
Car 0.0000 0.0000 0.0000 356.0000 179.0000 472.0000 255.0000 1.5004 1.6019 3.4573 -4.2662 1.6316 16.1421 1.5708 0.9997
Car 0.0000 0.0000 0.0000 100.0000 186.0000 166.0000 213.0000 1.5069 1.6870 3.9330 -28.8391 2.2543 43.7403 1.4840 0.9994
Car 0.0000 0.0000 0.0000 -433.0000 183.0000 328.0000 551.0000 1.5165 1.6742 4.0563 -3.6490 1.6006 5.0774 1.5607 0.9989
Car 0.0000 0.0000 0.0000 498.0000 177.0000 536.0000 208.0000 1.4622 1.5971 3.9016 -4.5283 1.6251 35.9250 1.5160 0.9988
Car 0.0000 0.0000 0.0000 180.0000 185.0000 327.0000 255.0000 1.4503 1.6253 4.1762 -8.4742 1.7367 17.5249 1.5358 0.9986
Car 0.0000 0.0000 0.0000 278.0000 182.0000 349.0000 219.0000 1.5288 1.6257 3.9435 -12.9861 1.8915 31.8534 1.5435 0.9980
Car 0.0000 0.0000 0.0000 -448.0000 183.0000 64.0000 370.0000 1.4856 1.5858 3.7350 -8.0329 1.6004 7.7846 1.4863 0.9945
Car 0.0000 0.0000 0.0000 377.0000 182.0000 446.0000 219.0000 1.4532 1.5858 3.7991 -8.3525 1.7921 30.7450 -1.4659 0.9886
Car 0.0000 0.0000 0.0000 174.0000 181.0000 291.0000 230.0000 1.4866 1.6066 3.7844 -12.4241 1.7340 23.9925 -1.4676 0.9823
Car 0.0000 0.0000 0.0000 452.0000 177.0000 482.0000 203.0000 1.4965 1.6043 3.7994 -8.8350 1.7258 45.1024 1.4445 0.9783
