Car 0.0000 0.0000 0.0000 -255.0000 180.0000 142.0000 325.0000 1.6717 1.6215 3.7757 -8.4350 1.7673 9.2632 0.0733 0.9987
Car 0.0000 0.0000 0.0000 -16.0000 181.0000 263.0000 286.0000 1.6416 1.6144 3.6988 -8.1259 1.7791 12.1679 0.0671 0.9983
Car 0.0000 0.0000 0.0000 652.0000 176.0000 672.0000 195.0000 1.5117 1.6508 3.7620 4.4402 1.6867 60.0377 1.5708 0.9979
Car 0.0000 0.0000 0.0000 455.0000 178.0000 496.0000 207.0000 1.4815 1.6331 3.8610 -7.2644 1.7085 39.4703 1.5497 0.9973
Car 0.0000 0.0000 0.0000 161.0000 185.0000 345.0000 258.0000 1.4829 1.5678 3.7010 -8.2519 1.7634 16.7560 -0.5145 0.9966
Car 0.0000 0.0000 0.0000 -718.0000 210.0000 7.0000 457.0000 1.4545 1.6019 3.7770 -8.3099 1.8830 6.7425 -0.9041 0.9948
Car 0.0000 0.0000 0.0000 343.0000 183.0000 451.0000 226.0000 1.5133 1.5874 3.6242 -8.1369 1.8875 27.6952 -0.6406 0.9898
Car 0.0000 0.0000 0.0000 1187.0000 129.0000 1437.0000 215.0000 1.6419 1.6659 4.4645 14.6935 0.7656 15.1109 -0.2561 0.9889
Car 0.0000 0.0000 0.0000 1406.0000 109.0000 1917.0000 244.0000 1.6729 1.6917 4.4222 14.2569 0.8834 9.9917 0.0346 0.9818
Car 0.0000 0.0000 0.0000 -2513.0000 214.0000 -560.0000 690.0000 1.5020 1.5789 3.6178 -9.1115 1.7630 3.5034 -0.1386 0.9801
Car 0.0000 0.0000 0.0000 285.0000 185.0000 402.0000 232.0000 1.5045 1.5885 3.6487 -9.1081 1.9055 24.8693 -0.3008 0.9630
