Car 0.0000 0.0000 0.0000 831.0000 171.0000 913.0000 236.0000 1.5046 1.6026 3.4944 6.8274 1.4558 18.5508 -1.1097 0.9995
Car 0.0000 0.0000 0.0000 534.0000 188.0000 719.0000 284.0000 1.5303 1.7039 4.6120 0.5203 1.8416 14.3654 -1.0523 0.9991
Car 0.0000 0.0000 0.0000 1466.0000 173.0000 2020.0000 340.0000 1.4959 1.6357 4.3309 12.8508 1.5012 8.7351 -1.0908 0.9991
Car 0.0000 0.0000 0.0000 238.0000 190.0000 427.0000 260.0000 1.5063 1.6968 4.5096 -7.0754 1.9716 18.8351 -1.0210 0.9991
Car 0.0000 0.0000 0.0000 974.0000 176.0000 1124.0000 297.0000 1.4962 1.6512 3.9487 6.6637 1.5469 11.0643 -1.0335 0.9990
Car 0.0000 0.0000 0.0000 1124.0000 156.0000 1187.0000 197.0000 1.7327 1.7533 4.0253 24.8549 0.9939 32.8523 -1.0546 0.9985
Car 0.0000 0.0000 0.0000 408.0000 182.0000 587.0000 273.0000 1.6902 1.7235 4.3113 -2.3239 1.8927 15.9933 -1.0983 0.9976
Car 0.0000 0.0000 0.0000 2211.0000 165.0000 3507.0000 418.0000 1.4925 1.6083 3.6541 17.5444 1.4475 6.1762 -0.9033 0.9960
Car 0.0000 0.0000 0.0000 160.0000 193.0000 301.0000 252.0000 1.4875 1.6107 3.7563 -11.0546 2.1022 21.2688 -1.3302 0.9887
Car 0.0000 0.0000 0.0000 1354.0000 162.0000 1600.0000 224.0000 1.4859 1.6132 3.8693 22.7293 1.2173 19.1178 0.6364 0.9860
