Car 0.0000 0.0000 0.0000 510.0000 184.0000 558.0000 227.0000 1.4754 1.5772 3.6552 -2.7562 1.8600 26.8952 1.5264 0.9996
Car 0.0000 0.0000 0.0000 -810.0000 205.0000 341.0000 846.0000 1.4820 1.6347 3.8782 -2.9464 1.7262 3.8067 1.5317 0.9995
Car 0.0000 0.0000 0.0000 284.0000 144.0000 504.0000 320.0000 2.0225 1.8316 4.6751 -2.8693 1.6974 10.6794 1.5708 0.9995
Car 0.0000 0.0000 0.0000 668.0000 184.0000 808.0000 234.0000 1.4680 1.6667 4.1933 3.9619 1.8189 22.7317 0.0882 0.9993
Car 0.0000 0.0000 0.0000 443.0000 187.0000 539.0000 257.0000 1.4624 1.6473 4.0061 -2.8001 1.8018 17.6597 1.5708 0.9991
Car 0.0000 0.0000 0.0000 635.0000 181.0000 716.0000 212.0000 1.5042 1.6674 3.9789 3.3377 1.8839 36.5040 0.0843 0.9956
Car 0.0000 0.0000 0.0000 535.0000 173.0000 575.0000 209.0000 1.8751 1.7970 4.6019 -3.0447 1.8434 39.6060 1.4142 0.9938
Car 0.0000 0.0000 0.0000 720.0000 156.0000 786.0000 181.0000 1.6630 1.7200 4.4258 10.2843 0.4479 51.5844 0.0669 0.9893
Car 0.0000 0.0000 0.0000 117.0000 184.0000 340.0000 302.0000 1.4715 1.5531 3.7312 -5.5785 1.6354 11.0277 1.5313 0.9863
Car 0.0000 0.0000 0.0000 248.0000 184.0000 392.0000 268.0000 1.4620 1.5570 3.8221 -5.7384 1.6796 14.7040 1.5247 0.9666
