Car 0.0000 0.0000 0.0000 386.0000 179.0000 432.0000 221.0000 1.5622 1.6492 3.6633 -8.0892 1.7643 28.9936 1.2908 0.9997
Car 0.0000 0.0000 0.0000 649.0000 137.0000 1032.0000 351.0000 1.6999 1.6324 4.1167 2.1044 1.4209 7.9192 1.1361 0.9996
Car 0.0000 0.0000 0.0000 487.0000 184.0000 611.0000 268.0000 1.5238 1.6069 3.4822 -1.4105 1.7383 15.1252 1.1819 0.9996
Car 0.0000 0.0000 0.0000 -260.0000 202.0000 92.0000 406.0000 1.5264 1.6635 3.8414 -7.1875 1.8993 7.9421 1.1301 0.9994
Car 0.0000 0.0000 0.0000 1062.0000 166.0000 1238.0000 261.0000 1.4800 1.5859 4.0589 9.8366 1.3761 13.4751 -1.1952 0.9994
Car 0.0000 0.0000 0.0000 186.0000 185.0000 227.0000 216.0000 1.5703 1.6488 3.9796 -22.2955 2.1981 39.8429 0.9802 0.9994
Car 0.0000 0.0000 0.0000 -32.0000 191.0000 143.0000 300.0000 1.5774 1.6077 3.3656 -9.5536 1.9110 12.6650 1.1874 0.9988
Car 0.0000 0.0000 0.0000 556.0000 167.0000 651.0000 205.0000 1.5766 1.5941 3.8624 -0.2240 1.3303 31.3275 0.2252 0.9979
Car 0.0000 0.0000 0.0000 367.0000 179.0000 406.0000 213.0000 1.5132 1.6232 3.9747 -10.5534 1.7584 34.2969 1.3046 0.9959
Car 0.0000 0.0000 0.0000 343.0000 178.0000 371.0000 198.0000 1.5747 1.6159 3.3766 -21.0916 1.9294 60.2463 1.0634 0.9938
Car 0.0000 0.0000 0.0000 919.0000 158.0000 1066.0000 239.0000 1.5473 1.6831 3.8802 8.1346 1.2595 15.7191 -1.3967 0.9935
Car 0.0000 0.0000 0.0000 -1140.0000 202.0000 -474.0000 349.0000 1.4871 1.5901 3.7804 -17.6945 1.9102 9.3025 -0.3878 0.9631
