Car 0.0000 0.0000 0.0000 188.0000 187.0000 398.0000 317.0000 1.4615 1.5270 3.3986 -4.2256 1.6764 10.0998 1.5427 0.9998
Car 0.0000 0.0000 0.0000 1045.0000 196.0000 1689.0000 618.0000 1.4169 1.5489 3.4598 3.8097 1.5970 4.4601 -1.1433 0.9997
Car 0.0000 0.0000 0.0000 733.0000 162.0000 916.0000 226.0000 1.6557 1.7082 4.6896 5.8424 1.3833 20.0582 0.1881 0.9996
Car 0.0000 0.0000 0.0000 351.0000 187.0000 444.0000 270.0000 1.4733 1.5549 3.5090 -4.5045 1.7544 14.9155 1.2025 0.9992
Car 0.0000 0.0000 0.0000 1292.0000 171.0000 1471.0000 259.0000 1.4730 1.5880 3.8267 14.8458 1.4313 13.8206 -0.5493 0.9990
Car 0.0000 0.0000 0.0000 1040.0000 171.0000 1175.0000 221.0000 1.5046 1.6200 4.1280 16.2073 1.4357 23.3996 -0.3945 0.9986
Car 0.0000 0.0000 0.0000 980.0000 175.0000 1187.0000 333.0000 1.4911 1.6066 3.4126 5.7606 1.5163 8.6300 -0.8496 0.9951
Car 0.0000 0.0000 0.0000 1263.0000 165.0000 1329.0000 208.0000 1.5663 1.6212 3.7597 26.9127 1.2377 28.2821 -0.8719 0.9917
Car 0.0000 0.0000 0.0000 1477.0000 161.0000 1611.0000 222.0000 1.4931 1.5982 3.9072 25.0355 1.1755 19.2668 -0.5054 0.9887
Car 0.0000 0.0000 0.0000 -151.0000 187.0000 -32.0000 226.0000 1.5361 1.5798 3.5644 -30.3474 2.1177 31.2656 -0.6867 0.9881
Car 0.0000 0.0000 0.0000 -769.0000 -534.0000 1840.0000 747.0000 1.5722 1.6703 4.1096 -2.8928 1.6446 0.2259 1.3904 0.9878
