Car 0.0000 0.0000 0.0000 699.0000 190.0000 914.0000 329.0000 1.4391 1.5689 3.8890 2.3929 1.6989 9.8557 1.4842 0.9998
Car 0.0000 0.0000 0.0000 369.0000 192.0000 507.0000 290.0000 1.4473 1.5622 3.9505 -2.9916 1.8210 13.2259 1.5708 0.9998
Car 0.0000 0.0000 0.0000 824.0000 180.0000 1621.0000 622.0000 1.5574 1.6274 3.9655 2.7481 1.6070 4.5573 1.5619 0.9996
Car 0.0000 0.0000 0.0000 636.0000 178.0000 669.0000 209.0000 1.5856 1.6771 3.6305 2.4072 1.8375 40.0372 1.5708 0.9992
Car 0.0000 0.0000 0.0000 518.0000 183.0000 560.0000 218.0000 1.5419 1.6524 3.8800 -3.3238 1.9889 34.5921 1.5619 0.9991
Car 0.0000 0.0000 0.0000 548.0000 181.0000 576.0000 203.0000 1.5290 1.6290 3.8532 -3.4816 2.0350 52.9651 1.3990 0.9985
Car 0.0000 0.0000 0.0000 622.0000 174.0000 649.0000 195.0000 1.5583 1.6493 3.8840 2.0527 1.5837 55.3380 1.5084 0.9933
Car 0.0000 0.0000 0.0000 465.0000 153.0000 491.0000 178.0000 1.6854 1.7141 3.9618 -9.3354 0.2436 51.2896 1.3662 0.9758
Car 0.0000 0.0000 0.0000 -768.0000 -477.0000 1797.0000 803.0000 1.5083 1.6087 3.8177 -2.6202 1.6077 0.0565 1.4592 0.9727
Car 0.0000 0.0000 0.0000 203.0000 212.0000 448.0000 389.0000 1.4744 1.5878 3.6140 -3.1159 2.0231 8.5908 1.5408 0.9660
