Car 0.0000 0.0000 0.0000 399.0000 186.0000 488.0000 246.0000 1.4648 1.6106 3.7987 -4.4704 1.8101 19.8546 1.5648 0.9999
Car 0.0000 0.0000 0.0000 850.0000 190.0000 1362.0000 479.0000 1.4497 1.5359 3.4243 3.1318 1.6062 5.4790 1.5708 0.9999
Car 0.0000 0.0000 0.0000 700.0000 180.0000 846.0000 282.0000 1.5236 1.6326 4.0704 2.7332 1.6509 13.0277 1.5519 0.9997
Car 0.0000 0.0000 0.0000 451.0000 176.0000 516.0000 228.0000 1.6670 1.6270 3.6014 -4.3579 1.7605 25.3383 1.5708 0.9997
Car 0.0000 0.0000 0.0000 680.0000 177.0000 762.0000 242.0000 1.5530 1.5704 3.5199 2.8934 1.6576 19.3771 1.5456 0.9997
Car 0.0000 0.0000 0.0000 663.0000 178.0000 716.0000 220.0000 1.5003 1.5738 3.6847 3.0276 1.6835 27.8500 1.5625 0.9996
Car 0.0000 0.0000 0.0000 39.0000 188.0000 275.0000 265.0000 1.4905 1.6149 4.0283 -9.4404 1.8047 15.1463 0.0700 0.9994
Car 0.0000 0.0000 0.0000 485.0000 177.0000 537.0000 218.0000 1.6135 1.6701 3.9834 -4.1373 1.7695 30.8191 1.5627 0.9989
Car 0.0000 0.0000 0.0000 -1761.0000 -873.0000 1634.0000 581.0000 1.4563 1.5285 3.9069 3.0120 1.5552 0.8454 1.5708 0.9915
Car 0.0000 0.0000 0.0000 645.0000 164.0000 684.0000 203.0000 2.0978 1.7953 4.6399 3.1220 1.5643 41.2162 1.5654 0.9900
Car 0.0000 0.0000 0.0000 537.0000 177.0000 557.0000 194.0000 1.5030 1.6104 3.7826 -5.6769 1.7815 65.8446 1.4293 0.9864
