Car 0.0000 0.0000 0.0000 234.0000 193.0000 385.0000 283.0000 1.4527 1.5452 3.5539 -5.7273 1.8726 14.1417 1.5526 0.9998
Car 0.0000 0.0000 0.0000 790.0000 176.0000 1102.0000 361.0000 1.5031 1.6050 3.9588 3.2306 1.5469 7.9058 1.5708 0.9997
Car 0.0000 0.0000 0.0000 705.0000 184.0000 802.0000 249.0000 1.4101 1.5215 3.6643 3.4335 1.6701 17.8034 1.5352 0.9997
Car 0.0000 0.0000 0.0000 387.0000 187.0000 481.0000 239.0000 1.4871 1.6407 4.2195 -5.5689 1.9299 23.3292 -1.4692 0.9996
Car 0.0000 0.0000 0.0000 653.0000 179.0000 705.0000 215.0000 1.4802 1.5744 3.5307 3.0381 1.7310 32.0518 1.4563 0.9994
Car 0.0000 0.0000 0.0000 -154.0000 197.0000 274.0000 389.0000 1.5534 1.7355 4.1154 -5.7688 1.8744 8.2925 1.5708 0.9990
Car 0.0000 0.0000 0.0000 1024.0000 205.0000 7075.0000 2734.0000 1.4627 1.5735 4.0155 3.3084 1.6521 2.4782 1.5708 0.9988
Car 0.0000 0.0000 0.0000 1019.0000 74.0000 1436.0000 261.0000 2.1694 1.8860 5.1715 8.6584 1.0289 10.9812 1.5708 0.9985
Car 0.0000 0.0000 0.0000 677.0000 181.0000 750.0000 231.0000 1.4777 1.5410 3.6100 3.3041 1.7096 23.4817 1.4719 0.9984
Car 0.0000 0.0000 0.0000 479.0000 179.0000 522.0000 208.0000 1.4699 1.5917 3.8971 -5.7148 1.7315 38.2756 1.5708 0.9958
Car 0.0000 0.0000 0.0000 1593.0000 120.0000 3120.0000 509.0000 1.6108 1.6162 3.8318 8.4912 1.4145 3.9239 0.0733 0.9928
Car 0.0000 0.0000 0.0000 -19144.0000 -3440.0000 3332.0000 553.0000 1.4967 1.5833 3.7526 8.9227 1.4446 1.2200 -1.2357 0.9916
Car 0.0000 0.0000 0.0000 652.0000 178.0000 696.0000 208.0000 1.5178 1.5530 3.6329 3.3592 1.7169 37.7457 1.4360 0.9838
Car 0.0000 0.0000 0.0000 -474.0000 179.0000 -122.0000 291.0000 1.7119 1.6493 3.8939 -15.0167 1.8165 12.0186 0.0296 0.9709
