Car 0.0000 0.0000 0.0000 681.0000 174.0000 850.0000 292.0000 1.5382 1.6346 4.0535 2.2424 1.5648 11.5449 1.5255 0.9998
Car 0.0000 0.0000 0.0000 187.0000 192.0000 456.0000 369.0000 1.4169 1.5294 3.5666 -2.8509 1.6542 7.8581 1.5614 0.9997
Car 0.0000 0.0000 0.0000 623.0000 178.0000 653.0000 205.0000 1.5689 1.6558 3.6730 1.7922 1.8524 45.2427 1.5621 0.9994
Car 0.0000 0.0000 0.0000 285.0000 186.0000 440.0000 244.0000 1.4692 1.5621 3.5855 -6.5679 1.8044 19.3128 0.0423 0.9990
Car 0.0000 0.0000 0.0000 432.0000 168.0000 529.0000 205.0000 2.0354 1.8364 5.2397 -7.3855 1.7149 41.6308 0.0809 0.9986
Car 0.0000 0.0000 0.0000 189.0000 183.0000 354.0000 269.0000 1.4805 1.6070 4.0602 -6.9428 1.6774 14.5290 0.7486 0.9968
Car 0.0000 0.0000 0.0000 397.0000 181.0000 504.0000 221.0000 1.5505 1.6169 3.9642 -6.4823 1.8630 29.5810 0.1157 0.9940
Car 0.0000 0.0000 0.0000 416.0000 181.0000 512.0000 217.0000 1.5034 1.6078 3.8497 -6.3928 1.8342 31.9126 0.1256 0.9775
Car 0.0000 0.0000 0.0000 325.0000 187.0000 416.0000 243.0000 1.4781 1.5689 3.6621 -7.1103 1.9038 21.7426 1.5527 0.9740
Car 0.0000 0.0000 0.0000 703.0000 176.0000 732.0000 200.0000 1.5222 1.6375 3.7613 7.1945 1.6682 47.9053 -1.4765 0.9733
Car 0.0000 0.0000 0.0000 414.0000 181.0000 504.0000 214.0000 1.5323 1.6332 3.9411 -7.2051 1.8759 34.7453 0.1719 0.9610
