Car 0.0000 0.0000 0.0000 430.0000 182.0000 489.0000 231.0000 1.5441 1.6689 4.1114 -5.2419 1.8523 25.5645 1.4631 0.9999
Car 0.0000 0.0000 0.0000 744.0000 164.0000 986.0000 241.0000 1.5698 1.7084 4.7305 5.4905 1.3993 15.9463 0.0332 0.9997
Car 0.0000 0.0000 0.0000 1069.0000 136.0000 1200.0000 173.0000 1.4561 1.6675 4.2936 21.8804 -0.0751 30.0645 -0.0264 0.9997
Car 0.0000 0.0000 0.0000 519.0000 181.0000 563.0000 216.0000 1.4918 1.6318 3.8749 -3.0573 1.8290 33.0245 1.5708 0.9996
Car 0.0000 0.0000 0.0000 647.0000 173.0000 684.0000 202.0000 1.6238 1.6948 4.0964 3.3589 1.6152 43.4538 1.5272 0.9995
Car 0.0000 0.0000 0.0000 1314.0000 134.0000 1536.0000 191.0000 1.4913 1.6272 4.1806 22.5520 0.4436 20.0192 0.0392 0.9992
Car 0.0000 0.0000 0.0000 595.0000 176.0000 621.0000 197.0000 1.5643 1.6753 3.8504 -0.0761 1.7282 55.0935 1.4937 0.9992
Car 0.0000 0.0000 0.0000 459.0000 180.0000 514.0000 218.0000 1.5534 1.6763 4.2485 -5.3359 1.8182 31.8118 1.5708 0.9988
Car 0.0000 0.0000 0.0000 1504.0000 129.0000 1807.0000 206.0000 1.5714 1.6487 4.1039 22.9482 0.6564 15.9294 0.0455 0.9987
Car 0.0000 0.0000 0.0000 895.0000 152.0000 952.0000 183.0000 1.7633 1.6626 3.8657 19.2216 0.5212 44.0865 1.5413 0.9985
Car 0.0000 0.0000 0.0000 764.0000 163.0000 807.0000 198.0000 1.6087 1.6661 3.6569 8.6097 1.1310 35.3839 -1.4373 0.9982
Car 0.0000 0.0000 0.0000 934.0000 154.0000 995.0000 180.0000 1.5367 1.6275 3.9697 21.8931 0.3509 44.4549 1.5389 0.9952
Car 0.0000 0.0000 0.0000 1033.0000 147.0000 1155.0000 183.0000 1.5676 1.7021 4.2547 21.8670 0.3942 32.5758 0.1147 0.9930
Car 0.0000 0.0000 0.0000 482.0000 184.0000 525.0000 215.0000 1.5203 1.6425 3.8461 -5.4572 2.0591 37.6140 1.5708 0.9930
Car 0.0000 0.0000 0.0000 1663.0000 142.0000 2068.0000 233.0000 1.5305 1.6463 4.0040 22.8872 1.0216 13.2910 0.1164 0.9908
Car 0.0000 0.0000 0.0000 629.0000 176.0000 649.0000 194.0000 1.5121 1.6182 3.7549 2.6714 1.7297 63.9258 1.5708 0.9800
Car 0.0000 0.0000 0.0000 1003.0000 154.0000 1115.0000 189.0000 1.5940 1.7118 4.2613 21.7633 0.6798 34.9390 0.1185 0.9709
