Car 0.0000 0.0000 0.0000 348.0000 190.0000 388.0000 220.0000 1.5311 1.6352 3.6440 -13.3463 2.4504 39.9938 1.3717 0.9998
Car 0.0000 0.0000 0.0000 639.0000 190.0000 816.0000 306.0000 1.4642 1.5874 3.7855 1.6502 1.7634 11.5407 1.3841 0.9997
Car 0.0000 0.0000 0.0000 533.0000 186.0000 586.0000 233.0000 1.5299 1.6396 3.7936 -1.8879 2.0019 26.3222 1.4204 0.9995
Car 0.0000 0.0000 0.0000 891.0000 79.0000 2438.0000 877.0000 1.8035 1.7469 4.4321 3.4578 1.5984 3.9230 1.4548 0.9995
Car 0.0000 0.0000 0.0000 -469.0000 211.0000 130.0000 534.0000 1.4980 1.6163 3.8786 -5.5067 1.8933 5.8427 1.2577 0.9994
Car 0.0000 0.0000 0.0000 505.0000 182.0000 526.0000 201.0000 1.5017 1.6285 3.8451 -7.7865 2.1661 60.0862 1.4245 0.9985
Car 0.0000 0.0000 0.0000 515.0000 180.0000 562.0000 218.0000 1.5561 1.6093 3.5905 -3.1934 1.8500 32.0864 1.3399 0.9976
Car 0.0000 0.0000 0.0000 35.0000 205.0000 237.0000 340.0000 1.5012 1.5752 3.4792 -6.7618 2.0324 10.6305 1.2785 0.9972
Car 0.0000 0.0000 0.0000 721.0000 176.0000 833.0000 218.0000 1.5060 1.6053 3.8711 6.3203 1.6084 27.1563 0.4441 0.9923
Car 0.0000 0.0000 0.0000 132.0000 199.0000 190.0000 228.0000 1.5141 1.6185 3.7290 -26.4028 3.0529 42.5182 1.3991 0.9859
