Car 0.0000 0.0000 0.0000 886.0000 195.0000 1985.0000 794.0000 1.5151 1.5640 3.5291 2.8545 1.6701 3.6938 1.5696 0.9998
Car 0.0000 0.0000 0.0000 683.0000 184.0000 756.0000 242.0000 1.5210 1.5736 3.4483 3.1633 1.8352 21.2390 1.5614 0.9998
Car 0.0000 0.0000 0.0000 695.0000 186.0000 817.0000 267.0000 1.4795 1.6302 4.2062 3.0008 1.7578 15.7014 1.5321 0.9997
Car 0.0000 0.0000 0.0000 732.0000 191.0000 969.0000 343.0000 1.4876 1.6013 4.2059 2.8268 1.7531 9.5568 1.5382 0.9997
Car 0.0000 0.0000 0.0000 646.0000 190.0000 683.0000 217.0000 1.5038 1.6367 3.9930 3.2740 2.4720 42.9942 1.5156 0.9994
Car 0.0000 0.0000 0.0000 232.0000 203.0000 457.0000 340.0000 1.4660 1.6115 4.0872 -3.5758 1.9617 10.4842 1.5708 0.9994
Car 0.0000 0.0000 0.0000 442.0000 193.0000 522.0000 251.0000 1.4615 1.5984 3.7141 -3.5915 2.0444 20.8422 1.5708 0.9992
Car 0.0000 0.0000 0.0000 -374.0000 214.0000 340.0000 615.0000 1.5217 1.6694 3.7480 -3.4394 1.8938 4.9560 1.5691 0.9991
Car 0.0000 0.0000 0.0000 880.0000 165.0000 1013.0000 211.0000 1.7062 1.7344 4.4006 13.1447 1.4091 28.3115 0.1749 0.9981
Car 0.0000 0.0000 0.0000 383.0000 194.0000 486.0000 272.0000 1.4759 1.5775 3.4358 -3.8212 1.9636 16.1522 1.5425 0.9978
Car 0.0000 0.0000 0.0000 482.0000 164.0000 504.0000 181.0000 1.5800 1.6512 3.7153 -11.2984 0.6653 70.3531 1.2825 0.9913
Car 0.0000 0.0000 0.0000 623.0000 186.0000 644.0000 203.0000 1.5088 1.6175 3.9764 2.4227 2.7336 69.5876 -1.4402 0.9801
Car 0.0000 0.0000 0.0000 429.0000 180.0000 453.0000 195.0000 1.4067 1.6163 4.0320 -16.5893 2.0459 71.3819 1.5145 0.9728
