Car 0.0000 0.0000 0.0000 730.0000 183.0000 909.0000 305.0000 1.4793 1.5610 3.5147 2.8624 1.6217 10.6352 1.5594 0.9997
Car 0.0000 0.0000 0.0000 131.0000 181.0000 398.0000 274.0000 1.5478 1.6383 4.1589 -6.1814 1.6912 13.0372 0.1467 0.9996
Car 0.0000 0.0000 0.0000 363.0000 167.0000 497.0000 219.0000 1.8874 1.7759 4.6513 -6.7977 1.6427 27.5576 0.0450 0.9995
Car 0.0000 0.0000 0.0000 -148.0000 178.0000 316.0000 339.0000 1.6227 1.6773 4.2226 -5.8602 1.6958 8.2608 0.0724 0.9995
Car 0.0000 0.0000 0.0000 192.0000 180.0000 385.0000 254.0000 1.4991 1.5619 3.4843 -6.8865 1.6522 15.5663 0.0880 0.9995
Car 0.0000 0.0000 0.0000 264.0000 184.0000 440.0000 248.0000 1.4889 1.6133 3.8109 -6.3459 1.7595 17.9119 0.0886 0.9992
Car 0.0000 0.0000 0.0000 790.0000 170.0000 1019.0000 253.0000 1.6990 1.6854 4.2996 6.2536 1.6411 15.7087 0.1099 0.9990
Car 0.0000 0.0000 0.0000 638.0000 179.0000 669.0000 205.0000 1.5004 1.6236 3.8373 2.7096 1.8400 44.3426 1.5568 0.9990
Car 0.0000 0.0000 0.0000 698.0000 182.0000 812.0000 223.0000 1.5206 1.6404 4.1560 5.8312 1.8737 28.9142 0.5253 0.9989
Car 0.0000 0.0000 0.0000 50.0000 185.0000 344.0000 297.0000 1.5012 1.5596 3.5044 -5.9887 1.6847 10.6116 0.0909 0.9988
Car 0.0000 0.0000 0.0000 713.0000 185.0000 830.0000 229.0000 1.4756 1.6264 3.9219 5.9147 1.8963 26.2225 -0.4223 0.9985
Car 0.0000 0.0000 0.0000 301.0000 181.0000 458.0000 239.0000 1.5755 1.6223 3.9164 -6.4964 1.7883 20.4870 0.0937 0.9985
Car 0.0000 0.0000 0.0000 362.0000 178.0000 482.0000 226.0000 1.5560 1.5811 3.7122 -6.4256 1.7224 24.8801 0.0635 0.9973
Car 0.0000 0.0000 0.0000 -486.0000 200.0000 184.0000 416.0000 1.4781 1.6306 4.0364 -6.0753 1.7348 6.0041 0.0577 0.9959
Car 0.0000 0.0000 0.0000 461.0000 181.0000 535.0000 210.0000 1.4576 1.5826 3.7214 -5.9387 1.8757 38.6697 0.0052 0.9959
Car 0.0000 0.0000 0.0000 697.0000 177.0000 787.0000 214.0000 1.5273 1.5931 3.6439 5.6846 1.6925 31.0957 0.0668 0.9922
Car 0.0000 0.0000 0.0000 469.0000 179.0000 540.0000 207.0000 1.5309 1.6068 3.7514 -5.9511 1.8653 41.3874 0.1131 0.9883
Car 0.0000 0.0000 0.0000 751.0000 182.0000 893.0000 237.0000 1.4935 1.6071 3.7795 6.0750 1.7348 20.8922 0.2355 0.9790
Car 0.0000 0.0000 0.0000 626.0000 181.0000 647.0000 200.0000 1.5214 1.6218 3.8492 2.3111 2.0802 59.3772 1.5708 0.9729
Car 0.0000 0.0000 0.0000 779.0000 184.0000 946.0000 249.0000 1.4500 1.6338 3.9946 6.3827 1.7261 18.1524 -0.4633 0.9674
