Car 0.0000 0.0000 0.0000 768.0000 171.0000 1044.0000 346.0000 1.5659 1.6316 3.7648 3.0703 1.5601 8.3933 1.5674 0.9999
Car 0.0000 0.0000 0.0000 397.0000 181.0000 482.0000 240.0000 1.4437 1.5620 3.5088 -4.5805 1.6616 19.7931 1.5571 0.9997
Car 0.0000 0.0000 0.0000 134.0000 183.0000 381.0000 327.0000 1.4974 1.5825 3.4370 -4.3440 1.6368 9.4165 1.5599 0.9997
Car 0.0000 0.0000 0.0000 579.0000 179.0000 619.0000 217.0000 1.5538 1.6575 3.6938 -0.4616 1.7826 31.5478 1.5488 0.9994
Car 0.0000 0.0000 0.0000 455.0000 179.0000 515.0000 222.0000 1.4747 1.6184 3.8092 -4.5260 1.6517 26.5739 1.5541 0.9994
Car 0.0000 0.0000 0.0000 617.0000 180.0000 646.0000 202.0000 1.5472 1.6438 3.6415 1.6369 2.0022 52.3406 1.4875 0.9992
Car 0.0000 0.0000 0.0000 419.0000 170.0000 456.0000 201.0000 1.6714 1.7302 4.0743 -10.0199 1.4919 42.3039 1.4280 0.9987
Car 0.0000 0.0000 0.0000 388.0000 179.0000 443.0000 215.0000 1.5012 1.6296 3.8436 -8.4994 1.7215 31.8996 1.5020 0.9983
Car 0.0000 0.0000 0.0000 273.0000 171.0000 378.0000 228.0000 1.5834 1.7260 4.6352 -8.7888 1.5235 22.7002 1.5071 0.9975
Car 0.0000 0.0000 0.0000 74.0000 168.0000 264.0000 258.0000 1.5545 1.6303 3.7031 -8.5821 1.4727 14.3912 1.5402 0.9974
Car 0.0000 0.0000 0.0000 476.0000 182.0000 522.0000 216.0000 1.4655 1.5941 3.9153 -5.1345 1.8537 33.8511 1.5609 0.9938
Car 0.0000 0.0000 0.0000 511.0000 179.0000 537.0000 204.0000 1.5301 1.6205 3.9266 -5.5310 1.8920 47.1663 1.4624 0.9898
Car 0.0000 0.0000 0.0000 -412.0000 191.0000 70.0000 370.0000 1.5125 1.5959 3.6926 -8.3572 1.7444 8.2370 1.5400 0.9898
Car 0.0000 0.0000 0.0000 536.0000 179.0000 554.0000 194.0000 1.4223 1.6123 3.9056 -6.2541 1.8768 70.7611 1.4503 0.9812
