Car 0.0000 0.0000 0.0000 833.0000 187.0000 1139.0000 357.0000 1.4746 1.6018 3.7500 3.9379 1.6583 8.3587 1.5708 0.9999
Car 0.0000 0.0000 0.0000 596.0000 177.0000 657.0000 234.0000 1.5344 1.6408 3.5123 0.4739 1.6309 21.2857 1.5708 0.9999
Car 0.0000 0.0000 0.0000 745.0000 163.0000 880.0000 262.0000 1.8524 1.7951 4.2938 4.2369 1.6764 15.7872 1.5708 0.9998
Car 0.0000 0.0000 0.0000 294.0000 168.0000 480.0000 269.0000 1.6440 1.6596 4.1846 -4.4062 1.5634 13.7658 0.7969 0.9996
Car 0.0000 0.0000 0.0000 696.0000 178.0000 750.0000 220.0000 1.4848 1.5660 3.7096 4.3452 1.6654 27.8529 1.5708 0.9996
Car 0.0000 0.0000 0.0000 686.0000 170.0000 734.0000 209.0000 1.6507 1.6596 3.7951 4.5512 1.5169 32.9618 1.5708 0.9995
Car 0.0000 0.0000 0.0000 454.0000 173.0000 553.0000 214.0000 1.4388 1.5492 3.5665 -3.9735 1.4099 26.8090 0.6069 0.9993
Car 0.0000 0.0000 0.0000 -37.0000 171.0000 145.0000 238.0000 1.5327 1.6615 4.1435 -14.2722 1.4899 18.8001 1.5469 0.9992
Car 0.0000 0.0000 0.0000 278.0000 177.0000 382.0000 236.0000 1.5047 1.5924 3.8263 -7.8857 1.6098 20.6059 1.5386 0.9982
Car 0.0000 0.0000 0.0000 145.0000 177.0000 307.0000 254.0000 1.4499 1.5646 3.8143 -8.1836 1.5356 15.7216 1.5454 0.9982
Car 0.0000 0.0000 0.0000 609.0000 176.0000 646.0000 211.0000 1.5390 1.6714 3.8729 0.8556 1.6648 34.5185 1.5708 0.9966
Car 0.0000 0.0000 0.0000 -126.0000 162.0000 308.0000 442.0000 1.6514 1.6465 3.8874 -4.4774 1.6037 5.9868 0.5797 0.9962
Car 0.0000 0.0000 0.0000 496.0000 176.0000 567.0000 206.0000 1.4776 1.5327 3.4186 -4.0346 1.6224 37.7291 0.1945 0.9890
Car 0.0000 0.0000 0.0000 752.0000 175.0000 795.0000 202.0000 1.5458 1.6805 4.4349 10.1738 1.6417 44.6968 1.5708 0.9880
Car 0.0000 0.0000 0.0000 374.0000 181.0000 457.0000 257.0000 1.5525 1.6030 3.7041 -4.6897 1.7346 17.0266 1.2337 0.9797
Car 0.0000 0.0000 0.0000 486.0000 180.0000 546.0000 214.0000 1.5429 1.5783 3.5948 -4.3681 1.8320 34.2518 -1.3154 0.9782
Car 0.0000 0.0000 0.0000 536.0000 164.0000 583.0000 190.0000 1.5309 1.6040 3.6645 -3.1772 0.9571 45.7819 1.0950 0.9682
Car 0.0000 0.0000 0.0000 -2294.0000 -77798.0000 997985.0000 1127.0000 1.5303 1.5982 3.6683 -4.2499 1.7008 -0.3975 0.6011 0.9651
Car 0.0000 0.0000 0.0000 831.0000 159.0000 930.0000 198.0000 2.2617 1.9757 5.3828 16.7603 1.4074 44.4750 -0.0760 0.9610
