Car 0.0000 0.0000 0.0000 383.0000 183.0000 455.0000 229.0000 1.4618 1.5683 3.6058 -6.6250 1.8076 25.3987 1.5697 0.9999
Car 0.0000 0.0000 0.0000 588.0000 175.0000 634.0000 219.0000 1.6075 1.6539 3.5883 0.0117 1.6747 28.5923 1.5225 0.9998
Car 0.0000 0.0000 0.0000 445.0000 177.0000 479.0000 199.0000 1.6462 1.7438 4.2565 -11.1477 1.8616 54.9044 1.5708 0.9993
Car 0.0000 0.0000 0.0000 814.0000 178.0000 1046.0000 323.0000 1.5080 1.6514 3.8656 4.3599 1.5764 9.5525 -0.8268 0.9981
Car 0.0000 0.0000 0.0000 929.0000 178.0000 1267.0000 433.0000 1.4766 1.6146 3.8051 4.2973 1.5290 6.1246 -0.7672 0.9978
Car 0.0000 0.0000 0.0000 422.0000 178.0000 445.0000 197.0000 1.5346 1.6693 3.7425 -15.3100 1.9320 63.1780 1.4129 0.9978
Car 0.0000 0.0000 0.0000 504.0000 177.0000 530.0000 197.0000 1.5179 1.6488 3.7751 -7.3836 1.7943 58.0556 1.5622 0.9970
Car 0.0000 0.0000 0.0000 721.0000 176.0000 878.0000 249.0000 1.5075 1.6486 3.8622 4.5455 1.5837 17.0515 -0.6903 0.9968
Car 0.0000 0.0000 0.0000 669.0000 176.0000 761.0000 216.0000 1.4443 1.6401 3.9879 4.1615 1.5176 27.9367 -0.8573 0.9958
Car 0.0000 0.0000 0.0000 658.0000 172.0000 700.0000 205.0000 1.5276 1.6203 3.6505 3.4498 1.4511 34.8508 -1.3655 0.9953
Car 0.0000 0.0000 0.0000 771.0000 184.0000 970.0000 281.0000 1.4751 1.6047 3.8117 4.8225 1.6891 13.1652 -0.6540 0.9945
Car 0.0000 0.0000 0.0000 1409.0000 204.0000 3631.0000 1667.0000 1.4547 1.6083 3.8280 4.1493 1.6399 2.6565 -0.7255 0.9865
Car 0.0000 0.0000 0.0000 1076.0000 159.0000 1187.0000 192.0000 1.7629 1.7451 4.8408 29.3074 0.9971 40.4398 0.0693 0.9762
Car 0.0000 0.0000 0.0000 638.0000 168.0000 702.0000 192.0000 1.5531 1.6645 4.2076 4.1421 1.1459 48.4222 -0.6543 0.9697
