Car 0.0000 0.0000 0.0000 183.0000 185.0000 382.0000 255.0000 1.5636 1.6368 4.1296 -7.9116 1.8611 17.6651 -0.0647 0.9996
Car 0.0000 0.0000 0.0000 454.0000 177.0000 490.0000 199.0000 1.6066 1.6490 3.6335 -10.5294 1.8798 55.4070 1.0576 0.9995
Car 0.0000 0.0000 0.0000 698.0000 179.0000 880.0000 248.0000 1.4892 1.5957 3.8216 4.0136 1.6328 16.6248 0.0663 0.9995
Car 0.0000 0.0000 0.0000 -134.0000 178.0000 232.0000 312.0000 1.6593 1.6157 3.8432 -7.5319 1.7359 9.8409 0.0560 0.9994
Car 0.0000 0.0000 0.0000 877.0000 191.0000 1554.0000 407.0000 1.4772 1.6471 4.1052 4.5358 1.6531 5.9510 0.0528 0.9992
Car 0.0000 0.0000 0.0000 -501.0000 175.0000 95.0000 364.0000 1.6132 1.6279 4.0158 -7.7812 1.6489 7.1767 -0.0379 0.9988
Car 0.0000 0.0000 0.0000 289.0000 185.0000 363.0000 243.0000 1.6303 1.6628 3.9885 -8.8619 1.9985 22.7323 1.3278 0.9976
Car 0.0000 0.0000 0.0000 28.0000 186.0000 298.0000 285.0000 1.5456 1.6097 3.8331 -7.6813 1.7863 12.4852 0.1376 0.9972
Car 0.0000 0.0000 0.0000 293.0000 182.0000 415.0000 228.0000 1.5567 1.5882 3.7012 -8.9125 1.8510 25.2556 0.1106 0.9956
Car 0.0000 0.0000 0.0000 677.0000 185.0000 830.0000 246.0000 1.4585 1.5851 3.6712 3.8227 1.7797 19.2361 -0.3128 0.9946
Car 0.0000 0.0000 0.0000 300.0000 168.0000 406.0000 208.0000 1.6297 1.6795 4.1776 -11.1525 1.3895 31.3921 -0.4602 0.9708
