Car 0.0000 0.0000 0.0000 629.0000 180.0000 683.0000 224.0000 1.5140 1.6370 4.2948 1.6852 1.7450 27.2513 1.5426 0.9997
Car 0.0000 0.0000 0.0000 900.0000 186.0000 1352.0000 328.0000 1.4878 1.6411 4.1286 5.8397 1.6636 8.5996 0.0622 0.9996
Car 0.0000 0.0000 0.0000 294.0000 182.0000 449.0000 236.0000 1.4772 1.6084 4.0541 -6.9958 1.7531 21.3193 0.0651 0.9996
Car 0.0000 0.0000 0.0000 803.0000 182.0000 1114.0000 286.0000 1.4928 1.6635 4.0930 5.2970 1.6520 11.4283 0.0935 0.9995
Car 0.0000 0.0000 0.0000 780.0000 177.0000 1015.0000 264.0000 1.5355 1.6279 3.8321 5.3228 1.6122 13.7307 0.0836 0.9992
Car 0.0000 0.0000 0.0000 -130.0000 164.0000 274.0000 312.0000 1.8807 1.7420 4.4877 -7.3961 1.7795 10.1243 0.0529 0.9992
Car 0.0000 0.0000 0.0000 -404.0000 183.0000 192.0000 404.0000 1.5743 1.6363 4.1239 -6.9082 1.6933 7.4377 -1.0026 0.9991
Car 0.0000 0.0000 0.0000 615.0000 179.0000 646.0000 206.0000 1.4777 1.5989 3.7159 1.2224 1.7898 42.2002 1.5420 0.9989
Car 0.0000 0.0000 0.0000 340.0000 180.0000 470.0000 231.0000 1.5876 1.6110 3.8124 -6.7228 1.8223 23.8720 0.0622 0.9988
Car 0.0000 0.0000 0.0000 1049.0000 172.0000 1767.0000 393.0000 1.5520 1.6372 3.9496 6.2040 1.5672 6.0884 0.1146 0.9981
Car 0.0000 0.0000 0.0000 1256.0000 182.0000 2724.0000 589.0000 1.4904 1.5968 3.8170 5.8982 1.5561 3.5978 0.0802 0.9927
Car 0.0000 0.0000 0.0000 -16661.0000 -3078.0000 1139525.0000 441257.0000 1.4778 1.6371 3.9292 6.1361 1.5972 0.6400 0.0889 0.9893
Car 0.0000 0.0000 0.0000 411.0000 174.0000 503.0000 207.0000 1.5568 1.6305 4.0697 -7.3078 1.5709 34.7979 0.1073 0.9680
