Car 0.0000 0.0000 0.0000 705.0000 180.0000 765.0000 230.0000 1.5213 1.6774 3.8656 4.3463 1.7538 24.5769 -1.3113 0.9997
Car 0.0000 0.0000 0.0000 170.0000 193.0000 231.0000 227.0000 1.5852 1.6950 3.9505 -21.6535 2.6584 38.3045 1.3759 0.9994
Car 0.0000 0.0000 0.0000 -62.0000 197.0000 183.0000 316.0000 1.5106 1.6528 3.7130 -8.6777 1.9380 11.7685 1.4081 0.9990
Car 0.0000 0.0000 0.0000 789.0000 178.0000 818.0000 200.0000 1.5197 1.6361 3.6460 13.9971 1.7908 51.7113 -1.2049 0.9989
Car 0.0000 0.0000 0.0000 380.0000 180.0000 405.0000 204.0000 1.6864 1.6967 3.9891 -15.8908 2.1272 52.8040 1.2643 0.9977
Car 0.0000 0.0000 0.0000 -402.0000 225.0000 -32.0000 362.0000 1.4583 1.6673 3.9753 -12.4140 2.3987 11.2363 1.3961 0.9954
Car 0.0000 0.0000 0.0000 201.0000 193.0000 264.0000 232.0000 1.5521 1.6460 3.8786 -16.7237 2.4440 32.1172 1.3125 0.9949
Car 0.0000 0.0000 0.0000 68.0000 185.0000 165.0000 226.0000 1.4917 1.6184 3.7546 -19.5701 1.9599 28.7590 1.4529 0.9937
Car 0.0000 0.0000 0.0000 -1111.0000 234.0000 -426.0000 417.0000 1.4944 1.5956 3.7368 -16.4247 2.3970 9.0351 1.4534 0.9905
Car 0.0000 0.0000 0.0000 389.0000 175.0000 419.0000 197.0000 1.7994 1.7460 4.3810 -17.6337 1.9276 62.1972 1.4544 0.9851
Car 0.0000 0.0000 0.0000 51.0000 185.0000 177.0000 241.0000 1.4213 1.5250 3.4455 -14.1802 1.7734 20.8197 1.4766 0.9697
Car 0.0000 0.0000 0.0000 -228.0000 194.0000 -20.0000 267.0000 1.4606 1.5707 3.7387 -17.4159 1.9853 17.3156 1.4199 0.9652
