Car 0.0000 0.0000 0.0000 335.0000 195.0000 479.0000 302.0000 1.4717 1.5789 3.7599 -3.3339 1.8799 12.4382 1.5234 0.9999
Car 0.0000 0.0000 0.0000 635.0000 183.0000 731.0000 218.0000 1.4441 1.6476 4.0981 3.2086 1.8729 31.6206 0.0620 0.9997
Car 0.0000 0.0000 0.0000 138.0000 196.0000 345.0000 311.0000 1.4586 1.5669 3.7946 -5.7425 1.8771 11.7191 1.5295 0.9993
Car 0.0000 0.0000 0.0000 316.0000 189.0000 429.0000 255.0000 1.4416 1.5824 3.9281 -5.9926 1.8775 18.6137 1.5708 0.9992
Car 0.0000 0.0000 0.0000 489.0000 186.0000 544.0000 232.0000 1.5303 1.6245 3.9307 -3.3419 1.9817 26.5487 1.5380 0.9992
Car 0.0000 0.0000 0.0000 436.0000 167.0000 533.0000 252.0000 2.0239 1.8752 4.8497 -3.2709 1.8860 19.7137 1.5574 0.9991
Car 0.0000 0.0000 0.0000 1196.0000 154.0000 1640.0000 279.0000 1.6648 1.7028 4.3553 11.5673 1.4274 10.5951 0.0797 0.9991
Car 0.0000 0.0000 0.0000 -205.0000 207.0000 215.0000 417.0000 1.4680 1.5390 3.4413 -5.6923 1.8852 7.3315 1.5089 0.9978
Car 0.0000 0.0000 0.0000 530.0000 185.0000 562.0000 212.0000 1.5086 1.6090 3.9480 -3.7121 2.1772 42.7982 1.5501 0.9972
Car 0.0000 0.0000 0.0000 610.0000 180.0000 680.0000 206.0000 1.5245 1.6835 4.3277 2.3083 1.9461 45.4753 0.0896 0.9958
Car 0.0000 0.0000 0.0000 381.0000 182.0000 448.0000 230.0000 1.4383 1.5260 3.5468 -6.3878 1.7211 23.8880 1.4923 0.9950
Car 0.0000 0.0000 0.0000 550.0000 180.0000 572.0000 201.0000 1.7691 1.7862 4.4841 -4.1271 2.2903 63.0280 1.5250 0.9828
