Car 0.0000 0.0000 0.0000 358.0000 181.0000 427.0000 217.0000 1.5236 1.6878 4.3918 -9.8276 1.8449 32.9650 1.5708 0.9996
Car 0.0000 0.0000 0.0000 578.0000 171.0000 755.0000 340.0000 1.5191 1.5981 3.4957 0.4536 1.5178 8.3155 1.5518 0.9996
Car 0.0000 0.0000 0.0000 71.0000 190.0000 244.0000 263.0000 1.4410 1.5798 3.9235 -10.3410 1.8455 16.8184 1.5708 0.9994
Car 0.0000 0.0000 0.0000 405.0000 178.0000 452.0000 209.0000 1.6013 1.6721 4.0345 -9.7850 1.8086 39.3403 1.5455 0.9991
Car 0.0000 0.0000 0.0000 515.0000 179.0000 541.0000 197.0000 1.4886 1.6272 3.7030 -6.8975 1.9294 61.8624 1.5708 0.9988
Car 0.0000 0.0000 0.0000 240.0000 178.0000 316.0000 214.0000 1.4985 1.5675 3.5572 -14.5797 1.6722 31.8865 1.5708 0.9985
Car 0.0000 0.0000 0.0000 459.0000 177.0000 498.0000 200.0000 1.4773 1.6482 4.1086 -8.9464 1.7015 49.6086 1.5708 0.9985
Car 0.0000 0.0000 0.0000 707.0000 173.0000 825.0000 224.0000 1.4588 1.6242 3.8105 4.8858 1.4336 22.2742 -0.7255 0.9982
Car 0.0000 0.0000 0.0000 1030.0000 191.0000 1515.0000 595.0000 1.4565 1.6141 3.5843 4.0738 1.5989 4.5533 -0.7809 0.9960
Car 0.0000 0.0000 0.0000 594.0000 171.0000 677.0000 241.0000 1.4863 1.5935 3.6805 0.5070 1.4351 17.2519 1.5041 0.9927
Car 0.0000 0.0000 0.0000 -439.0000 186.0000 25.0000 345.0000 1.6724 1.7156 4.1690 -10.5981 1.8627 9.8998 1.5498 0.9918
Car 0.0000 0.0000 0.0000 677.0000 172.0000 768.0000 209.0000 1.5759 1.6723 4.1585 5.2535 1.5220 33.2093 -0.6146 0.9903
Car 0.0000 0.0000 0.0000 341.0000 180.0000 386.0000 206.0000 1.4692 1.6028 3.8806 -14.2468 1.7993 41.9835 1.4803 0.9893
Car 0.0000 0.0000 0.0000 670.0000 172.0000 718.0000 201.0000 1.4894 1.6471 4.0258 4.7509 1.4104 39.9000 -1.1965 0.9879
Car 0.0000 0.0000 0.0000 566.0000 176.0000 591.0000 193.0000 1.5117 1.6368 3.8654 -2.7799 1.7426 66.6353 -1.4413 0.9820
Car 0.0000 0.0000 0.0000 218.0000 181.0000 288.0000 208.0000 1.4537 1.5693 3.7989 -20.3912 1.8528 41.3864 -1.3696 0.9662
