Car 0.0000 0.0000 0.0000 636.0000 184.0000 672.0000 217.0000 1.5468 1.6645 3.6374 2.2489 2.0831 36.5254 1.5708 0.9997
Car 0.0000 0.0000 0.0000 -282.0000 188.0000 183.0000 351.0000 1.5299 1.5835 3.6254 -6.8881 1.7061 7.7173 0.0461 0.9995
Car 0.0000 0.0000 0.0000 260.0000 172.0000 440.0000 245.0000 1.8922 1.7177 4.3055 -7.0555 1.8654 19.7824 0.0855 0.9994
Car 0.0000 0.0000 0.0000 954.0000 188.0000 1463.0000 341.0000 1.4368 1.6291 4.0415 6.1511 1.6141 7.8585 0.0982 0.9993
Car 0.0000 0.0000 0.0000 733.0000 195.0000 870.0000 257.0000 1.5203 1.6445 3.9949 5.5041 2.1975 21.1571 1.1123 0.9993
Car 0.0000 0.0000 0.0000 946.0000 198.0000 2814.0000 1165.0000 1.5061 1.5313 3.3203 2.8560 1.6515 2.8570 1.5656 0.9992
Car 0.0000 0.0000 0.0000 243.0000 180.0000 421.0000 249.0000 1.5484 1.5793 3.6357 -6.5642 1.7098 17.1924 0.0504 0.9992
Car 0.0000 0.0000 0.0000 -8.0000 189.0000 329.0000 308.0000 1.4998 1.5857 3.8540 -6.2397 1.7476 10.1715 0.0739 0.9990
Car 0.0000 0.0000 0.0000 113.0000 188.0000 362.0000 282.0000 1.5020 1.5605 3.5377 -6.3878 1.7672 12.5261 0.0510 0.9990
Car 0.0000 0.0000 0.0000 874.0000 196.0000 1153.0000 313.0000 1.4353 1.5859 3.7144 5.9837 1.8047 10.7470 -0.3532 0.9987
Car 0.0000 0.0000 0.0000 819.0000 194.0000 1042.0000 288.0000 1.4679 1.5808 3.6387 5.8720 1.8830 13.2711 -0.3302 0.9970
Car 0.0000 0.0000 0.0000 407.0000 182.0000 505.0000 218.0000 1.4649 1.5955 3.8453 -6.5454 1.8306 30.9947 0.0197 0.9964
Car 0.0000 0.0000 0.0000 808.0000 192.0000 1001.0000 268.0000 1.4766 1.5959 3.7398 6.3950 1.8978 15.8426 0.4127 0.9957
Car 0.0000 0.0000 0.0000 429.0000 188.0000 521.0000 221.0000 1.4784 1.6102 3.8927 -6.2321 2.1628 33.6778 0.1708 0.9945
Car 0.0000 0.0000 0.0000 -672.0000 160.0000 113.0000 435.0000 1.6619 1.6521 4.1517 -6.3268 1.6079 5.3574 0.0894 0.9943
Car 0.0000 0.0000 0.0000 472.0000 184.0000 536.0000 208.0000 1.4645 1.5648 3.5784 -6.4700 2.0760 44.5963 0.1589 0.9861
Car 0.0000 0.0000 0.0000 757.0000 188.0000 952.0000 252.0000 1.5223 1.7235 4.4659 6.1469 1.9128 18.5393 0.1075 0.9854
