Car 0.0000 0.0000 0.0000 801.0000 192.0000 1172.0000 407.0000 1.4659 1.5668 3.6489 3.1862 1.6790 7.0286 1.5236 0.9997
Car 0.0000 0.0000 0.0000 640.0000 184.0000 706.0000 236.0000 1.4470 1.5686 3.6251 1.8708 1.7641 22.2666 1.5326 0.9996
Car 0.0000 0.0000 0.0000 447.0000 187.0000 491.0000 220.0000 1.5752 1.6871 3.9850 -7.2493 2.2844 37.6056 1.5295 0.9996
Car 0.0000 0.0000 0.0000 618.0000 181.0000 678.0000 224.0000 1.5163 1.6288 3.8552 1.4396 1.8050 28.0631 1.4446 0.9992
Car 0.0000 0.0000 0.0000 -123.0000 206.0000 261.0000 413.0000 1.4887 1.5839 3.6631 -5.2460 1.8985 7.5937 1.4694 0.9989
Car 0.0000 0.0000 0.0000 612.0000 177.0000 635.0000 198.0000 1.5154 1.6547 3.8064 1.1326 1.7873 56.3708 1.5708 0.9961
Car 0.0000 0.0000 0.0000 1305.0000 176.0000 1551.0000 303.0000 1.4602 1.6290 3.9422 11.3621 1.4968 10.3223 -0.9020 0.9932
Car 0.0000 0.0000 0.0000 878.0000 170.0000 1025.0000 224.0000 1.4991 1.6017 3.8153 10.2429 1.4234 21.6400 0.5596 0.9921
Car 0.0000 0.0000 0.0000 -989.0000 -415.0000 2278.0000 723.0000 1.8137 1.7218 4.1954 3.8252 1.6051 0.0768 1.5708 0.9908
Car 0.0000 0.0000 0.0000 1647.0000 178.0000 2179.0000 376.0000 1.4879 1.6495 3.8756 12.7121 1.5433 7.4285 -0.7780 0.9896
Car 0.0000 0.0000 0.0000 2299.0000 166.0000 4721.0000 693.0000 1.4788 1.6445 3.8575 12.4604 1.4587 3.8703 -0.6820 0.9803
Car 0.0000 0.0000 0.0000 -5959.0000 248.0000 -33.0000 2679.0000 1.4862 1.6532 3.9406 -4.7344 1.9663 2.6473 1.3855 0.9633
