Car 0.0000 0.0000 0.0000 302.0000 190.0000 473.0000 303.0000 1.4818 1.5957 3.6811 -3.4224 1.7707 11.6996 1.5708 0.9999
Car 0.0000 0.0000 0.0000 787.0000 184.0000 987.0000 304.0000 1.4324 1.5631 3.7599 3.8541 1.6086 10.7564 1.5708 0.9999
Car 0.0000 0.0000 0.0000 649.0000 181.0000 704.0000 208.0000 1.4554 1.6352 3.9411 3.9579 1.8615 41.6654 -1.0346 0.9997
Car 0.0000 0.0000 0.0000 732.0000 181.0000 833.0000 250.0000 1.4623 1.6010 3.9674 4.0722 1.6467 17.5867 1.5708 0.9996
Car 0.0000 0.0000 0.0000 546.0000 181.0000 599.0000 218.0000 1.4949 1.6331 3.7688 -1.5429 1.8338 31.5531 -1.4409 0.9996
Car 0.0000 0.0000 0.0000 907.0000 191.0000 1469.0000 485.0000 1.4860 1.5547 3.3733 3.7155 1.6504 5.4853 1.5708 0.9995
Car 0.0000 0.0000 0.0000 -252.0000 195.0000 -102.0000 242.0000 1.5071 1.6802 3.8720 -28.9912 2.3481 26.6901 1.4299 0.9993
Car 0.0000 0.0000 0.0000 710.0000 181.0000 772.0000 227.0000 1.4682 1.5434 3.4126 4.4922 1.7276 24.9914 1.5708 0.9992
Car 0.0000 0.0000 0.0000 418.0000 187.0000 518.0000 259.0000 1.4844 1.5679 3.5508 -3.2497 1.8208 17.0700 1.5708 0.9992
Car 0.0000 0.0000 0.0000 486.0000 182.0000 549.0000 231.0000 1.5076 1.6273 3.9018 -3.0649 1.8082 24.5348 1.5708 0.9991
Car 0.0000 0.0000 0.0000 762.0000 176.0000 803.0000 205.0000 1.4720 1.6284 3.6191 9.4912 1.5939 39.2330 -1.1763 0.9954
Car 0.0000 0.0000 0.0000 737.0000 171.0000 772.0000 203.0000 1.4854 1.5848 3.8002 7.1996 1.3736 35.6948 -1.3780 0.9643
