Car 0.0000 0.0000 0.0000 298.0000 194.0000 446.0000 288.0000 1.5058 1.6401 3.6465 -4.4618 1.9332 13.9954 1.5708 0.9997
Car 0.0000 0.0000 0.0000 702.0000 177.0000 744.0000 215.0000 1.6087 1.7226 4.3582 5.0930 1.7631 32.6143 -1.4422 0.9995
Car 0.0000 0.0000 0.0000 967.0000 191.0000 2343.0000 804.0000 1.5182 1.6334 4.1677 3.7226 1.6585 3.9839 1.5708 0.9995
Car 0.0000 0.0000 0.0000 488.0000 187.0000 543.0000 229.0000 1.5164 1.6237 3.7281 -3.6619 2.0455 28.7680 1.5708 0.9995
Car 0.0000 0.0000 0.0000 402.0000 186.0000 496.0000 254.0000 1.5919 1.6419 3.8837 -4.1569 1.9230 19.1070 1.5664 0.9993
Car 0.0000 0.0000 0.0000 455.0000 190.0000 523.0000 239.0000 1.4755 1.5902 3.5931 -3.9606 2.0403 24.1585 1.5708 0.9967
Car 0.0000 0.0000 0.0000 -70.0000 192.0000 128.0000 259.0000 1.4705 1.5916 3.8594 -14.8473 1.9771 18.5606 -0.6824 0.9967
Car 0.0000 0.0000 0.0000 583.0000 182.0000 605.0000 203.0000 1.5103 1.6105 3.9059 -1.0719 2.1472 55.3640 1.5617 0.9839
Car 0.0000 0.0000 0.0000 2066.0000 151.0000 7663.0000 964.0000 1.4566 1.6208 4.1185 11.5726 1.4419 3.2525 0.7177 0.9703
Car 0.0000 0.0000 0.0000 689.0000 173.0000 716.0000 193.0000 1.4843 1.5888 3.8083 7.2397 1.4271 55.8849 1.5708 0.9631
Car 0.0000 0.0000 0.0000 601.0000 180.0000 622.0000 198.0000 1.4478 1.5717 3.9241 0.1900 1.9446 61.2317 1.5294 0.9613
