Car 0.0000 0.0000 0.0000 404.0000 185.0000 511.0000 266.0000 1.4284 1.5355 3.5541 -3.0432 1.6787 14.9083 1.5488 0.9998
Car 0.0000 0.0000 0.0000 644.0000 176.0000 736.0000 244.0000 1.5598 1.6458 4.1715 1.9579 1.6198 18.7712 1.5050 0.9997
Car 0.0000 0.0000 0.0000 284.0000 185.0000 441.0000 244.0000 1.5186 1.6451 4.2387 -7.2895 1.8836 21.5823 -0.9160 0.9994
Car 0.0000 0.0000 0.0000 -592.0000 202.0000 128.0000 434.0000 1.4871 1.6015 3.7978 -6.4789 1.7696 5.9215 -0.1069 0.9977
Car 0.0000 0.0000 0.0000 604.0000 174.0000 635.0000 196.0000 1.5095 1.6236 3.7885 0.7693 1.5625 52.2351 1.4271 0.9971
Car 0.0000 0.0000 0.0000 447.0000 173.0000 528.0000 205.0000 2.0902 1.8396 5.0645 -8.1300 2.0619 48.6485 0.1361 0.9964
Car 0.0000 0.0000 0.0000 -2637.0000 -1347.0000 1529.0000 588.0000 1.4225 1.5090 3.4203 2.5685 1.5304 0.9709 1.5708 0.9829
Car 0.0000 0.0000 0.0000 678.0000 172.0000 738.0000 193.0000 1.5516 1.6632 4.4022 7.4827 1.4120 54.2101 0.1969 0.9702
Car 0.0000 0.0000 0.0000 589.0000 168.0000 632.0000 186.0000 1.6658 1.6759 3.9814 0.1842 1.1193 66.8360 -0.0193 0.9637
Car 0.0000 0.0000 0.0000 -2087.0000 214.0000 -359.0000 1022.0000 1.5232 1.6099 3.9020 -6.5238 1.8033 3.4567 0.7863 0.9628
