Car 0.0000 0.0000 0.0000 822.0000 155.0000 1027.0000 218.0000 1.5462 1.6759 4.6258 8.1553 1.1068 18.9640 0.0715 0.9999
Car 0.0000 0.0000 0.0000 931.0000 144.0000 1259.0000 247.0000 1.6661 1.7068 4.5518 8.3368 1.2011 12.7165 0.0544 0.9997
Car 0.0000 0.0000 0.0000 692.0000 180.0000 788.0000 253.0000 1.4996 1.5933 3.7434 2.9086 1.6507 16.8021 1.5708 0.9997
Car 0.0000 0.0000 0.0000 353.0000 181.0000 450.0000 240.0000 1.5545 1.6435 3.8639 -6.0689 1.7816 21.4088 1.5708 0.9995
Car 0.0000 0.0000 0.0000 1025.0000 155.0000 1476.0000 279.0000 1.5024 1.6685 4.4337 8.3397 1.3019 9.7388 0.0747 0.9994
Car 0.0000 0.0000 0.0000 448.0000 183.0000 501.0000 218.0000 1.4577 1.6286 3.9060 -6.0169 1.8925 32.5495 1.5708 0.9993
Car 0.0000 0.0000 0.0000 27.0000 198.0000 291.0000 333.0000 1.5035 1.5951 3.5445 -6.1885 1.9010 10.3540 1.5638 0.9993
Car 0.0000 0.0000 0.0000 490.0000 180.0000 526.0000 209.0000 1.5973 1.6566 3.8460 -5.9593 1.9914 43.0221 1.5614 0.9980
Car 0.0000 0.0000 0.0000 1345.0000 120.0000 1602.0000 193.0000 1.7629 1.7245 4.4063 22.1419 0.4621 18.5892 0.0385 0.9963
Car 0.0000 0.0000 0.0000 524.0000 180.0000 548.0000 201.0000 1.5036 1.6207 3.9363 -5.6565 2.0183 56.1953 1.5314 0.9828
Car 0.0000 0.0000 0.0000 485.0000 174.0000 504.0000 192.0000 1.5663 1.6630 3.9260 -10.4945 1.6307 66.4104 1.4148 0.9811
Car 0.0000 0.0000 0.0000 291.0000 193.0000 413.0000 263.0000 1.4725 1.5842 3.5590 -6.1977 1.9714 17.6944 1.5708 0.9676
Car 0.0000 0.0000 0.0000 716.0000 167.0000 795.0000 194.0000 1.6046 1.7242 4.5297 9.0551 1.1923 44.6432 0.0067 0.9651
