Car 0.0000 0.0000 0.0000 652.0000 173.0000 698.0000 210.0000 1.5039 1.6091 3.7810 2.7533 1.4667 30.8198 1.5708 0.9996
Car 0.0000 0.0000 0.0000 710.0000 180.0000 838.0000 272.0000 1.4645 1.5283 3.5358 2.8516 1.5822 13.2978 1.5684 0.9996
Car 0.0000 0.0000 0.0000 753.0000 160.0000 1080.0000 369.0000 1.6209 1.6790 4.1386 2.7820 1.5318 7.7043 1.5617 0.9995
Car 0.0000 0.0000 0.0000 686.0000 173.0000 767.0000 240.0000 1.5549 1.5747 3.5312 2.9235 1.5589 18.6591 1.5708 0.9993
Car 0.0000 0.0000 0.0000 151.0000 159.0000 417.0000 257.0000 1.7926 1.7222 4.5533 -6.4073 1.5508 14.4036 0.0588 0.9992
Car 0.0000 0.0000 0.0000 -40.0000 184.0000 300.0000 306.0000 1.5175 1.5877 3.7682 -6.5465 1.6854 9.9871 0.0821 0.9988
Car 0.0000 0.0000 0.0000 -250.0000 190.0000 233.0000 366.0000 1.5428 1.6061 3.8964 -6.2535 1.7329 7.4388 0.1304 0.9984
Car 0.0000 0.0000 0.0000 103.0000 180.0000 356.0000 282.0000 1.5688 1.5742 3.3985 -6.2489 1.6810 12.0213 0.0340 0.9979
Car 0.0000 0.0000 0.0000 330.0000 174.0000 473.0000 231.0000 1.6159 1.6030 3.8064 -6.1798 1.6288 21.4377 0.3001 0.9975
Car 0.0000 0.0000 0.0000 458.0000 173.0000 505.0000 212.0000 1.4988 1.6027 3.8184 -5.3094 1.4885 30.3090 1.4949 0.9971
Car 0.0000 0.0000 0.0000 -739.0000 178.0000 96.0000 466.0000 1.6203 1.6733 4.1092 -6.2568 1.6720 5.0802 0.0943 0.9970
Car 0.0000 0.0000 0.0000 434.0000 172.0000 525.0000 210.0000 1.7163 1.6458 3.9530 -6.1098 1.6310 34.1053 0.0548 0.9969
Car 0.0000 0.0000 0.0000 636.0000 167.0000 673.0000 195.0000 1.5446 1.6225 3.6871 2.5990 1.1699 41.6492 1.5060 0.9951
Car 0.0000 0.0000 0.0000 225.0000 171.0000 424.0000 247.0000 1.6415 1.6432 3.9395 -6.5133 1.5925 16.6662 0.0162 0.9927
Car 0.0000 0.0000 0.0000 535.0000 165.0000 559.0000 188.0000 1.5485 1.6532 3.8615 -4.4432 0.9602 52.0637 1.5105 0.9922
Car 0.0000 0.0000 0.0000 292.0000 179.0000 458.0000 240.0000 1.5142 1.5937 3.8631 -6.1603 1.6739 19.0159 0.1761 0.9922
Car 0.0000 0.0000 0.0000 669.0000 158.0000 689.0000 176.0000 1.6724 1.6939 3.8773 6.7603 0.1958 68.6991 -1.4045 0.9607
