Car 0.0000 0.0000 0.0000 676.0000 178.0000 728.0000 220.0000 1.5000 1.6053 3.5918 3.5276 1.6798 27.9066 1.5708 0.9999
Car 0.0000 0.0000 0.0000 572.0000 173.0000 628.0000 227.0000 1.6144 1.6573 3.6875 -0.3084 1.5917 23.5279 1.5616 0.9998
Car 0.0000 0.0000 0.0000 339.0000 175.0000 476.0000 245.0000 1.6332 1.6200 3.8898 -5.3640 1.6835 18.7793 0.7410 0.9994
Car 0.0000 0.0000 0.0000 55.0000 191.0000 315.0000 387.0000 1.4701 1.6330 4.1531 -4.7503 1.6737 7.6668 0.8511 0.9992
Car 0.0000 0.0000 0.0000 771.0000 184.0000 1006.0000 316.0000 1.4866 1.6365 4.4264 3.7239 1.6573 10.5916 1.5509 0.9992
Car 0.0000 0.0000 0.0000 876.0000 -497.0000 3844.0000 1293.0000 2.5175 1.9487 5.8763 3.5391 1.5782 3.9495 1.5627 0.9986
Car 0.0000 0.0000 0.0000 199.0000 177.0000 295.0000 217.0000 1.5071 1.6939 4.1695 -14.8720 1.6507 29.8183 1.5708 0.9986
Car 0.0000 0.0000 0.0000 -528.0000 136.0000 59.0000 365.0000 1.9281 1.7369 4.3600 -8.8935 1.6295 8.3079 1.5481 0.9976
Car 0.0000 0.0000 0.0000 172.0000 182.0000 400.0000 304.0000 1.5319 1.5928 3.6776 -5.0143 1.6760 10.9105 0.6527 0.9973
Car 0.0000 0.0000 0.0000 402.0000 177.0000 515.0000 225.0000 1.5249 1.5687 3.6620 -5.1852 1.6449 24.5879 0.5240 0.9972
Car 0.0000 0.0000 0.0000 519.0000 174.0000 562.0000 203.0000 1.5557 1.6353 3.8391 -3.9194 1.5754 40.9393 1.2650 0.9957
Car 0.0000 0.0000 0.0000 591.0000 173.0000 631.0000 208.0000 1.5583 1.6662 3.8921 0.0471 1.5500 34.4133 1.5151 0.9950
Car 0.0000 0.0000 0.0000 -18.0000 180.0000 137.0000 244.0000 1.5788 1.5804 3.4818 -14.8442 1.7384 19.6337 1.5708 0.9924
Car 0.0000 0.0000 0.0000 -57162.0000 -6259.0000 3242.0000 30810.0000 1.7798 1.7073 4.0158 -4.6029 1.4010 0.9969 0.8613 0.9871
Car 0.0000 0.0000 0.0000 418.0000 179.0000 448.0000 199.0000 1.6194 1.6535 4.1475 -14.4244 2.0158 59.2126 1.5195 0.9833
Car 0.0000 0.0000 0.0000 639.0000 161.0000 677.0000 200.0000 2.4511 1.9400 5.6252 3.2714 1.6384 48.7521 1.5199 0.9799
Car 0.0000 0.0000 0.0000 537.0000 170.0000 567.0000 194.0000 1.5404 1.6191 3.7933 -3.8062 1.3259 48.8394 1.5708 0.9670
Car 0.0000 0.0000 0.0000 31.0000 193.0000 241.0000 287.0000 1.4483 1.5331 3.8503 -8.7621 1.8533 13.7029 1.5498 0.9638
