Car 0.0000 0.0000 0.0000 485.0000 187.0000 532.0000 218.0000 1.4868 1.6390 3.8187 -5.3084 2.2249 38.4673 1.5708 0.9999
Car 0.0000 0.0000 0.0000 318.0000 191.0000 425.0000 253.0000 1.5429 1.6822 3.9617 -6.7091 2.0659 20.6878 1.5708 0.9997
Car 0.0000 0.0000 0.0000 599.0000 182.0000 670.0000 251.0000 1.5829 1.6430 3.6014 0.5854 1.8007 18.5048 1.5708 0.9996
Car 0.0000 0.0000 0.0000 422.0000 187.0000 475.0000 216.0000 1.5374 1.6942 4.1920 -9.4396 2.3655 42.6392 -1.4241 0.9995
Car 0.0000 0.0000 0.0000 118.0000 187.0000 227.0000 235.0000 1.4767 1.5761 3.5594 -14.8775 1.9375 24.7198 1.5708 0.9994
Car 0.0000 0.0000 0.0000 746.0000 183.0000 912.0000 263.0000 1.4587 1.6331 4.0322 4.7873 1.6736 15.4463 -0.7681 0.9987
Car 0.0000 0.0000 0.0000 281.0000 193.0000 357.0000 241.0000 1.4865 1.5970 3.6114 -10.2686 2.2087 25.6928 1.4567 0.9987
Car 0.0000 0.0000 0.0000 673.0000 180.0000 730.0000 216.0000 1.5235 1.6057 3.7823 4.2920 1.8075 33.0266 -1.1596 0.9939
Car 0.0000 0.0000 0.0000 693.0000 184.0000 799.0000 228.0000 1.4433 1.6462 3.9978 5.0427 1.8228 26.3528 -0.7073 0.9916
Car 0.0000 0.0000 0.0000 545.0000 183.0000 573.0000 205.0000 1.5298 1.6586 3.7965 -3.7726 2.2687 54.7057 1.5708 0.9830
Car 0.0000 0.0000 0.0000 -404.0000 204.0000 12.0000 346.0000 1.3989 1.5877 3.8473 -10.4402 1.8741 9.8034 1.4843 0.9603
