Car 0.0000 0.0000 0.0000 582.0000 177.0000 613.0000 206.0000 1.5259 1.6639 3.8001 -0.6826 1.7310 40.7387 1.5299 0.9997
Car 0.0000 0.0000 0.0000 904.0000 183.0000 1112.0000 281.0000 1.4355 1.5521 3.8607 6.7476 1.6177 12.7253 1.5708 0.9996
Car 0.0000 0.0000 0.0000 696.0000 177.0000 807.0000 224.0000 1.5048 1.6452 4.1301 4.9328 1.6350 25.5421 1.1089 0.9994
Car 0.0000 0.0000 0.0000 1286.0000 177.0000 1611.0000 279.0000 1.4922 1.5333 3.4764 14.1285 1.5635 12.4659 1.5625 0.9991
Car 0.0000 0.0000 0.0000 -4963.0000 -1652.0000 1836.0000 602.0000 1.4944 1.5445 3.4827 4.0417 1.6528 1.0836 1.5548 0.9977
Car 0.0000 0.0000 0.0000 661.0000 176.0000 696.0000 210.0000 1.5937 1.6580 3.6691 3.5345 1.7333 36.8786 1.5708 0.9967
Car 0.0000 0.0000 0.0000 610.0000 172.0000 640.0000 196.0000 1.5914 1.6392 3.8471 1.0976 1.4534 50.4572 1.4815 0.9934
Car 0.0000 0.0000 0.0000 680.0000 179.0000 784.0000 220.0000 1.5517 1.6528 3.8880 4.7569 1.7587 28.2274 0.1234 0.9904
Car 0.0000 0.0000 0.0000 1565.0000 185.0000 1828.0000 292.0000 1.4525 1.6167 3.8404 17.5462 1.6538 11.6346 -0.3905 0.9846
Car 0.0000 0.0000 0.0000 609.0000 178.0000 638.0000 197.0000 1.5233 1.6176 3.8139 1.2235 1.8403 59.8606 1.3854 0.9807
