Car 0.0000 0.0000 0.0000 741.0000 184.0000 856.0000 261.0000 1.4512 1.5817 3.9136 4.0070 1.6890 15.9386 1.5708 0.9998
Car 0.0000 0.0000 0.0000 803.0000 193.0000 1061.0000 333.0000 1.4312 1.5818 4.3776 4.1052 1.7527 10.0962 1.5570 0.9997
Car 0.0000 0.0000 0.0000 552.0000 175.0000 591.0000 209.0000 1.5019 1.6132 3.7050 -1.7231 1.5486 33.7955 1.5694 0.9997
Car 0.0000 0.0000 0.0000 394.0000 144.0000 539.0000 274.0000 1.8116 1.7036 4.2059 -2.2536 1.4170 12.2490 1.5502 0.9996
Car 0.0000 0.0000 0.0000 727.0000 181.0000 803.0000 235.0000 1.4544 1.5497 3.5499 4.5016 1.6653 21.2774 1.5708 0.9996
Car 0.0000 0.0000 0.0000 690.0000 177.0000 735.0000 213.0000 1.5241 1.5939 3.5854 4.6249 1.6923 32.5723 1.5708 0.9995
Car 0.0000 0.0000 0.0000 1015.0000 191.0000 3028.0000 1043.0000 1.5515 1.6423 3.9447 3.7610 1.6754 3.3543 1.5708 0.9994
Car 0.0000 0.0000 0.0000 703.0000 180.0000 762.0000 222.0000 1.5333 1.5747 3.3672 4.7022 1.7605 27.9220 1.5278 0.9991
Car 0.0000 0.0000 0.0000 472.0000 182.0000 557.0000 249.0000 1.4552 1.6082 3.8453 -2.2463 1.6641 17.7474 1.5644 0.9971
Car 0.0000 0.0000 0.0000 -441.0000 -472.0000 1861.0000 685.0000 1.6588 1.7214 4.5925 -2.8128 1.7849 0.2963 1.5231 0.9863
