Car 0.0000 0.0000 0.0000 1050.0000 110.0000 2282.0000 842.0000 1.6841 1.6789 4.2002 3.7730 1.5532 3.9121 -1.1967 0.9998
Car 0.0000 0.0000 0.0000 401.0000 172.0000 455.0000 213.0000 1.5086 1.6081 3.6014 -7.1737 1.4472 28.7793 1.4601 0.9997
Car 0.0000 0.0000 0.0000 99.0000 173.0000 236.0000 239.0000 1.7496 1.7214 4.1181 -13.0214 1.7563 21.5064 1.5256 0.9994
Car 0.0000 0.0000 0.0000 739.0000 165.0000 818.0000 214.0000 1.5487 1.6120 3.7170 5.7570 1.2893 24.9124 1.5020 0.9994
Car 0.0000 0.0000 0.0000 537.0000 160.0000 575.0000 189.0000 1.5053 1.6397 3.6511 -3.0097 0.7877 40.2080 1.3740 0.9988
Car 0.0000 0.0000 0.0000 227.0000 184.0000 333.0000 239.0000 1.4498 1.6269 4.2339 -9.7601 1.7656 21.6582 1.4650 0.9988
Car 0.0000 0.0000 0.0000 589.0000 160.0000 615.0000 186.0000 1.7382 1.7198 4.0651 -0.4993 0.8103 50.9043 1.5467 0.9984
Car 0.0000 0.0000 0.0000 864.0000 139.0000 1085.0000 233.0000 2.1934 1.8808 5.4545 9.4303 1.3588 18.5665 -0.3642 0.9983
Car 0.0000 0.0000 0.0000 679.0000 170.0000 755.0000 220.0000 1.5273 1.6255 4.1580 3.5194 1.4246 24.3579 1.4913 0.9981
Car 0.0000 0.0000 0.0000 484.0000 151.0000 552.0000 222.0000 2.0183 1.7664 3.9046 -2.7923 1.3823 22.6252 1.5292 0.9968
Car 0.0000 0.0000 0.0000 -119.0000 189.0000 43.0000 248.0000 1.4879 1.6111 3.8381 -18.5652 1.9445 20.8558 1.4506 0.9932
