Car 0.0000 0.0000 0.0000 666.0000 181.0000 740.0000 241.0000 1.5390 1.6293 3.7881 2.5742 1.7527 20.5428 1.5708 0.9999
Car 0.0000 0.0000 0.0000 731.0000 187.0000 941.0000 332.0000 1.4961 1.6012 3.6583 2.7217 1.7043 9.5839 1.5665 0.9998
Car 0.0000 0.0000 0.0000 647.0000 183.0000 709.0000 226.0000 1.4486 1.5679 3.8988 2.4708 1.7835 26.6016 1.4794 0.9993
Car 0.0000 0.0000 0.0000 640.0000 178.0000 680.0000 212.0000 1.5554 1.6050 3.4622 2.4731 1.7818 35.6119 1.5353 0.9993
Car 0.0000 0.0000 0.0000 -213.0000 190.0000 269.0000 344.0000 1.5217 1.6632 4.2714 -6.4188 1.7326 8.1736 0.0620 0.9992
Car 0.0000 0.0000 0.0000 126.0000 171.0000 392.0000 275.0000 1.7349 1.6697 4.0021 -6.2260 1.7125 12.9880 0.0547 0.9991
Car 0.0000 0.0000 0.0000 303.0000 193.0000 410.0000 263.0000 1.4797 1.5893 3.8565 -6.2062 1.9959 18.0511 1.4929 0.9988
Car 0.0000 0.0000 0.0000 319.0000 185.0000 462.0000 241.0000 1.4956 1.5784 3.6067 -6.2177 1.8353 20.6426 0.0340 0.9987
Car 0.0000 0.0000 0.0000 225.0000 190.0000 418.0000 265.0000 1.5097 1.5708 3.5646 -6.1896 1.8879 15.6111 0.0941 0.9953
Car 0.0000 0.0000 0.0000 438.0000 181.0000 517.0000 212.0000 1.6302 1.6513 3.9641 -7.1147 2.0165 39.2238 0.0672 0.9937
Car 0.0000 0.0000 0.0000 381.0000 182.0000 489.0000 220.0000 1.5100 1.6406 4.0784 -7.2096 1.8701 29.9774 0.0783 0.9936
Car 0.0000 0.0000 0.0000 483.0000 181.0000 548.0000 205.0000 1.5088 1.6206 3.9231 -6.0213 2.0034 46.8695 0.1001 0.9827
Car 0.0000 0.0000 0.0000 503.0000 172.0000 554.0000 193.0000 1.8656 1.7477 4.5076 -7.3709 1.7188 66.4557 0.0164 0.9717
Car 0.0000 0.0000 0.0000 782.0000 174.0000 868.0000 202.0000 1.5059 1.6312 4.4136 12.1463 1.5207 40.6191 0.0774 0.9713
Car 0.0000 0.0000 0.0000 626.0000 180.0000 660.0000 203.0000 1.5124 1.6177 3.7677 2.3188 1.9150 49.5884 1.4304 0.9686
Car 0.0000 0.0000 0.0000 473.0000 180.0000 519.0000 212.0000 1.4957 1.6235 3.7536 -5.4970 1.7898 35.3145 1.5708 0.9663
Car 0.0000 0.0000 0.0000 -1992.0000 192.0000 -338.0000 692.0000 1.5693 1.6060 3.8427 -7.1644 1.6858 3.2065 0.0526 0.9610
