Car 0.0000 0.0000 0.0000 180.0000 184.0000 326.0000 259.0000 1.5087 1.5979 3.5800 -8.0800 1.7568 16.6369 1.5651 0.9996
Car 0.0000 0.0000 0.0000 80.0000 178.0000 225.0000 243.0000 1.4431 1.5704 3.5689 -11.3946 1.5683 18.2055 1.4995 0.9994
Car 0.0000 0.0000 0.0000 574.0000 180.0000 605.0000 210.0000 1.5685 1.6618 3.6659 -1.0887 1.9458 41.1796 1.5602 0.9994
Car 0.0000 0.0000 0.0000 -221.0000 197.0000 298.0000 434.0000 1.4621 1.6896 4.3534 -4.8231 1.7481 7.0178 1.5477 0.9991
Car 0.0000 0.0000 0.0000 482.0000 181.0000 526.0000 216.0000 1.4442 1.5578 3.4638 -4.5706 1.7515 31.6369 1.5399 0.9983
Car 0.0000 0.0000 0.0000 293.0000 184.0000 384.0000 239.0000 1.5200 1.5362 3.2084 -8.1882 1.8323 21.9595 1.5708 0.9966
Car 0.0000 0.0000 0.0000 382.0000 132.0000 498.0000 246.0000 2.6299 1.9584 5.8659 -4.4014 1.6799 19.7179 1.5409 0.9950
Car 0.0000 0.0000 0.0000 504.0000 181.0000 540.0000 208.0000 1.5083 1.5902 3.8221 -5.1046 1.9252 42.8748 1.5708 0.9830
Car 0.0000 0.0000 0.0000 -640.0000 189.0000 -24.0000 401.0000 1.5225 1.5841 3.4139 -8.5760 1.7000 7.0698 1.5708 0.9703
Car 0.0000 0.0000 0.0000 250.0000 179.0000 332.0000 217.0000 1.4561 1.5621 3.7525 -13.0991 1.6664 29.8256 1.5708 0.9647
