Car 0.0000 0.0000 0.0000 749.0000 182.0000 999.0000 365.0000 1.5264 1.5682 3.3796 2.5318 1.6332 7.8048 1.5708 0.9999
Car 0.0000 0.0000 0.0000 413.0000 172.0000 527.0000 263.0000 1.6864 1.6597 3.7415 -2.8306 1.6625 15.2804 1.5708 0.9999
Car 0.0000 0.0000 0.0000 639.0000 178.0000 676.0000 207.0000 1.4752 1.6237 3.7200 2.6470 1.7353 40.0413 1.5257 0.9996
Car 0.0000 0.0000 0.0000 569.0000 174.0000 590.0000 194.0000 1.5638 1.6427 3.6406 -2.3764 1.5846 58.6052 1.5401 0.9994
Car 0.0000 0.0000 0.0000 873.0000 169.0000 2055.0000 859.0000 1.5450 1.5462 3.0149 2.4828 1.5540 3.1519 1.5442 0.9994
Car 0.0000 0.0000 0.0000 -185.0000 166.0000 253.0000 313.0000 1.6358 1.6516 4.2284 -7.0055 1.5751 8.9831 0.0405 0.9993
Car 0.0000 0.0000 0.0000 481.0000 178.0000 561.0000 229.0000 1.4851 1.6101 3.7566 -2.7469 1.6182 23.0614 -1.4288 0.9974
Car 0.0000 0.0000 0.0000 637.0000 170.0000 662.0000 192.0000 1.6531 1.6926 3.7665 3.2762 1.3946 58.2302 1.5550 0.9933
Car 0.0000 0.0000 0.0000 537.0000 174.0000 561.0000 193.0000 1.4643 1.5916 3.7198 -4.6180 1.4533 55.4616 1.4237 0.9852
Car 0.0000 0.0000 0.0000 581.0000 175.0000 604.0000 191.0000 1.5000 1.6204 3.8539 -1.5221 1.5888 67.2083 1.4091 0.9653
