Car 0.0000 0.0000 0.0000 585.0000 171.0000 654.0000 228.0000 1.7616 1.7073 3.7710 0.2621 1.6800 24.1632 1.4266 0.9998
Car 0.0000 0.0000 0.0000 -105.0000 178.0000 278.0000 302.0000 1.6119 1.6663 4.3683 -7.4775 1.6964 10.5648 -0.0420 0.9996
Car 0.0000 0.0000 0.0000 -364.0000 183.0000 151.0000 352.0000 1.5504 1.6057 3.8997 -7.2581 1.6642 7.4990 0.0489 0.9994
Car 0.0000 0.0000 0.0000 -1211.0000 183.0000 -125.0000 509.0000 1.5291 1.6084 3.8793 -7.1335 1.6094 4.2873 0.0468 0.9983
Car 0.0000 0.0000 0.0000 533.0000 177.0000 557.0000 196.0000 1.5372 1.6555 3.9972 -5.4890 1.8316 61.6267 1.3985 0.9967
Car 0.0000 0.0000 0.0000 -9366.0000 -120.0000 -1101.0000 2383.0000 1.8331 1.7015 4.1717 -7.4786 1.6416 1.4537 0.0389 0.9873
Car 0.0000 0.0000 0.0000 379.0000 174.0000 461.0000 205.0000 1.8287 1.7651 4.6256 -11.4506 1.8461 43.6218 0.3996 0.9861
Car 0.0000 0.0000 0.0000 360.0000 185.0000 416.0000 225.0000 1.4874 1.6223 3.9399 -9.0871 1.9721 29.8088 1.4259 0.9825
Car 0.0000 0.0000 0.0000 520.0000 177.0000 539.0000 192.0000 1.4962 1.5929 3.8825 -7.7309 1.7560 70.3375 1.5277 0.9805
Car 0.0000 0.0000 0.0000 218.0000 157.0000 422.0000 233.0000 1.7373 1.6629 4.3913 -7.0269 1.3819 17.6235 0.1328 0.9761
Car 0.0000 0.0000 0.0000 451.0000 183.0000 474.0000 200.0000 1.4604 1.5929 3.9310 -13.1004 2.2955 64.6233 1.4848 0.9619
