Car 0.0000 0.0000 0.0000 465.0000 185.0000 516.0000 224.0000 1.4708 1.6049 3.7317 -4.7657 1.9186 29.2777 1.5287 0.9999
Car 0.0000 0.0000 0.0000 726.0000 163.0000 916.0000 224.0000 1.5458 1.6925 4.7049 5.6846 1.2905 19.7873 0.0458 0.9998
Car 0.0000 0.0000 0.0000 650.0000 175.0000 685.0000 202.0000 1.6843 1.7486 3.9944 3.8308 1.7487 47.3855 1.5292 0.9997
Car 0.0000 0.0000 0.0000 1218.0000 138.0000 1408.0000 191.0000 1.6341 1.7173 4.5326 23.0573 0.5335 23.7147 0.0078 0.9992
Car 0.0000 0.0000 0.0000 607.0000 178.0000 629.0000 198.0000 1.5381 1.6597 3.6740 0.7796 1.8835 58.9344 1.5708 0.9991
Car 0.0000 0.0000 0.0000 1342.0000 125.0000 1588.0000 195.0000 1.7803 1.7765 4.5672 23.2444 0.5308 19.6867 -0.0001 0.9980
Car 0.0000 0.0000 0.0000 887.0000 151.0000 935.0000 176.0000 1.5754 1.6065 3.4728 19.9056 0.1273 47.5059 1.5393 0.9977
Car 0.0000 0.0000 0.0000 548.0000 180.0000 585.0000 208.0000 1.5187 1.6378 3.8146 -2.4047 1.8945 41.6086 1.5708 0.9971
Car 0.0000 0.0000 0.0000 755.0000 165.0000 842.0000 195.0000 1.5296 1.6762 4.2257 9.9990 1.0895 38.1355 0.1018 0.9952
Car 0.0000 0.0000 0.0000 1002.0000 146.0000 1115.0000 178.0000 1.5298 1.7650 4.5444 22.4695 0.1912 36.0549 -0.0279 0.9935
Car 0.0000 0.0000 0.0000 1473.0000 145.0000 1757.0000 222.0000 1.6661 1.6401 4.1036 23.3588 1.0565 16.8541 0.0563 0.9857
Car 0.0000 0.0000 0.0000 1050.0000 147.0000 1168.0000 184.0000 1.6346 1.7146 4.3406 23.2820 0.4373 33.5838 -0.0308 0.9847
Car 0.0000 0.0000 0.0000 918.0000 158.0000 968.0000 183.0000 1.5376 1.6825 3.9716 22.1270 0.5582 47.8379 1.5708 0.9775
Car 0.0000 0.0000 0.0000 975.0000 152.0000 1075.0000 183.0000 1.5902 1.7434 4.2751 22.2582 0.4614 38.5911 0.1207 0.9741
