Car 0.0000 0.0000 0.0000 774.0000 192.0000 1081.0000 380.0000 1.4409 1.5426 3.7035 2.9966 1.6813 7.7344 1.5378 0.9998
Car 0.0000 0.0000 0.0000 236.0000 178.0000 404.0000 245.0000 1.5281 1.5683 3.3840 -6.8902 1.6326 17.2344 0.1072 0.9996
Car 0.0000 0.0000 0.0000 432.0000 160.0000 542.0000 208.0000 2.5104 1.9821 5.6537 -6.6688 1.8019 39.7320 0.0468 0.9995
Car 0.0000 0.0000 0.0000 644.0000 178.0000 679.0000 209.0000 1.4517 1.6103 4.0976 2.5784 1.6434 35.7471 1.5708 0.9993
Car 0.0000 0.0000 0.0000 456.0000 180.0000 537.0000 209.0000 1.4455 1.5891 3.8714 -5.7472 1.7565 37.0691 0.0288 0.9991
Car 0.0000 0.0000 0.0000 287.0000 179.0000 456.0000 242.0000 1.6227 1.6420 4.0859 -6.5097 1.7915 19.8805 0.0691 0.9987
Car 0.0000 0.0000 0.0000 -1732.0000 -673.0000 1292.0000 683.0000 2.2708 1.8966 5.4116 2.9588 1.4464 1.4803 1.5708 0.9983
Car 0.0000 0.0000 0.0000 341.0000 180.0000 476.0000 233.0000 1.5382 1.5721 3.6731 -6.1561 1.7395 22.2163 0.0875 0.9969
Car 0.0000 0.0000 0.0000 -1031.0000 195.0000 -137.0000 664.0000 1.5247 1.5548 3.5693 -6.0759 1.6840 4.3373 0.9289 0.9967
Car 0.0000 0.0000 0.0000 394.0000 179.0000 508.0000 222.0000 1.5809 1.6240 3.9780 -6.0911 1.7987 27.9142 0.1152 0.9964
Car 0.0000 0.0000 0.0000 672.0000 125.0000 793.0000 244.0000 2.5208 2.0219 6.1063 2.8862 1.4994 18.4541 1.5686 0.9959
Car 0.0000 0.0000 0.0000 -5403.0000 210.0000 -322.0000 1531.0000 1.6055 1.6626 4.1923 -5.9450 1.7687 1.9688 -0.0955 0.9954
Car 0.0000 0.0000 0.0000 1011.0000 173.0000 1369.0000 327.0000 1.4694 1.6195 4.3221 6.7735 1.4788 9.1315 -1.3992 0.9740
