Car 0.0000 0.0000 0.0000 875.0000 190.0000 1329.0000 427.0000 1.5078 1.6073 3.7068 3.9509 1.6944 6.6690 1.5565 0.9999
Car 0.0000 0.0000 0.0000 596.0000 181.0000 657.0000 237.0000 1.5019 1.6183 3.6169 0.5661 1.7263 21.3345 1.5708 0.9999
Car 0.0000 0.0000 0.0000 761.0000 172.0000 917.0000 276.0000 1.7237 1.7404 4.2337 4.2596 1.7135 14.1326 1.5708 0.9998
Car 0.0000 0.0000 0.0000 689.0000 176.0000 739.0000 216.0000 1.6171 1.6517 3.7045 4.5124 1.7303 31.2980 1.5708 0.9995
Car 0.0000 0.0000 0.0000 259.0000 169.0000 467.0000 291.0000 1.6881 1.6877 4.2043 -4.2949 1.6476 12.0795 0.8098 0.9994
Car 0.0000 0.0000 0.0000 447.0000 176.0000 551.0000 224.0000 1.5408 1.5752 3.5189 -3.8948 1.6397 25.1885 0.6415 0.9993
Car 0.0000 0.0000 0.0000 697.0000 182.0000 761.0000 226.0000 1.4467 1.5507 3.6678 4.2814 1.7520 26.1744 1.5293 0.9993
Car 0.0000 0.0000 0.0000 62.0000 177.0000 265.0000 266.0000 1.4511 1.6209 4.1284 -8.3550 1.5181 13.9180 1.4915 0.9990
Car 0.0000 0.0000 0.0000 236.0000 180.0000 361.0000 241.0000 1.4272 1.5402 3.7473 -8.0537 1.5863 18.9533 1.5708 0.9984
Car 0.0000 0.0000 0.0000 -106.0000 172.0000 103.0000 247.0000 1.5526 1.6436 4.0104 -14.2758 1.5348 17.1260 1.5528 0.9982
Car 0.0000 0.0000 0.0000 -309.0000 194.0000 187.0000 649.0000 1.5607 1.6236 3.9593 -4.3413 1.7085 4.4251 0.6794 0.9979
Car 0.0000 0.0000 0.0000 727.0000 180.0000 807.0000 235.0000 1.4519 1.5566 3.6807 4.4604 1.6236 20.8609 1.5708 0.9960
Car 0.0000 0.0000 0.0000 231.0000 172.0000 290.0000 212.0000 1.5028 1.5911 3.6747 -13.9246 1.4429 28.8701 1.2727 0.9940
Car 0.0000 0.0000 0.0000 607.0000 179.0000 646.0000 214.0000 1.5326 1.6540 3.7617 0.7667 1.7963 34.4093 1.5469 0.9934
Car 0.0000 0.0000 0.0000 754.0000 176.0000 800.0000 202.0000 1.4832 1.6111 3.9179 9.9706 1.6055 42.8438 1.5172 0.9924
Car 0.0000 0.0000 0.0000 727.0000 175.0000 755.0000 194.0000 1.4898 1.6039 3.8525 10.6755 1.5649 58.2977 1.5708 0.9867
Car 0.0000 0.0000 0.0000 -1685.0000 -3774.0000 9898.0000 1580.0000 1.4658 1.5929 3.5915 -4.6906 1.7212 1.4851 0.7383 0.9795
Car 0.0000 0.0000 0.0000 343.0000 185.0000 434.0000 271.0000 1.5434 1.6275 3.9266 -4.7082 1.7976 15.3995 1.2863 0.9793
Car 0.0000 0.0000 0.0000 486.0000 174.0000 566.0000 205.0000 1.5204 1.5655 3.6385 -4.1651 1.5345 36.1581 0.2682 0.9780
Car 0.0000 0.0000 0.0000 481.0000 178.0000 548.0000 214.0000 1.5260 1.5785 3.6048 -4.3476 1.7421 32.7036 0.9705 0.9716
