Car 0.0000 0.0000 0.0000 -46.0000 196.0000 415.0000 474.0000 1.4529 1.6025 3.9733 -2.9782 1.6947 6.0433 1.5481 0.9998
Car 0.0000 0.0000 0.0000 526.0000 186.0000 573.0000 225.0000 1.5039 1.6322 4.0079 -2.4289 2.0124 30.1534 1.5708 0.9995
Car 0.0000 0.0000 0.0000 361.0000 161.0000 519.0000 294.0000 1.9473 1.7211 4.5734 -2.8264 1.7814 12.9474 1.5708 0.9995
Car 0.0000 0.0000 0.0000 670.0000 183.0000 795.0000 227.0000 1.4420 1.6437 4.0829 4.1650 1.7662 24.8919 0.0671 0.9993
Car 0.0000 0.0000 0.0000 474.0000 185.0000 551.0000 247.0000 1.5042 1.6193 4.0539 -2.5999 1.8237 19.9939 1.5591 0.9990
Car 0.0000 0.0000 0.0000 -666.0000 201.0000 143.0000 530.0000 1.4604 1.5693 3.7334 -5.4858 1.7302 5.3639 1.5488 0.9975
Car 0.0000 0.0000 0.0000 639.0000 182.0000 714.0000 211.0000 1.4909 1.6717 3.9439 3.6119 1.9271 38.6754 0.0883 0.9975
Car 0.0000 0.0000 0.0000 568.0000 181.0000 598.0000 200.0000 1.5406 1.6164 3.7599 -2.2074 2.1451 61.4896 1.2813 0.9937
Car 0.0000 0.0000 0.0000 549.0000 173.0000 583.0000 209.0000 2.0559 1.8083 4.8072 -2.5252 2.0185 43.8581 1.5655 0.9932
Car 0.0000 0.0000 0.0000 308.0000 184.0000 412.0000 254.0000 1.4309 1.5354 3.8072 -5.7960 1.6829 17.0895 1.4560 0.9864
Car 0.0000 0.0000 0.0000 2159.0000 135.0000 4596.0000 588.0000 1.5899 1.6706 4.2145 11.9113 1.4816 3.5602 0.0985 0.9795
