Car 0.0000 0.0000 0.0000 109.0000 153.0000 496.0000 410.0000 1.7774 1.7291 4.0049 -2.5504 1.6561 7.0706 -1.4500 0.9999
Car 0.0000 0.0000 0.0000 805.0000 179.0000 1198.0000 417.0000 1.5075 1.5882 3.5336 2.9494 1.5650 6.3697 1.5708 0.9999
Car 0.0000 0.0000 0.0000 684.0000 172.0000 739.0000 215.0000 1.5291 1.6501 3.9085 3.8396 1.4838 27.6671 1.5708 0.9998
Car 0.0000 0.0000 0.0000 923.0000 132.0000 1132.0000 225.0000 1.7088 1.7037 3.9253 8.5856 0.9521 15.2463 1.4136 0.9996
Car 0.0000 0.0000 0.0000 532.0000 172.0000 576.0000 208.0000 1.4766 1.6381 3.9044 -2.4216 1.4280 32.4709 1.5708 0.9994
Car 0.0000 0.0000 0.0000 461.0000 177.0000 544.0000 235.0000 1.5251 1.6475 4.1122 -3.0258 1.6349 21.1471 1.5708 0.9993
Car 0.0000 0.0000 0.0000 407.0000 178.0000 511.0000 255.0000 1.5236 1.5717 3.5966 -3.2701 1.6230 16.1841 1.5708 0.9992
Car 0.0000 0.0000 0.0000 958.0000 188.0000 8772.0000 3935.0000 1.4576 1.5346 3.3843 2.4826 1.5232 1.9981 1.5708 0.9992
Car 0.0000 0.0000 0.0000 838.0000 170.0000 936.0000 214.0000 1.5316 1.6191 3.8915 10.2298 1.3820 26.4288 -0.6780 0.9982
Car 0.0000 0.0000 0.0000 1054.0000 121.0000 1301.0000 224.0000 1.8475 1.7212 4.0756 11.5419 0.9118 15.0749 1.4885 0.9964
Car 0.0000 0.0000 0.0000 1288.0000 124.0000 1498.0000 215.0000 1.5642 1.6481 4.2393 15.3495 0.7005 14.0829 -0.4605 0.9944
Car 0.0000 0.0000 0.0000 558.0000 165.0000 594.0000 202.0000 1.8226 1.6919 3.9969 -1.6850 1.3891 38.0580 1.5708 0.9923
Car 0.0000 0.0000 0.0000 730.0000 162.0000 805.0000 190.0000 1.7101 1.7339 4.4284 10.1866 0.9980 46.4090 -0.0029 0.9919
Car 0.0000 0.0000 0.0000 727.0000 154.0000 810.0000 183.0000 1.8774 1.8502 5.2220 10.7898 0.5451 48.9611 0.0046 0.9896
Car 0.0000 0.0000 0.0000 816.0000 171.0000 879.0000 206.0000 1.4340 1.6033 4.0366 10.4860 1.3467 31.9465 1.5708 0.9815
Car 0.0000 0.0000 0.0000 376.0000 183.0000 399.0000 200.0000 1.4747 1.6064 3.7910 -19.9029 2.2558 64.9173 1.3764 0.9788
Car 0.0000 0.0000 0.0000 719.0000 153.0000 781.0000 177.0000 1.7318 1.7960 4.4574 10.9022 0.1839 55.5609 0.0566 0.9657
