Car 0.0000 0.0000 0.0000 480.0000 185.0000 563.0000 243.0000 1.4779 1.5765 3.7559 -2.4522 1.8303 20.8366 -1.4737 0.9999
Car 0.0000 0.0000 0.0000 745.0000 183.0000 836.0000 245.0000 1.4959 1.5973 3.5885 4.8157 1.7574 19.6227 1.5708 0.9998
Car 0.0000 0.0000 0.0000 1120.0000 200.0000 3555.0000 1175.0000 1.4668 1.5544 3.4451 3.9808 1.6313 2.9104 1.5708 0.9998
Car 0.0000 0.0000 0.0000 774.0000 184.0000 902.0000 273.0000 1.5332 1.5669 3.2086 4.3725 1.7519 14.2709 1.5708 0.9998
Car 0.0000 0.0000 0.0000 170.0000 195.0000 453.0000 362.0000 1.5049 1.6380 3.9065 -3.3201 1.8089 8.8333 1.5708 0.9997
Car 0.0000 0.0000 0.0000 523.0000 185.0000 587.0000 230.0000 1.4786 1.5569 3.5073 -1.9180 1.9053 26.2948 -1.4132 0.9991
Car 0.0000 0.0000 0.0000 601.0000 182.0000 634.0000 210.0000 1.5047 1.6187 3.9095 0.5285 1.9685 40.6967 1.5708 0.9984
Car 0.0000 0.0000 0.0000 722.0000 178.0000 794.0000 224.0000 1.5488 1.6384 3.9806 5.3594 1.7053 26.4078 1.5284 0.9960
Car 0.0000 0.0000 0.0000 558.0000 181.0000 603.0000 217.0000 1.5301 1.6374 3.9954 -1.2857 1.8887 33.6250 1.5708 0.9920
Car 0.0000 0.0000 0.0000 685.0000 180.0000 717.0000 203.0000 1.4664 1.6332 3.8638 6.5104 1.9289 50.4201 -1.2789 0.9919
Car 0.0000 0.0000 0.0000 345.0000 187.0000 377.0000 203.0000 1.4702 1.6618 4.0101 -24.1955 2.7845 70.5078 1.5708 0.9893
Car 0.0000 0.0000 0.0000 770.0000 176.0000 796.0000 199.0000 1.4792 1.6036 3.8298 11.5923 1.6329 48.0187 -1.3621 0.9878
Car 0.0000 0.0000 0.0000 721.0000 178.0000 766.0000 212.0000 1.4774 1.5785 3.7271 6.2243 1.6627 33.6333 1.5708 0.9805
Car 0.0000 0.0000 0.0000 820.0000 174.0000 842.0000 190.0000 1.4917 1.6299 3.6935 20.6657 1.4739 67.0046 -1.3439 0.9660
