Car 0.0000 0.0000 0.0000 749.0000 177.0000 928.0000 298.0000 1.5441 1.6170 3.8059 3.2855 1.5993 11.1706 1.5708 0.9999
Car 0.0000 0.0000 0.0000 314.0000 190.0000 423.0000 259.0000 1.4517 1.5332 3.5151 -5.7269 1.8608 17.4647 1.5443 0.9997
Car 0.0000 0.0000 0.0000 108.0000 193.0000 356.0000 315.0000 1.5197 1.7054 4.1779 -5.7514 1.8757 11.5802 1.5708 0.9996
Car 0.0000 0.0000 0.0000 418.0000 184.0000 492.0000 231.0000 1.5522 1.6886 4.0929 -5.5829 1.9597 26.5311 1.5708 0.9995
Car 0.0000 0.0000 0.0000 691.0000 181.0000 769.0000 237.0000 1.4636 1.5681 3.8452 3.4451 1.6908 21.2230 1.5491 0.9995
Car 0.0000 0.0000 0.0000 1156.0000 154.0000 1782.0000 328.0000 1.5546 1.6583 4.2337 8.3941 1.4047 7.4048 0.0630 0.9991
Car 0.0000 0.0000 0.0000 652.0000 177.0000 694.0000 209.0000 1.4637 1.5452 3.5898 3.1040 1.6419 35.4705 1.5200 0.9989
Car 0.0000 0.0000 0.0000 853.0000 185.0000 1403.0000 482.0000 1.5175 1.5907 3.7247 3.3187 1.6218 5.6427 1.5632 0.9988
Car 0.0000 0.0000 0.0000 1525.0000 129.0000 2711.0000 434.0000 1.5614 1.6019 3.8495 8.8196 1.3592 4.5712 0.0463 0.9984
Car 0.0000 0.0000 0.0000 931.0000 77.0000 1192.0000 210.0000 2.1605 1.8798 5.1330 8.5445 0.5927 14.3619 1.5535 0.9968
Car 0.0000 0.0000 0.0000 493.0000 181.0000 529.0000 209.0000 1.5141 1.6172 3.8084 -5.6283 1.9544 41.5923 1.5475 0.9955
Car 0.0000 0.0000 0.0000 670.0000 177.0000 733.0000 221.0000 1.5140 1.5625 3.8717 3.3561 1.6487 26.9124 1.4935 0.9954
Car 0.0000 0.0000 0.0000 2385.0000 -13.0000 7646.0000 950.0000 1.5783 1.6410 4.0311 9.4842 1.2967 2.1116 0.0587 0.9954
Car 0.0000 0.0000 0.0000 -1633.0000 217.0000 34.0000 822.0000 1.5366 1.7282 4.0558 -5.8076 1.8986 4.1529 1.5380 0.9795
