Car 0.0000 0.0000 0.0000 353.0000 179.0000 423.0000 217.0000 1.6122 1.7308 4.3183 -9.9259 1.8471 32.6268 1.5708 0.9998
Car 0.0000 0.0000 0.0000 577.0000 173.0000 763.0000 351.0000 1.5177 1.5810 3.3985 0.4770 1.5262 7.8804 1.5688 0.9998
Car 0.0000 0.0000 0.0000 56.0000 190.0000 236.0000 265.0000 1.4488 1.5825 3.9593 -10.3471 1.8383 16.4251 1.5676 0.9994
Car 0.0000 0.0000 0.0000 460.0000 179.0000 495.0000 202.0000 1.4835 1.6256 3.9290 -8.9011 1.8493 49.0227 1.5708 0.9987
Car 0.0000 0.0000 0.0000 720.0000 176.0000 834.0000 231.0000 1.4948 1.6642 4.1424 5.1134 1.5624 21.6393 -0.8779 0.9972
Car 0.0000 0.0000 0.0000 336.0000 179.0000 384.0000 207.0000 1.5127 1.6336 3.7926 -14.2910 1.8265 41.5699 1.5130 0.9970
Car 0.0000 0.0000 0.0000 587.0000 173.0000 676.0000 242.0000 1.4876 1.5663 3.5584 0.4210 1.4797 17.5026 1.4315 0.9968
Car 0.0000 0.0000 0.0000 403.0000 177.0000 453.0000 208.0000 1.5774 1.6413 4.0336 -9.7249 1.7602 38.9555 1.5708 0.9966
Car 0.0000 0.0000 0.0000 1112.0000 181.0000 1751.0000 661.0000 1.4853 1.6344 3.7845 4.1115 1.5457 4.2477 -0.8845 0.9964
Car 0.0000 0.0000 0.0000 235.0000 179.0000 314.0000 216.0000 1.4819 1.5722 3.6941 -14.5731 1.7228 31.5528 1.5708 0.9950
Car 0.0000 0.0000 0.0000 -481.0000 182.0000 14.0000 358.0000 1.8071 1.7336 4.2014 -10.5905 1.9319 9.6224 1.5663 0.9921
Car 0.0000 0.0000 0.0000 694.0000 175.0000 733.0000 211.0000 1.5185 1.6177 3.7324 4.8433 1.5970 33.1618 -1.3844 0.9918
Car 0.0000 0.0000 0.0000 517.0000 177.0000 538.0000 195.0000 1.4812 1.5769 3.7909 -6.9278 1.7663 61.5162 1.5077 0.9899
Car 0.0000 0.0000 0.0000 669.0000 174.0000 722.0000 201.0000 1.4295 1.6121 3.7338 4.7780 1.4248 39.2994 -1.0904 0.9864
