Car 0.0000 0.0000 0.0000 523.0000 180.0000 555.0000 208.0000 1.4730 1.6287 3.7756 -3.7958 1.8017 39.7529 1.5088 0.9999
Car 0.0000 0.0000 0.0000 864.0000 178.0000 1760.0000 652.0000 1.5555 1.6175 3.7450 2.9690 1.5937 4.2695 1.5610 0.9998
Car 0.0000 0.0000 0.0000 212.0000 181.0000 377.0000 273.0000 1.5719 1.6570 4.0381 -6.1839 1.7349 14.6197 1.5476 0.9997
Car 0.0000 0.0000 0.0000 340.0000 180.0000 439.0000 243.0000 1.6805 1.6796 3.9879 -6.3629 1.8611 21.2234 1.5708 0.9992
Car 0.0000 0.0000 0.0000 628.0000 174.0000 656.0000 195.0000 1.4865 1.6185 3.8322 2.4587 1.5151 53.5286 1.4988 0.9987
Car 0.0000 0.0000 0.0000 494.0000 179.0000 529.0000 203.0000 1.4914 1.6322 3.9536 -6.2970 1.8245 46.9120 1.5708 0.9984
Car 0.0000 0.0000 0.0000 435.0000 183.0000 487.0000 219.0000 1.4673 1.5665 3.8010 -6.5066 1.8810 31.9286 1.5587 0.9952
Car 0.0000 0.0000 0.0000 853.0000 155.0000 921.0000 179.0000 1.7829 1.8073 4.5441 21.5075 0.3692 55.7569 0.0032 0.9898
Car 0.0000 0.0000 0.0000 -493.0000 212.0000 163.0000 484.0000 1.4852 1.6743 3.9404 -6.0828 1.9262 6.4420 1.5567 0.9777
Car 0.0000 0.0000 0.0000 1077.0000 156.0000 1262.0000 214.0000 1.5286 1.6361 4.0484 15.8875 1.0792 20.7149 0.5597 0.9762
Car 0.0000 0.0000 0.0000 2574.0000 105.0000 3345.0000 218.0000 1.5898 1.5793 3.4456 38.0748 0.6229 11.9363 1.5219 0.9693
