Car 0.0000 0.0000 0.0000 673.0000 180.0000 746.0000 232.0000 1.4515 1.6006 4.0942 2.9762 1.6369 22.2218 1.5513 0.9998
Car 0.0000 0.0000 0.0000 706.0000 187.0000 850.0000 284.0000 1.4226 1.5702 4.0171 2.8277 1.6818 13.0179 1.5547 0.9998
Car 0.0000 0.0000 0.0000 651.0000 172.0000 688.0000 201.0000 1.5459 1.6584 3.9279 3.3973 1.4390 40.8180 1.5581 0.9997
Car 0.0000 0.0000 0.0000 176.0000 177.0000 423.0000 263.0000 1.5796 1.6454 4.1832 -6.0296 1.6544 14.2274 0.0399 0.9996
Car 0.0000 0.0000 0.0000 553.0000 176.0000 586.0000 206.0000 1.4818 1.6038 3.6956 -2.0390 1.5795 37.2957 1.5204 0.9995
Car 0.0000 0.0000 0.0000 319.0000 184.0000 480.0000 249.0000 1.5302 1.5987 3.8485 -5.5639 1.8172 19.3322 -0.7673 0.9992
Car 0.0000 0.0000 0.0000 361.0000 181.0000 501.0000 234.0000 1.5426 1.6020 3.8662 -5.4519 1.7668 22.1659 0.0914 0.9988
Car 0.0000 0.0000 0.0000 406.0000 178.0000 513.0000 220.0000 1.5812 1.6075 3.8194 -5.8720 1.7644 28.4729 0.0502 0.9984
Car 0.0000 0.0000 0.0000 -336.0000 175.0000 226.0000 364.0000 1.5358 1.6246 4.0931 -6.1440 1.5729 6.8566 0.0949 0.9979
Car 0.0000 0.0000 0.0000 227.0000 179.0000 413.0000 251.0000 1.5850 1.6045 3.7090 -6.7144 1.7172 16.8291 0.1126 0.9918
Car 0.0000 0.0000 0.0000 488.0000 175.0000 551.0000 201.0000 1.4983 1.5719 3.6064 -5.4321 1.5941 43.9552 0.0612 0.9787
