Car 0.0000 0.0000 0.0000 637.0000 177.0000 715.0000 235.0000 1.5398 1.6532 4.4526 1.8581 1.6451 21.4751 1.5083 0.9995
Car 0.0000 0.0000 0.0000 178.0000 184.0000 391.0000 256.0000 1.4430 1.5890 3.9064 -6.9447 1.6758 15.5713 0.0539 0.9995
Car 0.0000 0.0000 0.0000 254.0000 181.0000 432.0000 246.0000 1.5267 1.5971 3.8985 -6.6615 1.7213 18.1746 0.0530 0.9994
Car 0.0000 0.0000 0.0000 1338.0000 185.0000 3568.0000 756.0000 1.4707 1.6219 3.9815 5.6958 1.5407 2.8028 0.0633 0.9991
Car 0.0000 0.0000 0.0000 912.0000 173.0000 1404.0000 335.0000 1.5444 1.6445 3.9980 5.6163 1.5656 7.8512 0.0835 0.9988
Car 0.0000 0.0000 0.0000 987.0000 192.0000 1692.0000 429.0000 1.4943 1.6019 3.9674 5.3155 1.6699 5.6244 -0.0393 0.9987
Car 0.0000 0.0000 0.0000 618.0000 176.0000 658.0000 208.0000 1.5284 1.6401 3.8081 1.4137 1.6259 36.5775 1.5068 0.9986
Car 0.0000 0.0000 0.0000 304.0000 179.0000 443.0000 234.0000 1.6783 1.6541 3.9398 -7.5700 1.8746 23.2805 0.1006 0.9970
Car 0.0000 0.0000 0.0000 -1263.0000 99.0000 -88.0000 505.0000 1.9410 1.7175 4.3918 -7.2831 1.6111 4.3912 0.0455 0.9902
Car 0.0000 0.0000 0.0000 468.0000 170.0000 504.0000 198.0000 1.5101 1.5926 3.8553 -6.9029 1.3177 40.7653 1.5177 0.9870
Car 0.0000 0.0000 0.0000 617.0000 164.0000 653.0000 192.0000 1.5081 1.6240 3.7843 1.4591 0.9801 41.5857 1.4862 0.9772
Car 0.0000 0.0000 0.0000 407.0000 176.0000 499.0000 211.0000 1.5035 1.5885 3.7046 -6.9818 1.6260 32.2980 0.0960 0.9606
