Car 0.0000 0.0000 0.0000 483.0000 186.0000 518.0000 212.0000 1.5010 1.6242 3.5920 -6.7990 2.2840 45.3265 1.5708 0.9995
Car 0.0000 0.0000 0.0000 1014.0000 156.0000 1213.0000 219.0000 1.7124 1.7026 4.5058 14.4273 1.2309 20.7817 0.0194 0.9993
Car 0.0000 0.0000 0.0000 103.0000 184.0000 318.0000 266.0000 1.5876 1.5970 3.6433 -8.2927 1.8184 15.0894 0.0487 0.9987
Car 0.0000 0.0000 0.0000 651.0000 181.0000 674.0000 201.0000 1.6007 1.6776 3.7814 4.6640 2.2523 62.8893 1.5708 0.9983
Car 0.0000 0.0000 0.0000 258.0000 192.0000 341.0000 263.0000 1.5117 1.6159 3.9103 -7.9055 2.0123 18.1506 1.0879 0.9976
Car 0.0000 0.0000 0.0000 87.0000 208.0000 215.0000 317.0000 1.4903 1.5805 3.6028 -8.1737 2.1530 12.6562 0.9163 0.9976
Car 0.0000 0.0000 0.0000 -288.0000 204.0000 108.0000 341.0000 1.5730 1.6233 3.8940 -9.1183 2.0118 9.5104 0.0902 0.9976
Car 0.0000 0.0000 0.0000 1226.0000 149.0000 1370.0000 235.0000 1.6009 1.6575 4.2591 14.7346 1.1463 15.6455 -0.9473 0.9946
Car 0.0000 0.0000 0.0000 296.0000 190.0000 425.0000 243.0000 1.4880 1.5664 3.6152 -7.8522 2.0310 22.7666 -0.5341 0.9924
Car 0.0000 0.0000 0.0000 973.0000 165.0000 1117.0000 219.0000 1.5789 1.6258 4.0534 13.9452 1.3457 23.3519 1.3510 0.9819
Car 0.0000 0.0000 0.0000 519.0000 185.0000 544.0000 206.0000 1.5005 1.5966 3.9395 -6.0248 2.4005 56.0231 1.3912 0.9809
Car 0.0000 0.0000 0.0000 -690.0000 193.0000 -38.0000 398.0000 1.6160 1.6649 3.9843 -8.7751 1.8247 6.6968 0.0417 0.9776
