Car 0.0000 0.0000 0.0000 588.0000 174.0000 639.0000 222.0000 1.5924 1.6457 3.4636 0.1379 1.5975 25.4753 1.5708 0.9998
Car 0.0000 0.0000 0.0000 217.0000 189.0000 365.0000 267.0000 1.4589 1.6020 3.7977 -6.8799 1.8210 15.9334 1.5683 0.9996
Car 0.0000 0.0000 0.0000 364.0000 176.0000 425.0000 212.0000 1.7264 1.7746 4.4244 -10.9482 1.8600 37.0963 1.5708 0.9991
Car 0.0000 0.0000 0.0000 482.0000 179.0000 506.0000 196.0000 1.5251 1.6458 3.7428 -10.5115 2.0076 66.4012 1.5478 0.9989
Car 0.0000 0.0000 0.0000 346.0000 178.0000 387.0000 203.0000 1.5369 1.6318 3.7760 -15.1526 1.7712 45.1827 1.4642 0.9971
Car 0.0000 0.0000 0.0000 812.0000 174.0000 1066.0000 315.0000 1.5040 1.6847 4.1941 4.5900 1.5198 9.7756 -0.7617 0.9965
Car 0.0000 0.0000 0.0000 663.0000 167.0000 752.0000 206.0000 1.5355 1.6820 4.1011 4.2491 1.2640 30.6566 -0.8283 0.9949
Car 0.0000 0.0000 0.0000 717.0000 179.0000 863.0000 252.0000 1.4520 1.5899 3.8345 4.1891 1.5754 16.4322 -0.8324 0.9917
Car 0.0000 0.0000 0.0000 695.0000 178.0000 832.0000 237.0000 1.4918 1.6326 3.8617 4.3662 1.6214 20.2114 -0.6533 0.9854
Car 0.0000 0.0000 0.0000 440.0000 177.0000 476.0000 199.0000 1.5097 1.6157 4.0535 -10.5178 1.7006 50.3655 1.5708 0.9837
Car 0.0000 0.0000 0.0000 688.0000 172.0000 815.0000 221.0000 1.5510 1.6549 4.0162 4.7151 1.5271 24.1345 0.1614 0.9812
Car 0.0000 0.0000 0.0000 409.0000 176.0000 451.0000 203.0000 1.5238 1.6205 4.2153 -10.7822 1.6897 43.6084 1.5303 0.9806
