Car 0.0000 0.0000 0.0000 702.0000 183.0000 816.0000 266.0000 1.4422 1.5440 3.4764 2.8934 1.6520 14.6575 1.5618 0.9998
Car 0.0000 0.0000 0.0000 439.0000 177.0000 514.0000 232.0000 1.4933 1.5933 3.4051 -3.8931 1.5945 21.4623 1.5701 0.9998
Car 0.0000 0.0000 0.0000 257.0000 184.0000 444.0000 300.0000 1.4310 1.5584 3.5791 -3.7314 1.6028 10.9244 1.5708 0.9998
Car 0.0000 0.0000 0.0000 -36.0000 180.0000 217.0000 291.0000 1.5161 1.5959 3.6216 -8.1949 1.6157 11.7551 1.5437 0.9996
Car 0.0000 0.0000 0.0000 381.0000 178.0000 443.0000 215.0000 1.4461 1.6286 3.7893 -8.4150 1.6435 30.9782 1.5708 0.9995
Car 0.0000 0.0000 0.0000 658.0000 177.0000 708.0000 221.0000 1.5739 1.6952 4.0499 2.8423 1.7218 28.3153 1.5708 0.9994
Car 0.0000 0.0000 0.0000 586.0000 180.0000 610.0000 203.0000 1.5528 1.6780 3.7273 -0.7786 1.9973 52.0901 1.5418 0.9993
Car 0.0000 0.0000 0.0000 481.0000 177.0000 535.0000 217.0000 1.5264 1.6465 3.8499 -4.1025 1.6709 29.6016 1.5708 0.9992
Car 0.0000 0.0000 0.0000 625.0000 179.0000 650.0000 199.0000 1.5101 1.6242 3.8007 2.2057 1.9193 56.3172 1.5254 0.9986
Car 0.0000 0.0000 0.0000 505.0000 176.0000 541.0000 203.0000 1.4700 1.6076 3.6265 -4.7977 1.5746 40.4827 1.5633 0.9984
Car 0.0000 0.0000 0.0000 269.0000 180.0000 380.0000 236.0000 1.4623 1.5953 3.6842 -8.0476 1.6394 20.6456 1.5708 0.9980
Car 0.0000 0.0000 0.0000 617.0000 179.0000 635.0000 196.0000 1.5061 1.6281 3.9078 1.5895 1.9831 67.2304 1.5708 0.9941
Car 0.0000 0.0000 0.0000 530.0000 180.0000 557.0000 201.0000 1.4767 1.5877 3.9307 -4.7757 1.8899 52.1193 1.3941 0.9931
Car 0.0000 0.0000 0.0000 435.0000 179.0000 471.0000 207.0000 1.5278 1.6316 3.8297 -8.7891 1.8002 40.8738 1.4575 0.9923
