Car 0.0000 0.0000 0.0000 659.0000 178.0000 711.0000 216.0000 1.5060 1.6056 3.8291 3.1544 1.6908 30.6654 1.5141 0.9998
Car 0.0000 0.0000 0.0000 714.0000 184.0000 869.0000 284.0000 1.4123 1.5633 4.0834 2.9021 1.5976 12.4177 1.5570 0.9998
Car 0.0000 0.0000 0.0000 695.0000 181.0000 792.0000 250.0000 1.4496 1.5624 3.6848 3.0615 1.6169 17.1763 1.5622 0.9997
Car 0.0000 0.0000 0.0000 599.0000 178.0000 628.0000 206.0000 1.6229 1.6967 3.6839 0.2710 1.8952 44.8316 1.5678 0.9996
Car 0.0000 0.0000 0.0000 420.0000 186.0000 475.0000 221.0000 1.4589 1.6310 3.7841 -7.2695 2.0297 32.5964 1.5708 0.9993
Car 0.0000 0.0000 0.0000 1003.0000 188.0000 24085.0000 10159.0000 1.4229 1.5552 3.9248 2.9619 1.4927 2.0712 1.5643 0.9990
Car 0.0000 0.0000 0.0000 67.0000 206.0000 191.0000 280.0000 1.4614 1.6053 3.9543 -11.6735 2.2954 17.3582 0.7468 0.9972
Car 0.0000 0.0000 0.0000 -241.0000 197.0000 -1.0000 271.0000 1.6365 1.6579 4.3217 -17.5855 2.2279 17.3977 0.0651 0.9946
Car 0.0000 0.0000 0.0000 477.0000 181.0000 505.0000 207.0000 1.5174 1.6152 3.8535 -7.4998 2.0004 45.7367 1.4009 0.9943
Car 0.0000 0.0000 0.0000 449.0000 181.0000 493.0000 212.0000 1.5113 1.5963 3.9598 -7.2293 1.8908 38.0384 1.5548 0.9828
