Car 0.0000 0.0000 0.0000 582.0000 175.0000 769.0000 354.0000 1.4832 1.5601 3.3647 0.4565 1.5100 7.7346 1.5338 0.9997
Car 0.0000 0.0000 0.0000 353.0000 182.0000 423.0000 220.0000 1.5513 1.7170 4.3920 -9.8005 1.9331 32.2821 1.5708 0.9997
Car 0.0000 0.0000 0.0000 481.0000 180.0000 523.0000 208.0000 1.4698 1.6407 4.0616 -5.9481 1.8156 40.4644 1.5708 0.9995
Car 0.0000 0.0000 0.0000 41.0000 191.0000 230.0000 269.0000 1.4300 1.5761 4.0087 -10.3409 1.8556 16.0609 1.5689 0.9994
Car 0.0000 0.0000 0.0000 227.0000 183.0000 311.0000 220.0000 1.4739 1.5966 3.8348 -14.6022 1.8621 31.1020 1.5708 0.9994
Car 0.0000 0.0000 0.0000 403.0000 178.0000 451.0000 210.0000 1.6064 1.6392 3.8279 -9.6808 1.8255 38.5735 1.5683 0.9980
Car 0.0000 0.0000 0.0000 599.0000 178.0000 660.0000 232.0000 1.5151 1.6207 3.7711 0.5328 1.6615 22.3562 1.5327 0.9977
Car 0.0000 0.0000 0.0000 1176.0000 194.0000 2015.0000 786.0000 1.4916 1.6042 3.4120 4.0370 1.6368 3.7588 -0.9396 0.9971
Car 0.0000 0.0000 0.0000 722.0000 175.0000 835.0000 231.0000 1.5198 1.6896 4.0806 5.1023 1.5474 21.4044 -0.9004 0.9969
Car 0.0000 0.0000 0.0000 567.0000 178.0000 588.0000 195.0000 1.4957 1.6105 3.8359 -2.8432 1.9050 66.3942 1.5708 0.9938
Car 0.0000 0.0000 0.0000 679.0000 175.0000 774.0000 212.0000 1.5532 1.6783 4.2297 5.3166 1.6277 32.4168 -0.6052 0.9930
Car 0.0000 0.0000 0.0000 522.0000 180.0000 545.0000 198.0000 1.4788 1.5984 3.8730 -6.4007 2.0175 61.4789 1.5542 0.9824
Car 0.0000 0.0000 0.0000 666.0000 176.0000 745.0000 206.0000 1.4965 1.6229 3.9479 5.1798 1.6480 38.4912 -0.5066 0.9814
Car 0.0000 0.0000 0.0000 32.0000 173.0000 110.0000 214.0000 1.5221 1.5631 3.5136 -21.0733 1.4941 28.3124 1.2047 0.9806
Car 0.0000 0.0000 0.0000 -539.0000 189.0000 -15.0000 361.0000 1.6153 1.6991 4.0593 -10.5401 1.8457 9.1186 1.5407 0.9768
