Car 0.0000 0.0000 0.0000 509.0000 179.0000 542.0000 210.0000 1.5139 1.6167 3.7321 -4.3172 1.7612 37.5026 1.4786 0.9994
Car 0.0000 0.0000 0.0000 711.0000 166.0000 837.0000 208.0000 1.5292 1.6866 4.5014 6.2569 1.2653 27.7664 0.0502 0.9992
Car 0.0000 0.0000 0.0000 580.0000 178.0000 601.0000 198.0000 1.5795 1.6989 3.9125 -1.4974 1.8997 60.0479 1.5593 0.9986
Car 0.0000 0.0000 0.0000 963.0000 144.0000 1062.0000 177.0000 1.7920 1.7737 4.7150 23.0793 0.1253 41.2748 -0.0601 0.9984
Car 0.0000 0.0000 0.0000 651.0000 174.0000 687.0000 195.0000 1.5122 1.6263 3.7596 4.6124 1.5701 55.2890 1.3299 0.9982
Car 0.0000 0.0000 0.0000 1220.0000 157.0000 1401.0000 205.0000 1.5426 1.6711 4.4535 23.8734 1.0058 24.6299 0.0345 0.9963
Car 0.0000 0.0000 0.0000 1155.0000 146.0000 1307.0000 189.0000 1.5348 1.6804 4.2236 23.5139 0.5183 27.3319 0.0367 0.9958
Car 0.0000 0.0000 0.0000 620.0000 176.0000 640.0000 194.0000 1.5841 1.6875 3.7383 1.9833 1.8161 67.0482 1.5708 0.9950
Car 0.0000 0.0000 0.0000 861.0000 153.0000 933.0000 176.0000 1.6527 1.7224 4.7301 21.7989 0.0881 54.4907 -0.0140 0.9943
Car 0.0000 0.0000 0.0000 1083.0000 144.0000 1210.0000 181.0000 1.5402 1.7174 4.2428 23.2848 0.2887 31.2987 -0.0095 0.9909
Car 0.0000 0.0000 0.0000 1475.0000 105.0000 1724.0000 169.0000 1.6520 1.7622 4.5076 27.4051 -0.1691 20.0313 -0.0133 0.9827
Car 0.0000 0.0000 0.0000 947.0000 147.0000 1035.0000 174.0000 1.5559 1.7362 4.3398 23.1044 -0.0232 43.6225 0.0132 0.9739
Car 0.0000 0.0000 0.0000 692.0000 171.0000 746.0000 192.0000 1.6968 1.7065 4.2774 9.0954 1.4806 59.5941 0.0973 0.9728
Car 0.0000 0.0000 0.0000 836.0000 157.0000 897.0000 179.0000 1.7197 1.7400 4.3867 21.0249 0.3919 58.7451 0.0306 0.9651
Car 0.0000 0.0000 0.0000 739.0000 159.0000 814.0000 185.0000 1.5962 1.7267 4.3630 10.6892 0.6931 46.0592 0.0309 0.9623
