Car 0.0000 0.0000 0.0000 793.0000 166.0000 1209.0000 402.0000 1.5586 1.6488 4.0845 3.1034 1.5267 6.8428 1.5536 0.9997
Car 0.0000 0.0000 0.0000 476.0000 178.0000 516.0000 208.0000 1.5387 1.6056 3.4760 -6.0873 1.7566 38.5340 1.2734 0.9996
Car 0.0000 0.0000 0.0000 -1262.0000 193.0000 197.0000 829.0000 1.5861 1.6696 3.9344 -4.2061 1.7376 3.8811 1.5527 0.9989
Car 0.0000 0.0000 0.0000 577.0000 174.0000 603.0000 195.0000 1.5026 1.6246 3.8430 -1.4479 1.5480 55.1454 1.4478 0.9988
Car 0.0000 0.0000 0.0000 672.0000 158.0000 751.0000 224.0000 1.8106 1.6790 4.2147 2.9861 1.3901 21.8404 1.5451 0.9988
Car 0.0000 0.0000 0.0000 557.0000 179.0000 578.0000 196.0000 1.4804 1.6141 3.8841 -3.7399 1.9100 65.1448 1.4447 0.9987
Car 0.0000 0.0000 0.0000 627.0000 174.0000 673.0000 206.0000 1.5027 1.5817 3.6940 2.0101 1.5283 36.2176 1.4203 0.9983
Car 0.0000 0.0000 0.0000 -2357.0000 -1070.0000 1564.0000 562.0000 1.4909 1.5486 3.8427 3.0001 1.5634 1.0032 1.5708 0.9973
Car 0.0000 0.0000 0.0000 599.0000 170.0000 645.0000 198.0000 1.6417 1.6499 3.6702 0.7377 1.4085 43.1440 1.2763 0.9965
Car 0.0000 0.0000 0.0000 656.0000 171.0000 712.0000 214.0000 1.5214 1.5688 4.0047 2.8049 1.4358 27.7697 1.5390 0.9872
