Car 0.0000 0.0000 0.0000 448.0000 182.0000 510.0000 226.0000 1.4443 1.5607 3.5309 -4.6026 1.7525 25.8679 1.5708 0.9998
Car 0.0000 0.0000 0.0000 126.0000 183.0000 304.0000 265.0000 1.5228 1.6709 4.0805 -8.4272 1.7395 15.7889 1.5708 0.9997
Car 0.0000 0.0000 0.0000 399.0000 177.0000 449.0000 211.0000 1.5079 1.6319 3.5712 -8.7839 1.6632 34.3622 1.5228 0.9995
Car 0.0000 0.0000 0.0000 488.0000 180.0000 529.0000 211.0000 1.4533 1.5805 3.6938 -4.9509 1.7585 35.9869 1.5556 0.9994
Car 0.0000 0.0000 0.0000 581.0000 180.0000 613.0000 210.0000 1.5545 1.6899 3.6870 -0.6858 1.8853 39.8226 1.5354 0.9990
Car 0.0000 0.0000 0.0000 303.0000 183.0000 394.0000 233.0000 1.4703 1.5973 3.7641 -8.4762 1.7806 23.7165 1.5708 0.9986
Car 0.0000 0.0000 0.0000 382.0000 179.0000 411.0000 205.0000 1.5264 1.6269 3.7921 -12.9696 1.8295 44.1484 1.2982 0.9979
Car 0.0000 0.0000 0.0000 335.0000 184.0000 464.0000 271.0000 1.5025 1.5967 3.8456 -4.1527 1.7231 14.7401 1.5463 0.9975
Car 0.0000 0.0000 0.0000 519.0000 178.0000 546.0000 204.0000 1.5009 1.6175 3.8477 -4.8159 1.7878 45.3934 1.4752 0.9972
Car 0.0000 0.0000 0.0000 95.0000 181.0000 199.0000 238.0000 1.5039 1.5908 3.7633 -13.3140 1.7051 20.9436 1.2743 0.9936
Car 0.0000 0.0000 0.0000 443.0000 180.0000 478.0000 207.0000 1.4908 1.6096 3.8708 -8.8054 1.8657 43.0298 1.4769 0.9865
Car 0.0000 0.0000 0.0000 491.0000 179.0000 511.0000 197.0000 1.5396 1.6732 3.8885 -9.6979 2.0124 65.0404 1.4617 0.9806
Car 0.0000 0.0000 0.0000 -224.0000 183.0000 149.0000 321.0000 1.4465 1.5509 3.6928 -8.1746 1.5877 9.5661 1.5708 0.9799
Car 0.0000 0.0000 0.0000 446.0000 176.0000 469.0000 194.0000 1.4813 1.6100 3.8485 -12.8825 1.6850 61.3688 1.4465 0.9654
