Car 0.0000 0.0000 0.0000 586.0000 181.0000 638.0000 230.0000 1.5315 1.6381 3.4489 0.0728 1.7967 24.6611 1.5691 0.9999
Car 0.0000 0.0000 0.0000 -526.0000 186.0000 68.0000 389.0000 1.5454 1.6606 4.2016 -8.2510 1.7002 7.7963 1.5281 0.9995
Car 0.0000 0.0000 0.0000 82.0000 182.0000 326.0000 355.0000 1.5571 1.6408 4.1228 -5.0720 1.6741 8.6455 0.8251 0.9988
Car 0.0000 0.0000 0.0000 54.0000 183.0000 265.0000 274.0000 1.5017 1.6246 3.9338 -8.5506 1.6892 14.0916 1.5708 0.9983
Car 0.0000 0.0000 0.0000 343.0000 182.0000 496.0000 244.0000 1.4601 1.5372 3.4310 -4.7946 1.6940 18.2221 0.2521 0.9962
Car 0.0000 0.0000 0.0000 394.0000 175.0000 521.0000 233.0000 1.5904 1.6146 3.5784 -4.5207 1.6380 21.2429 0.5736 0.9956
Car 0.0000 0.0000 0.0000 -29685.0000 -983.0000 3573.0000 17864.0000 1.5390 1.6101 3.6780 -4.4620 1.5549 0.9775 0.8876 0.9936
Car 0.0000 0.0000 0.0000 1185.0000 174.0000 1249.0000 203.0000 1.5702 1.7110 4.1838 34.7707 1.5792 41.1166 -0.5884 0.9879
Car 0.0000 0.0000 0.0000 590.0000 171.0000 628.0000 201.0000 1.4917 1.5976 3.7508 -0.0377 1.3486 37.4461 1.4727 0.9849
Car 0.0000 0.0000 0.0000 607.0000 177.0000 626.0000 194.0000 1.5149 1.6216 3.8374 0.7165 1.7892 65.5865 1.5463 0.9768
Car 0.0000 0.0000 0.0000 486.0000 173.0000 536.0000 215.0000 1.5674 1.6426 3.9415 -4.1082 1.5629 29.6328 1.3392 0.9736
Car 0.0000 0.0000 0.0000 521.0000 176.0000 564.0000 206.0000 1.6628 1.6515 4.0112 -4.0301 1.8189 43.0884 1.2467 0.9642
