Car 0.0000 0.0000 0.0000 326.0000 186.0000 407.0000 228.0000 1.5740 1.7280 4.3766 -9.9807 2.0975 29.8926 1.5708 0.9998
Car 0.0000 0.0000 0.0000 599.0000 181.0000 685.0000 264.0000 1.5697 1.6255 3.4143 0.5922 1.7283 15.5162 1.5633 0.9997
Car 0.0000 0.0000 0.0000 460.0000 184.0000 515.0000 219.0000 1.6333 1.8223 4.3865 -6.0573 2.1341 36.3062 1.5708 0.9996
Car 0.0000 0.0000 0.0000 197.0000 187.0000 283.0000 228.0000 1.4687 1.5828 3.6633 -14.6457 2.0082 28.7543 1.5708 0.9993
Car 0.0000 0.0000 0.0000 380.0000 185.0000 441.0000 219.0000 1.5668 1.7167 4.3312 -9.9318 2.1564 36.3538 1.5708 0.9990
Car 0.0000 0.0000 0.0000 -75.0000 197.0000 170.0000 293.0000 1.4496 1.5690 3.9651 -10.3782 1.9442 13.6716 1.5681 0.9986
Car 0.0000 0.0000 0.0000 726.0000 182.0000 871.0000 246.0000 1.4743 1.6684 4.1755 5.0822 1.7157 19.0954 -0.7209 0.9983
Car 0.0000 0.0000 0.0000 670.0000 180.0000 722.0000 211.0000 1.4863 1.6144 3.7017 4.5056 1.7883 36.7851 -1.1646 0.9966
Car 0.0000 0.0000 0.0000 688.0000 181.0000 759.0000 219.0000 1.4576 1.6504 3.8026 4.8871 1.7710 30.3278 -1.0295 0.9958
Car 0.0000 0.0000 0.0000 -7448.0000 -3695.0000 2522.0000 1647.0000 1.4505 1.5986 3.9937 4.0537 1.6413 1.6829 -0.8011 0.9957
Car 0.0000 0.0000 0.0000 180.0000 182.0000 247.0000 212.0000 1.5158 1.6065 3.8051 -20.9859 1.9337 38.3751 1.5273 0.9952
Car 0.0000 0.0000 0.0000 583.0000 180.0000 604.0000 197.0000 1.4989 1.6241 3.8344 -1.4074 2.1323 69.1638 1.5708 0.9944
Car 0.0000 0.0000 0.0000 545.0000 184.0000 571.0000 206.0000 1.5014 1.6321 3.9348 -3.6748 2.2624 53.1926 1.5707 0.9930
Car 0.0000 0.0000 0.0000 313.0000 184.0000 365.0000 214.0000 1.5113 1.6147 3.8402 -14.4173 2.0605 38.6549 1.4823 0.9901
Car 0.0000 0.0000 0.0000 512.0000 181.0000 535.0000 200.0000 1.4671 1.5925 3.9607 -6.9532 2.0769 58.9972 1.5286 0.9770
Car 0.0000 0.0000 0.0000 844.0000 186.0000 865.0000 204.0000 1.4281 1.5990 3.9400 20.7245 2.4838 60.5634 -1.2336 0.9632
