Car 0.0000 0.0000 0.0000 912.0000 174.0000 1127.0000 294.0000 1.5736 1.5910 3.5120 6.0791 1.5872 11.2033 -1.4733 0.9996
Car 0.0000 0.0000 0.0000 1070.0000 180.0000 1335.0000 302.0000 1.4940 1.6286 3.8511 8.6446 1.5999 10.9844 -1.3152 0.9988
Car 0.0000 0.0000 0.0000 873.0000 153.0000 1000.0000 254.0000 2.0360 1.8391 5.1232 7.5843 1.6337 17.2495 -1.3254 0.9973
Car 0.0000 0.0000 0.0000 -450.0000 190.0000 -164.0000 272.0000 1.5444 1.6321 4.0235 -18.8862 1.9133 14.8977 0.0502 0.9961
Car 0.0000 0.0000 0.0000 -1266.0000 205.0000 -871.0000 301.0000 1.6186 1.6784 3.8269 -34.6784 2.3360 15.0877 0.8890 0.9961
Car 0.0000 0.0000 0.0000 49.0000 175.0000 178.0000 218.0000 1.7086 1.6703 4.2863 -21.1980 1.7571 30.9750 -1.0707 0.9950
Car 0.0000 0.0000 0.0000 500.0000 179.0000 521.0000 195.0000 1.4408 1.5937 3.9446 -9.3200 1.9184 68.4742 1.5377 0.9822
Car 0.0000 0.0000 0.0000 -233.0000 176.0000 -24.0000 249.0000 1.7885 1.7050 4.4314 -20.2377 1.8680 20.0233 1.4257 0.9797
Car 0.0000 0.0000 0.0000 1141.0000 165.0000 1190.0000 190.0000 1.5431 1.6434 3.5388 36.2002 1.0155 46.8748 -1.1780 0.9783
Car 0.0000 0.0000 0.0000 -49.0000 170.0000 109.0000 225.0000 1.8958 1.7380 4.5274 -21.0099 1.7905 26.1680 0.0607 0.9714
