Car 0.0000 0.0000 0.0000 496.0000 164.0000 567.0000 223.0000 1.4971 1.5946 3.4409 -2.1194 1.2673 20.1430 1.5708 0.9999
Car 0.0000 0.0000 0.0000 687.0000 166.0000 781.0000 231.0000 1.5236 1.6021 3.8521 3.1543 1.3578 18.9710 1.5213 0.9999
Car 0.0000 0.0000 0.0000 775.0000 174.0000 1176.0000 420.0000 1.4986 1.5881 3.8976 2.6604 1.5216 6.3725 1.5708 0.9997
Car 0.0000 0.0000 0.0000 -141.0000 177.0000 185.0000 294.0000 1.5738 1.5781 3.6528 -8.5494 1.6369 10.5973 0.0833 0.9988
Car 0.0000 0.0000 0.0000 518.0000 163.0000 571.0000 211.0000 1.5335 1.6384 3.9788 -2.2148 1.2124 25.3501 1.5361 0.9986
Car 0.0000 0.0000 0.0000 -457.0000 175.0000 -82.0000 293.0000 1.6549 1.6394 4.1441 -13.4390 1.7002 11.0919 0.0981 0.9985
Car 0.0000 0.0000 0.0000 670.0000 173.0000 732.0000 220.0000 1.4906 1.5916 3.9968 3.1183 1.4807 25.1363 1.5603 0.9981
Car 0.0000 0.0000 0.0000 553.0000 168.0000 590.0000 202.0000 1.5366 1.6336 3.9403 -1.7599 1.2740 34.3911 1.5458 0.9956
Car 0.0000 0.0000 0.0000 656.0000 153.0000 706.0000 194.0000 1.8787 1.7579 4.1853 3.5103 0.9308 35.9265 1.4916 0.9850
Car 0.0000 0.0000 0.0000 498.0000 155.0000 564.0000 180.0000 1.6944 1.7316 4.5605 -5.5437 0.4115 51.5719 -0.0035 0.9761
Car 0.0000 0.0000 0.0000 -1797.0000 132.0000 -341.0000 539.0000 1.7285 1.6789 4.5298 -8.6027 1.5786 3.9839 0.0419 0.9649
