Car 0.0000 0.0000 0.0000 160.0000 200.0000 454.0000 399.0000 1.5228 1.6287 3.8650 -2.9666 1.8735 7.9068 1.5646 0.9997
Car 0.0000 0.0000 0.0000 659.0000 186.0000 775.0000 227.0000 1.4552 1.6505 4.1189 3.9482 1.9134 26.8952 0.0521 0.9997
Car 0.0000 0.0000 0.0000 403.0000 165.0000 531.0000 280.0000 2.0262 1.7997 4.6006 -2.7998 1.8940 15.0761 1.5648 0.9993
Car 0.0000 0.0000 0.0000 482.0000 187.0000 553.0000 244.0000 1.5162 1.6541 3.9461 -2.7110 1.9461 21.9208 1.5708 0.9992
Car 0.0000 0.0000 0.0000 536.0000 189.0000 573.0000 225.0000 1.5088 1.5944 3.6759 -2.4667 2.2120 32.8914 1.5159 0.9990
Car 0.0000 0.0000 0.0000 -221.0000 207.0000 237.0000 424.0000 1.4510 1.5495 3.6624 -5.4530 1.8534 7.1640 1.5543 0.9980
Car 0.0000 0.0000 0.0000 632.0000 184.0000 705.0000 212.0000 1.5064 1.6575 3.9689 3.3358 2.0743 40.6770 0.0556 0.9978
Car 0.0000 0.0000 0.0000 549.0000 180.0000 587.0000 207.0000 1.6841 1.7340 4.2279 -2.7378 2.1077 47.7905 1.3251 0.9977
Car 0.0000 0.0000 0.0000 343.0000 185.0000 435.0000 248.0000 1.4499 1.5419 3.6690 -5.7304 1.7737 19.0510 1.4955 0.9959
Car 0.0000 0.0000 0.0000 1706.0000 134.0000 2887.0000 400.0000 1.6489 1.6838 4.3960 11.9660 1.4319 5.4643 0.0705 0.9946
Car 0.0000 0.0000 0.0000 625.0000 183.0000 645.0000 201.0000 1.5149 1.6268 3.8487 2.3624 2.3074 63.3120 1.5708 0.9901
Car 0.0000 0.0000 0.0000 240.0000 188.0000 393.0000 279.0000 1.4636 1.5720 3.8276 -5.5488 1.7775 14.0930 1.5309 0.9875
