Car 0.0000 0.0000 0.0000 596.0000 188.0000 745.0000 291.0000 1.5113 1.6001 3.5733 0.8998 1.7855 12.8034 1.3487 0.9998
Car 0.0000 0.0000 0.0000 492.0000 180.0000 546.0000 223.0000 1.5053 1.6216 3.6991 -3.5194 1.7449 27.5773 1.3335 0.9997
Car 0.0000 0.0000 0.0000 781.0000 108.0000 1534.0000 533.0000 1.8151 1.7487 4.4058 3.0457 1.5460 5.4036 1.3608 0.9997
Car 0.0000 0.0000 0.0000 -326.0000 209.0000 141.0000 470.0000 1.4900 1.6257 3.9337 -5.9167 1.9094 6.7243 1.2340 0.9995
Car 0.0000 0.0000 0.0000 307.0000 188.0000 344.0000 218.0000 1.5674 1.6509 3.7420 -15.8600 2.3678 40.4051 1.2716 0.9993
Car 0.0000 0.0000 0.0000 32.0000 192.0000 232.0000 314.0000 1.5685 1.6137 3.5613 -7.4864 1.9042 11.6379 1.3163 0.9990
Car 0.0000 0.0000 0.0000 481.0000 181.0000 521.0000 217.0000 1.5554 1.6430 3.6856 -5.0334 1.8693 33.0929 1.3773 0.9974
Car 0.0000 0.0000 0.0000 1366.0000 145.0000 1756.0000 299.0000 1.5487 1.6620 4.0916 11.8432 1.2671 9.4255 -1.0283 0.9972
Car 0.0000 0.0000 0.0000 669.0000 168.0000 775.0000 210.0000 1.5808 1.6185 3.8968 4.5031 1.3876 28.7243 0.3928 0.9968
Car 0.0000 0.0000 0.0000 -913.0000 203.0000 -376.0000 336.0000 1.4829 1.5851 3.8072 -16.5380 1.9322 9.6863 -0.1463 0.9962
Car 0.0000 0.0000 0.0000 463.0000 179.0000 484.0000 198.0000 1.5397 1.6592 3.9022 -11.3955 1.9884 60.8393 1.4026 0.9950
Car 0.0000 0.0000 0.0000 -1499.0000 216.0000 -520.0000 425.0000 1.5174 1.6377 4.2378 -15.4035 2.0342 7.2412 -0.2916 0.9941
