Car 0.0000 0.0000 0.0000 315.0000 190.0000 469.0000 291.0000 1.4524 1.5425 3.5869 -3.6607 1.7701 12.6472 1.5708 0.9997
Car 0.0000 0.0000 0.0000 -122.0000 203.0000 351.0000 456.0000 1.4823 1.6099 3.7605 -3.8870 1.8123 6.4645 1.5708 0.9996
Car 0.0000 0.0000 0.0000 479.0000 180.0000 544.0000 233.0000 1.6005 1.6300 3.6735 -3.1590 1.8190 23.7913 1.5662 0.9995
Car 0.0000 0.0000 0.0000 667.0000 177.0000 725.0000 229.0000 1.5606 1.6278 3.3930 2.8616 1.6675 23.3116 -1.3866 0.9995
Car 0.0000 0.0000 0.0000 439.0000 188.0000 524.0000 251.0000 1.4341 1.5476 3.7389 -3.2713 1.8305 18.9248 1.5708 0.9995
Car 0.0000 0.0000 0.0000 834.0000 168.0000 1060.0000 288.0000 1.5799 1.6669 4.4079 5.1708 1.5296 11.8302 1.5708 0.9995
Car 0.0000 0.0000 0.0000 791.0000 166.0000 997.0000 240.0000 1.5462 1.6678 3.9668 6.2082 1.3972 16.1369 0.1095 0.9984
Car 0.0000 0.0000 0.0000 682.0000 180.0000 751.0000 221.0000 1.4457 1.5647 3.5473 4.1637 1.6748 27.6485 -1.1003 0.9970
Car 0.0000 0.0000 0.0000 513.0000 181.0000 554.0000 215.0000 1.5241 1.5881 3.6237 -3.5067 1.8498 33.9290 1.5535 0.9907
Car 0.0000 0.0000 0.0000 830.0000 161.0000 878.0000 179.0000 1.6157 1.7045 4.7276 23.1928 0.4057 67.8526 -0.5876 0.9863
Car 0.0000 0.0000 0.0000 695.0000 171.0000 765.0000 198.0000 1.5691 1.6422 4.0541 7.2352 1.4011 43.0189 0.1711 0.9859
Car 0.0000 0.0000 0.0000 716.0000 179.0000 794.0000 214.0000 1.4297 1.5961 3.7925 6.5033 1.6631 31.9010 -0.8063 0.9796
