Car 0.0000 0.0000 0.0000 638.0000 179.0000 689.0000 220.0000 1.5379 1.6229 3.5861 2.1608 1.7715 29.6542 1.5160 0.9996
Car 0.0000 0.0000 0.0000 102.0000 170.0000 405.0000 283.0000 1.8856 1.7781 4.6761 -6.3549 1.8527 13.1187 0.0539 0.9996
Car 0.0000 0.0000 0.0000 800.0000 174.0000 962.0000 245.0000 1.5102 1.5532 3.4406 6.4028 1.5405 17.3331 1.0608 0.9996
Car 0.0000 0.0000 0.0000 10.0000 195.0000 305.0000 303.0000 1.4452 1.5361 3.4745 -6.6203 1.7853 10.6939 0.0791 0.9986
Car 0.0000 0.0000 0.0000 -184.0000 182.0000 223.0000 326.0000 1.5352 1.5755 3.6531 -6.8868 1.6564 8.5875 0.0478 0.9984
Car 0.0000 0.0000 0.0000 347.0000 188.0000 474.0000 234.0000 1.5167 1.6157 3.9489 -6.9397 2.0295 25.2822 0.1117 0.9983
Car 0.0000 0.0000 0.0000 615.0000 178.0000 653.0000 208.0000 1.5005 1.6086 3.9452 1.3133 1.7487 39.2235 1.4915 0.9981
Car 0.0000 0.0000 0.0000 406.0000 183.0000 494.0000 218.0000 1.5041 1.5694 3.5224 -7.1225 1.9120 32.2731 0.1904 0.9917
Car 0.0000 0.0000 0.0000 286.0000 186.0000 432.0000 242.0000 1.4872 1.5717 3.6054 -7.1149 1.8611 20.5757 0.0714 0.9901
Car 0.0000 0.0000 0.0000 662.0000 173.0000 713.0000 193.0000 1.6841 1.7014 4.2377 6.7021 1.5885 61.3525 0.0668 0.9703
