Car 0.0000 0.0000 0.0000 583.0000 174.0000 676.0000 249.0000 1.5955 1.6521 3.9073 0.3614 1.6282 17.5618 1.4392 0.9998
Car 0.0000 0.0000 0.0000 251.0000 182.0000 376.0000 254.0000 1.4314 1.5564 3.6329 -6.6504 1.6370 16.5170 1.5134 0.9997
Car 0.0000 0.0000 0.0000 485.0000 179.0000 533.0000 224.0000 1.5377 1.6185 3.5696 -3.6836 1.7270 26.6194 1.4482 0.9997
Car 0.0000 0.0000 0.0000 35.0000 187.0000 281.0000 314.0000 1.4174 1.5417 3.4937 -6.0846 1.6267 10.1387 1.4762 0.9997
Car 0.0000 0.0000 0.0000 288.0000 169.0000 344.0000 206.0000 1.6680 1.7098 3.7564 -13.9468 1.4525 34.4304 1.3976 0.9995
Car 0.0000 0.0000 0.0000 396.0000 182.0000 436.0000 213.0000 1.4980 1.6008 3.6910 -9.7747 1.8997 36.6962 1.4151 0.9995
Car 0.0000 0.0000 0.0000 330.0000 177.0000 409.0000 224.0000 1.4857 1.6636 4.3919 -8.2187 1.5999 24.9838 1.4730 0.9994
Car 0.0000 0.0000 0.0000 -14.0000 167.0000 191.0000 247.0000 1.4789 1.6330 4.1987 -10.9232 1.3644 15.4717 1.4927 0.9988
Car 0.0000 0.0000 0.0000 534.0000 180.0000 555.0000 200.0000 1.5434 1.6459 3.6308 -5.1277 2.0450 57.9056 1.4953 0.9985
Car 0.0000 0.0000 0.0000 223.0000 177.0000 315.0000 225.0000 1.5067 1.6151 3.7958 -11.6498 1.6390 24.8925 1.5015 0.9972
Car 0.0000 0.0000 0.0000 444.0000 182.0000 466.0000 201.0000 1.5745 1.6478 3.6957 -12.9604 2.2459 60.5668 1.3217 0.9961
Car 0.0000 0.0000 0.0000 379.0000 180.0000 406.0000 199.0000 1.5073 1.6415 3.8676 -17.6755 1.9877 58.9878 1.4006 0.9957
Car 0.0000 0.0000 0.0000 -1709.0000 161.0000 -292.0000 504.0000 1.5017 1.6147 3.9004 -9.7109 1.4681 5.2035 1.4701 0.9951
Car 0.0000 0.0000 0.0000 -3590.0000 200.0000 -103.0000 1384.0000 1.5013 1.5723 3.4954 -5.2205 1.6605 2.8083 1.4519 0.9924
