Car 0.0000 0.0000 0.0000 809.0000 181.0000 1311.0000 473.0000 1.5724 1.6349 3.7937 2.9635 1.6432 5.8434 1.5542 0.9998
Car 0.0000 0.0000 0.0000 626.0000 176.0000 663.0000 203.0000 1.5627 1.6457 3.6368 2.0962 1.7006 43.4170 1.4500 0.9997
Car 0.0000 0.0000 0.0000 718.0000 175.0000 799.0000 212.0000 1.4688 1.5454 3.4345 6.3900 1.5462 31.0379 1.0676 0.9996
Car 0.0000 0.0000 0.0000 -38.0000 180.0000 293.0000 305.0000 1.5686 1.5807 3.6183 -6.5662 1.6791 9.9700 0.0704 0.9993
Car 0.0000 0.0000 0.0000 149.0000 186.0000 413.0000 281.0000 1.5255 1.6111 3.9408 -5.6943 1.7644 12.6652 0.0973 0.9991
Car 0.0000 0.0000 0.0000 372.0000 166.0000 508.0000 222.0000 1.9839 1.7616 4.5845 -6.2376 1.7174 26.7837 0.0853 0.9987
Car 0.0000 0.0000 0.0000 187.0000 184.0000 396.0000 261.0000 1.5003 1.5717 3.6790 -6.5629 1.7324 15.0201 0.0836 0.9973
Car 0.0000 0.0000 0.0000 311.0000 175.0000 449.0000 230.0000 1.5801 1.5910 3.7287 -7.0059 1.6425 22.1835 0.0147 0.9972
Car 0.0000 0.0000 0.0000 348.0000 183.0000 470.0000 230.0000 1.4974 1.5717 3.6161 -6.6831 1.8303 24.1939 0.0783 0.9969
Car 0.0000 0.0000 0.0000 -271.0000 183.0000 198.0000 345.0000 1.4959 1.5857 3.6752 -6.6472 1.6101 7.5922 0.0701 0.9898
Car 0.0000 0.0000 0.0000 608.0000 174.0000 637.0000 196.0000 1.5099 1.6105 3.9210 0.9628 1.5668 52.8546 1.4658 0.9877
Car 0.0000 0.0000 0.0000 435.0000 179.0000 517.0000 208.0000 1.5065 1.6325 4.0347 -7.1399 1.7936 38.8595 0.0919 0.9848
