Car 0.0000 0.0000 0.0000 667.0000 181.0000 730.0000 226.0000 1.4524 1.5938 3.9528 3.0579 1.7127 25.4671 1.5336 0.9999
Car 0.0000 0.0000 0.0000 803.0000 186.0000 1235.0000 449.0000 1.5245 1.5805 3.5367 2.9012 1.6525 6.0893 1.5567 0.9998
Car 0.0000 0.0000 0.0000 465.0000 176.0000 533.0000 232.0000 1.4974 1.5628 3.2908 -3.1561 1.5624 21.0416 1.5432 0.9997
Car 0.0000 0.0000 0.0000 648.0000 176.0000 678.0000 202.0000 1.5716 1.6683 3.5548 3.3956 1.6844 45.5980 1.5708 0.9997
Car 0.0000 0.0000 0.0000 -83.0000 192.0000 427.0000 485.0000 1.4877 1.6542 4.2746 -2.9454 1.6824 6.0094 1.5708 0.9996
Car 0.0000 0.0000 0.0000 332.0000 177.0000 486.0000 288.0000 1.5821 1.6019 3.5783 -3.2083 1.6432 12.1161 1.5667 0.9995
Car 0.0000 0.0000 0.0000 568.0000 178.0000 590.0000 196.0000 1.5483 1.6734 3.6555 -2.5344 1.8963 63.2175 1.5708 0.9991
Car 0.0000 0.0000 0.0000 706.0000 188.0000 886.0000 305.0000 1.4681 1.6229 4.4333 2.7110 1.7201 11.6022 1.5452 0.9991
Car 0.0000 0.0000 0.0000 510.0000 173.0000 558.0000 216.0000 1.5333 1.6052 3.8128 -2.8844 1.5155 28.0979 1.5370 0.9978
Car 0.0000 0.0000 0.0000 -839.0000 -402.0000 2022.0000 801.0000 1.6222 1.6101 3.8913 2.9965 1.5987 -0.0537 1.5303 0.9863
Car 0.0000 0.0000 0.0000 640.0000 160.0000 668.0000 187.0000 2.0512 1.7965 4.6831 3.5996 0.9961 57.6104 1.5530 0.9677
