Car 0.0000 0.0000 0.0000 868.0000 150.0000 972.0000 206.0000 1.8766 1.7848 4.6133 11.2056 1.0852 26.3516 1.5638 0.9997
Car 0.0000 0.0000 0.0000 335.0000 177.0000 480.0000 234.0000 1.7169 1.6759 4.0686 -6.3328 1.8257 22.7931 0.1120 0.9993
Car 0.0000 0.0000 0.0000 934.0000 167.0000 1027.0000 213.0000 1.5932 1.6722 3.7158 13.9256 1.3827 27.2437 1.5708 0.9991
Car 0.0000 0.0000 0.0000 269.0000 184.0000 447.0000 249.0000 1.5018 1.5871 3.8301 -6.1735 1.7637 17.8360 0.0767 0.9988
Car 0.0000 0.0000 0.0000 117.0000 172.0000 374.0000 276.0000 1.7003 1.6149 3.7595 -6.3606 1.6878 12.7356 0.0814 0.9983
Car 0.0000 0.0000 0.0000 -148.0000 172.0000 263.0000 330.0000 1.5775 1.5822 3.4832 -6.0306 1.5790 8.0509 0.0669 0.9982
Car 0.0000 0.0000 0.0000 307.0000 181.0000 452.0000 238.0000 1.5433 1.5786 3.6039 -6.5030 1.7608 20.5170 0.0685 0.9974
Car 0.0000 0.0000 0.0000 421.0000 180.0000 521.0000 217.0000 1.5260 1.6162 3.9673 -5.9753 1.8182 31.3046 0.0901 0.9970
Car 0.0000 0.0000 0.0000 648.0000 175.0000 675.0000 201.0000 1.4900 1.6100 3.8270 3.2343 1.5859 44.1507 1.5708 0.9968
Car 0.0000 0.0000 0.0000 800.0000 167.0000 830.0000 185.0000 1.4865 1.6398 3.6992 17.7836 0.9109 61.9971 1.5708 0.9960
Car 0.0000 0.0000 0.0000 409.0000 179.0000 515.0000 219.0000 1.5503 1.6009 3.8570 -5.9203 1.7535 29.0477 0.2738 0.9960
Car 0.0000 0.0000 0.0000 495.0000 178.0000 562.0000 203.0000 1.5422 1.6390 4.1393 -5.2372 1.8342 47.2617 0.0698 0.9938
