Car 0.0000 0.0000 0.0000 584.0000 180.0000 638.0000 230.0000 1.5207 1.6151 3.4623 0.0231 1.7199 23.8346 1.5603 0.9999
Car 0.0000 0.0000 0.0000 651.0000 179.0000 680.0000 204.0000 1.5533 1.6739 3.7786 3.6291 1.8703 46.3252 1.5708 0.9992
Car 0.0000 0.0000 0.0000 300.0000 183.0000 456.0000 258.0000 1.4572 1.5683 3.4356 -5.1803 1.6830 15.9126 0.6394 0.9988
Car 0.0000 0.0000 0.0000 -265.0000 165.0000 160.0000 527.0000 1.5788 1.6062 3.6689 -4.7212 1.5614 4.9047 0.6765 0.9986
Car 0.0000 0.0000 0.0000 678.0000 140.0000 779.0000 237.0000 2.5895 2.0417 6.2229 3.5170 1.7121 22.4938 1.5632 0.9985
Car 0.0000 0.0000 0.0000 320.0000 154.0000 404.0000 204.0000 1.6756 1.6958 4.3929 -8.9961 1.0079 26.5897 1.5429 0.9984
Car 0.0000 0.0000 0.0000 129.0000 151.0000 332.0000 341.0000 1.7214 1.7337 4.0473 -4.6811 1.5317 8.7037 1.0334 0.9976
Car 0.0000 0.0000 0.0000 350.0000 177.0000 497.0000 250.0000 1.7160 1.6262 3.6372 -4.8706 1.8223 18.6437 0.5693 0.9973
Car 0.0000 0.0000 0.0000 553.0000 176.0000 575.0000 193.0000 1.5260 1.6196 3.7063 -4.1589 1.7022 66.9063 1.4100 0.9909
Car 0.0000 0.0000 0.0000 427.0000 181.0000 527.0000 228.0000 1.5092 1.5990 3.6352 -4.6598 1.7671 25.0074 0.7692 0.9873
Car 0.0000 0.0000 0.0000 515.0000 177.0000 553.0000 205.0000 1.5871 1.6354 3.7252 -4.5336 1.7675 43.2327 1.2809 0.9859
Car 0.0000 0.0000 0.0000 590.0000 178.0000 625.0000 210.0000 1.5051 1.6268 3.9215 -0.1213 1.7373 36.6070 1.5254 0.9794
Car 0.0000 0.0000 0.0000 496.0000 176.0000 538.0000 209.0000 1.5763 1.6408 3.7462 -4.8091 1.7180 37.2298 1.3181 0.9737
Car 0.0000 0.0000 0.0000 632.0000 174.0000 658.0000 199.0000 2.2519 1.8872 5.4362 3.3787 2.2635 67.2320 1.5368 0.9622
