Car 0.0000 0.0000 0.0000 944.0000 149.0000 1025.0000 176.0000 1.4937 1.6287 3.9638 22.3497 0.0832 42.9085 0.0235 0.9995
Car 0.0000 0.0000 0.0000 505.0000 180.0000 540.0000 210.0000 1.5135 1.6394 3.8133 -4.6183 1.8599 38.8867 1.5155 0.9993
Car 0.0000 0.0000 0.0000 652.0000 172.0000 677.0000 193.0000 1.5189 1.6396 3.9003 4.3515 1.4230 56.7795 1.5708 0.9993
Car 0.0000 0.0000 0.0000 614.0000 177.0000 632.0000 194.0000 1.5903 1.6652 3.6986 1.3611 1.8802 68.4752 1.5704 0.9989
Car 0.0000 0.0000 0.0000 577.0000 177.0000 597.0000 195.0000 1.5250 1.6539 3.7609 -1.9412 1.8283 63.0323 1.5274 0.9988
Car 0.0000 0.0000 0.0000 697.0000 172.0000 813.0000 211.0000 1.5076 1.6550 4.3925 5.8458 1.4530 29.2242 0.0359 0.9974
Car 0.0000 0.0000 0.0000 1060.0000 149.0000 1188.0000 185.0000 1.5394 1.7133 4.5186 23.3802 0.4742 32.7916 0.0375 0.9973
Car 0.0000 0.0000 0.0000 1172.0000 152.0000 1340.0000 200.0000 1.6804 1.6979 4.4279 23.5546 0.9183 26.3427 0.0843 0.9969
Car 0.0000 0.0000 0.0000 1120.0000 144.0000 1264.0000 184.0000 1.5322 1.7114 4.4115 23.4646 0.3850 29.0816 0.0044 0.9953
Car 0.0000 0.0000 0.0000 847.0000 154.0000 888.0000 178.0000 1.8125 1.6874 3.8672 20.4364 0.3399 56.9131 1.5421 0.9928
Car 0.0000 0.0000 0.0000 613.0000 175.0000 633.0000 191.0000 1.5139 1.6934 4.5996 1.4235 1.6517 72.0510 1.5387 0.9804
Car 0.0000 0.0000 0.0000 883.0000 160.0000 919.0000 180.0000 1.4861 1.6536 3.8124 23.1063 0.4218 57.0381 -1.4560 0.9775
