Car 0.0000 0.0000 0.0000 686.0000 181.0000 767.0000 245.0000 1.4800 1.5433 3.4040 2.9027 1.6733 18.5239 1.5708 0.9998
Car 0.0000 0.0000 0.0000 842.0000 171.0000 1504.0000 560.0000 1.5874 1.5812 3.4411 2.8420 1.5970 4.6852 1.5682 0.9997
Car 0.0000 0.0000 0.0000 324.0000 180.0000 483.0000 238.0000 1.5919 1.6383 4.0883 -5.8940 1.7896 20.8197 0.0946 0.9997
Car 0.0000 0.0000 0.0000 737.0000 173.0000 879.0000 227.0000 1.6471 1.6843 4.2381 6.3847 1.6527 23.5400 0.1013 0.9995
Car 0.0000 0.0000 0.0000 241.0000 179.0000 454.0000 253.0000 1.5415 1.6420 4.1755 -5.7981 1.6794 16.1242 0.1070 0.9994
Car 0.0000 0.0000 0.0000 178.0000 186.0000 412.0000 271.0000 1.4869 1.5941 3.7877 -5.9282 1.7437 13.7973 0.0210 0.9993
Car 0.0000 0.0000 0.0000 -196.0000 157.0000 234.0000 323.0000 1.7294 1.6281 3.8776 -6.7989 1.5805 8.4726 0.0741 0.9992
Car 0.0000 0.0000 0.0000 637.0000 175.0000 662.0000 198.0000 1.5687 1.6729 3.5922 2.9025 1.6713 52.1112 1.5708 0.9992
Car 0.0000 0.0000 0.0000 -1.0000 185.0000 309.0000 295.0000 1.5357 1.5992 3.8875 -6.9512 1.7268 11.1236 0.0950 0.9979
Car 0.0000 0.0000 0.0000 287.0000 179.0000 455.0000 244.0000 1.5688 1.6166 3.8230 -6.1453 1.7307 18.6434 0.1780 0.9978
Car 0.0000 0.0000 0.0000 384.0000 181.0000 501.0000 225.0000 1.5077 1.6004 3.7996 -6.0170 1.7929 26.0132 0.2345 0.9974
Car 0.0000 0.0000 0.0000 345.0000 178.0000 472.0000 227.0000 1.5105 1.5606 3.6211 -6.4683 1.6534 23.3152 0.0976 0.9959
Car 0.0000 0.0000 0.0000 684.0000 171.0000 723.0000 204.0000 1.6243 1.7026 3.8967 4.9021 1.4819 37.6866 1.5708 0.9953
Car 0.0000 0.0000 0.0000 420.0000 173.0000 525.0000 215.0000 1.9746 1.7943 4.7569 -6.6855 1.9735 35.4083 0.0839 0.9940
Car 0.0000 0.0000 0.0000 -493.0000 182.0000 158.0000 412.0000 1.5829 1.6529 3.9676 -6.2601 1.6753 6.0107 0.1020 0.9909
Car 0.0000 0.0000 0.0000 -1509.0000 199.0000 -66.0000 637.0000 1.5310 1.6213 3.9056 -5.9752 1.6912 3.4405 0.0242 0.9848
Car 0.0000 0.0000 0.0000 405.0000 179.0000 507.0000 220.0000 1.5246 1.5865 3.6323 -5.9616 1.7280 28.2560 0.0296 0.9767
