Car 0.0000 0.0000 0.0000 676.0000 161.0000 738.0000 224.0000 1.9419 1.8121 4.0515 3.2509 1.5676 24.6072 1.5708 0.9998
Car 0.0000 0.0000 0.0000 597.0000 183.0000 674.0000 256.0000 1.5071 1.6191 3.5001 0.5985 1.7388 16.9982 1.5708 0.9997
Car 0.0000 0.0000 0.0000 410.0000 183.0000 436.0000 203.0000 1.5097 1.6107 3.6523 -14.7254 2.2222 57.1632 1.4149 0.9993
Car 0.0000 0.0000 0.0000 358.0000 178.0000 417.0000 213.0000 1.6961 1.7315 4.1832 -11.4215 1.9060 37.3803 1.5708 0.9991
Car 0.0000 0.0000 0.0000 578.0000 179.0000 623.0000 221.0000 1.5668 1.6723 3.6547 -0.3103 1.7933 29.4388 1.5708 0.9989
Car 0.0000 0.0000 0.0000 240.0000 183.0000 322.0000 233.0000 1.6139 1.6935 3.9657 -11.5763 1.9505 25.6417 1.4082 0.9987
Car 0.0000 0.0000 0.0000 659.0000 178.0000 701.0000 210.0000 1.4874 1.5997 3.8123 3.4499 1.6887 35.5486 1.5493 0.9971
Car 0.0000 0.0000 0.0000 349.0000 180.0000 386.0000 204.0000 1.4828 1.6141 3.8271 -15.2361 1.8441 45.5513 1.4043 0.9970
Car 0.0000 0.0000 0.0000 427.0000 182.0000 528.0000 226.0000 1.5190 1.5900 3.7050 -4.9640 1.8519 26.8596 0.6336 0.9960
Car 0.0000 0.0000 0.0000 549.0000 178.0000 574.0000 199.0000 1.4853 1.6343 4.0109 -3.5517 1.8226 54.4498 1.5633 0.9912
Car 0.0000 0.0000 0.0000 463.0000 183.0000 549.0000 218.0000 1.5034 1.5638 3.5004 -4.6788 1.9549 32.7063 0.2964 0.9911
Car 0.0000 0.0000 0.0000 656.0000 174.0000 689.0000 202.0000 1.5441 1.6296 3.7824 3.7068 1.5684 42.5741 1.5708 0.9890
Car 0.0000 0.0000 0.0000 606.0000 176.0000 629.0000 195.0000 1.5099 1.6059 3.7101 0.7231 1.7145 59.2974 1.4984 0.9888
Car 0.0000 0.0000 0.0000 514.0000 177.0000 558.0000 207.0000 1.5834 1.6364 3.6987 -4.1978 1.7933 40.9359 1.2240 0.9864
Car 0.0000 0.0000 0.0000 736.0000 179.0000 787.0000 199.0000 1.4701 1.6029 3.7340 12.0075 1.9034 56.6686 0.0527 0.9830
Car 0.0000 0.0000 0.0000 1529.0000 182.0000 1891.0000 294.0000 1.5446 1.6289 4.0334 18.2871 1.7052 12.3288 -1.0842 0.9753
