Car 0.0000 0.0000 0.0000 263.0000 191.0000 430.0000 291.0000 1.4862 1.6064 3.8893 -4.6359 1.8335 13.2233 1.5708 0.9999
Car 0.0000 0.0000 0.0000 832.0000 184.0000 1125.0000 352.0000 1.4624 1.5731 3.7610 3.8312 1.6012 8.3029 1.5708 0.9998
Car 0.0000 0.0000 0.0000 711.0000 181.0000 802.0000 243.0000 1.4559 1.5870 3.9957 3.7449 1.6464 19.0151 1.5708 0.9998
Car 0.0000 0.0000 0.0000 753.0000 180.0000 887.0000 272.0000 1.5213 1.6060 3.6018 3.8738 1.6550 13.8751 1.5708 0.9997
Car 0.0000 0.0000 0.0000 522.0000 180.0000 559.0000 208.0000 1.4704 1.5858 3.6064 -3.7939 1.8425 40.2243 1.5708 0.9997
Car 0.0000 0.0000 0.0000 1066.0000 200.0000 3008.0000 1064.0000 1.5178 1.5704 3.3714 3.8247 1.6855 3.0704 1.5317 0.9997
Car 0.0000 0.0000 0.0000 389.0000 186.0000 484.0000 249.0000 1.4537 1.5768 3.7776 -4.4440 1.7940 18.9445 1.5691 0.9997
Car 0.0000 0.0000 0.0000 441.0000 183.0000 511.0000 232.0000 1.4608 1.6390 4.2520 -4.4035 1.7976 24.2247 1.5521 0.9992
Car 0.0000 0.0000 0.0000 689.0000 177.0000 740.0000 216.0000 1.4941 1.5639 3.5362 4.2681 1.6311 29.6969 1.5666 0.9981
Car 0.0000 0.0000 0.0000 694.0000 178.0000 766.0000 228.0000 1.4954 1.5943 3.7586 3.9282 1.6556 24.0214 1.5204 0.9977
Car 0.0000 0.0000 0.0000 681.0000 175.0000 725.0000 207.0000 1.4938 1.5863 3.9608 4.5230 1.5440 35.2137 1.5592 0.9851
Car 0.0000 0.0000 0.0000 1149.0000 130.0000 1324.0000 180.0000 1.6195 1.7843 4.4219 21.8274 0.1741 25.1982 0.0594 0.9840
Car 0.0000 0.0000 0.0000 1178.0000 174.0000 1316.0000 225.0000 1.4712 1.6221 3.8185 20.0354 1.4931 22.6326 -0.3478 0.9837
