Car 0.0000 0.0000 0.0000 807.0000 183.0000 1049.0000 325.0000 1.4608 1.5799 3.7404 3.8010 1.5888 9.3730 1.5708 0.9999
Car 0.0000 0.0000 0.0000 743.0000 181.0000 865.0000 264.0000 1.4847 1.5916 3.6669 3.8544 1.6393 14.9377 1.5708 0.9999
Car 0.0000 0.0000 0.0000 296.0000 189.0000 442.0000 280.0000 1.4789 1.6009 3.8264 -4.5918 1.8166 14.2486 1.5708 0.9999
Car 0.0000 0.0000 0.0000 525.0000 181.0000 562.0000 208.0000 1.4635 1.5967 3.6980 -3.7105 1.8729 41.3109 1.5708 0.9998
Car 0.0000 0.0000 0.0000 402.0000 186.0000 490.0000 246.0000 1.4733 1.5947 3.7431 -4.4458 1.8259 20.0324 1.5708 0.9995
Car 0.0000 0.0000 0.0000 981.0000 195.0000 1944.0000 654.0000 1.4956 1.5470 3.3707 3.8353 1.6671 4.2006 1.5336 0.9995
Car 0.0000 0.0000 0.0000 708.0000 181.0000 793.0000 239.0000 1.4470 1.5761 3.9775 3.7845 1.6391 19.9762 1.5699 0.9995
Car 0.0000 0.0000 0.0000 449.0000 184.0000 519.0000 231.0000 1.4636 1.6527 4.2540 -4.2898 1.8388 25.1884 1.5708 0.9994
Car 0.0000 0.0000 0.0000 691.0000 179.0000 735.0000 216.0000 1.4804 1.5658 3.5566 4.3549 1.6977 30.6426 1.5708 0.9988
Car 0.0000 0.0000 0.0000 697.0000 179.0000 756.0000 226.0000 1.4927 1.5889 3.8256 4.0113 1.6806 25.1579 1.5708 0.9967
