Car 0.0000 0.0000 0.0000 381.0000 182.0000 494.0000 260.0000 1.4791 1.5726 3.5405 -3.6703 1.6794 15.8190 1.5708 0.9998
Car 0.0000 0.0000 0.0000 493.0000 159.0000 546.0000 200.0000 1.4922 1.6318 4.0626 -3.4506 0.9644 28.2527 1.5555 0.9997
Car 0.0000 0.0000 0.0000 211.0000 170.0000 350.0000 245.0000 1.6249 1.6560 3.8266 -7.8509 1.5538 17.5421 1.5708 0.9994
Car 0.0000 0.0000 0.0000 579.0000 174.0000 620.0000 213.0000 1.6018 1.6835 3.6935 -0.4409 1.6111 31.6099 1.5543 0.9992
Car 0.0000 0.0000 0.0000 457.0000 179.0000 496.0000 206.0000 1.5073 1.6211 3.7329 -7.8085 1.8264 42.6985 1.5708 0.9988
Car 0.0000 0.0000 0.0000 -255.0000 186.0000 41.0000 287.0000 1.4515 1.5573 3.5772 -12.0335 1.6761 12.4116 1.5708 0.9987
Car 0.0000 0.0000 0.0000 66.0000 185.0000 220.0000 247.0000 1.4435 1.6009 3.8615 -12.2155 1.7557 19.1364 1.5616 0.9985
Car 0.0000 0.0000 0.0000 -14066.0000 149.0000 244.0000 6239.0000 1.5262 1.6863 4.0531 -3.0517 1.5442 2.2079 1.5708 0.9980
Car 0.0000 0.0000 0.0000 -82.0000 187.0000 201.0000 304.0000 1.4856 1.6211 3.8180 -8.4308 1.7259 11.4647 1.5643 0.9973
Car 0.0000 0.0000 0.0000 339.0000 175.0000 416.0000 223.0000 1.4882 1.5795 3.7512 -7.7592 1.5416 24.3548 1.5130 0.9870
Car 0.0000 0.0000 0.0000 539.0000 170.0000 564.0000 201.0000 2.4904 1.9390 5.6902 -4.7830 2.1723 60.9833 1.5152 0.9836
Car 0.0000 0.0000 0.0000 500.0000 180.0000 523.0000 198.0000 1.5004 1.6050 3.8579 -8.3805 1.9912 62.4129 1.5442 0.9819
Car 0.0000 0.0000 0.0000 -1579.0000 185.0000 -175.0000 571.0000 1.4650 1.5548 3.6446 -7.8623 1.5555 4.6441 1.5534 0.9753
