Car 0.0000 0.0000 0.0000 704.0000 186.0000 852.0000 291.0000 1.4335 1.5480 3.6248 2.6187 1.6687 12.0873 1.5472 0.9997
Car 0.0000 0.0000 0.0000 683.0000 181.0000 788.0000 252.0000 1.4656 1.6027 4.0734 2.8257 1.6422 17.0667 1.5317 0.9996
Car 0.0000 0.0000 0.0000 664.0000 180.0000 718.0000 222.0000 1.4656 1.5610 3.4688 3.0198 1.6941 27.1895 1.5543 0.9996
Car 0.0000 0.0000 0.0000 560.0000 182.0000 581.0000 200.0000 1.5040 1.6288 3.8335 -3.1703 2.1592 60.9425 1.5490 0.9991
Car 0.0000 0.0000 0.0000 650.0000 177.0000 696.0000 215.0000 1.5604 1.5919 3.6373 2.7408 1.7223 31.6685 1.5468 0.9986
Car 0.0000 0.0000 0.0000 476.0000 183.0000 499.0000 201.0000 1.5157 1.6743 4.0181 -11.1540 2.3914 66.4818 1.5118 0.9981
Car 0.0000 0.0000 0.0000 595.0000 178.0000 619.0000 201.0000 1.5886 1.6745 3.8424 -0.1327 1.8841 52.4087 1.5708 0.9953
Car 0.0000 0.0000 0.0000 -3038.0000 -1305.0000 1588.0000 606.0000 1.4948 1.5098 3.3076 2.7528 1.5052 0.9061 1.5411 0.9935
Car 0.0000 0.0000 0.0000 635.0000 178.0000 666.0000 203.0000 1.5045 1.5948 3.8772 2.5939 1.7521 45.4038 1.5284 0.9875
Car 0.0000 0.0000 0.0000 389.0000 183.0000 414.0000 200.0000 1.4552 1.5914 3.8042 -18.9934 2.2811 66.1935 1.4558 0.9806
