Car 0.0000 0.0000 0.0000 367.0000 170.0000 420.0000 214.0000 1.4908 1.5789 3.5179 -7.7944 1.3702 26.2570 1.3566 0.9998
Car 0.0000 0.0000 0.0000 519.0000 161.0000 554.0000 193.0000 1.5487 1.6451 3.7026 -3.7972 0.9400 38.0101 1.5164 0.9996
Car 0.0000 0.0000 0.0000 736.0000 162.0000 825.0000 216.0000 1.5352 1.6145 3.5827 5.2695 1.2207 22.6663 1.4706 0.9995
Car 0.0000 0.0000 0.0000 -5130.0000 -4349.0000 52487.0000 35117.0000 1.8371 1.7443 4.6196 3.7852 1.5482 1.9553 -1.2563 0.9995
Car 0.0000 0.0000 0.0000 667.0000 166.0000 757.0000 221.0000 1.5149 1.6223 3.9691 3.0022 1.3104 21.8650 1.4278 0.9994
Car 0.0000 0.0000 0.0000 152.0000 188.0000 283.0000 251.0000 1.4344 1.6248 4.2429 -10.2497 1.8360 19.1625 1.4430 0.9992
Car 0.0000 0.0000 0.0000 568.0000 161.0000 601.0000 191.0000 1.8837 1.7982 4.2517 -1.6745 1.0767 48.6071 1.4373 0.9991
Car 0.0000 0.0000 0.0000 898.0000 142.0000 1180.0000 240.0000 2.0747 1.8464 5.4568 9.7314 1.4052 16.5938 -0.0532 0.9986
Car 0.0000 0.0000 0.0000 -460.0000 194.0000 -240.0000 268.0000 1.5873 1.6396 3.7427 -23.8467 2.1175 18.0780 1.1765 0.9984
Car 0.0000 0.0000 0.0000 7.0000 173.0000 174.0000 251.0000 1.8163 1.7160 4.0417 -13.4580 1.8092 18.9605 1.4921 0.9980
Car 0.0000 0.0000 0.0000 807.0000 169.0000 906.0000 220.0000 1.5143 1.5419 3.5155 7.8606 1.3831 23.2024 1.4185 0.9964
Car 0.0000 0.0000 0.0000 -261.0000 191.0000 -30.0000 261.0000 1.4726 1.6591 4.3627 -19.0674 1.9598 18.4727 1.4625 0.9957
Car 0.0000 0.0000 0.0000 1246.0000 151.0000 1641.0000 426.0000 1.5171 1.6294 3.8429 6.5826 1.3933 5.8197 -0.6967 0.9955
Car 0.0000 0.0000 0.0000 454.0000 156.0000 537.0000 233.0000 1.9610 1.7401 4.0438 -3.1411 1.5258 20.4880 1.5598 0.9932
Car 0.0000 0.0000 0.0000 1162.0000 130.0000 1358.0000 196.0000 1.9839 1.7833 4.9763 21.5821 0.6790 24.2268 1.4789 0.9919
Car 0.0000 0.0000 0.0000 1346.0000 156.0000 1516.0000 199.0000 1.5697 1.6616 4.1486 31.5478 0.9387 27.7554 0.2031 0.9632
