Car 0.0000 0.0000 0.0000 552.0000 181.0000 592.0000 213.0000 1.4988 1.6314 3.8248 -1.7592 1.8294 35.1699 1.5708 0.9997
Car 0.0000 0.0000 0.0000 730.0000 186.0000 839.0000 257.0000 1.4592 1.6048 4.1104 4.0144 1.7633 17.2145 1.5708 0.9997
Car 0.0000 0.0000 0.0000 784.0000 191.0000 993.0000 310.0000 1.4384 1.5852 4.3411 4.0624 1.7460 11.3477 1.5697 0.9996
Car 0.0000 0.0000 0.0000 416.0000 158.0000 542.0000 267.0000 1.7245 1.6595 4.0734 -2.2902 1.4934 13.4909 1.5635 0.9994
Car 0.0000 0.0000 0.0000 992.0000 194.0000 1764.0000 631.0000 1.5387 1.5931 3.4539 3.7871 1.7074 4.5101 -1.3651 0.9994
Car 0.0000 0.0000 0.0000 721.0000 182.0000 792.0000 235.0000 1.5342 1.5494 3.2120 4.5149 1.7902 22.5334 1.5708 0.9993
Car 0.0000 0.0000 0.0000 686.0000 180.0000 734.0000 214.0000 1.4894 1.5611 3.5687 4.6708 1.7733 33.7278 1.5244 0.9991
Car 0.0000 0.0000 0.0000 700.0000 180.0000 752.0000 219.0000 1.4820 1.5663 3.5980 4.6698 1.7327 29.2394 1.5708 0.9989
Car 0.0000 0.0000 0.0000 -3793.0000 222.0000 241.0000 2356.0000 1.4784 1.5388 3.4069 -2.8353 1.7434 2.2908 1.5477 0.9973
Car 0.0000 0.0000 0.0000 482.0000 184.0000 561.0000 247.0000 1.4496 1.5642 3.7307 -2.2400 1.7394 19.0271 1.5708 0.9955
Car 0.0000 0.0000 0.0000 675.0000 177.0000 701.0000 199.0000 1.4919 1.6014 3.8281 5.6603 1.7268 51.7026 1.5708 0.9687
