Car 0.0000 0.0000 0.0000 434.0000 182.0000 525.0000 253.0000 1.4941 1.5996 3.6681 -3.0420 1.7080 17.4037 1.5544 0.9999
Car 0.0000 0.0000 0.0000 909.0000 193.0000 2060.0000 779.0000 1.4577 1.5334 3.5417 2.9962 1.5991 3.6629 1.5708 0.9998
Car 0.0000 0.0000 0.0000 659.0000 180.0000 727.0000 233.0000 1.4634 1.5947 3.9101 2.4375 1.6485 21.8519 1.5708 0.9995
Car 0.0000 0.0000 0.0000 754.0000 172.0000 1019.0000 350.0000 1.5484 1.5921 3.6555 2.7691 1.5503 8.1533 1.5708 0.9992
Car 0.0000 0.0000 0.0000 588.0000 175.0000 613.0000 198.0000 1.5781 1.6882 3.5961 -0.5595 1.6323 50.1565 1.5695 0.9991
Car 0.0000 0.0000 0.0000 651.0000 175.0000 702.0000 219.0000 1.5141 1.5899 3.8565 2.4516 1.5807 26.8539 1.5708 0.9988
Car 0.0000 0.0000 0.0000 633.0000 175.0000 675.0000 207.0000 1.5499 1.6416 3.7237 2.2551 1.6277 36.8982 1.5091 0.9979
Car 0.0000 0.0000 0.0000 705.0000 167.0000 847.0000 275.0000 1.5920 1.5549 3.2169 2.6872 1.5134 12.3636 1.5294 0.9967
Car 0.0000 0.0000 0.0000 349.0000 183.0000 428.0000 210.0000 1.5250 1.6320 4.0676 -12.7073 2.0572 41.6591 0.0483 0.9944
Car 0.0000 0.0000 0.0000 623.0000 175.0000 647.0000 195.0000 1.4855 1.6052 3.7478 2.0552 1.5639 55.2968 1.5708 0.9834
