Car 0.0000 0.0000 0.0000 417.0000 180.0000 483.0000 225.0000 1.5244 1.6202 3.7067 -5.7676 1.7471 26.3682 1.5608 0.9998
Car 0.0000 0.0000 0.0000 684.0000 174.0000 763.0000 235.0000 1.5410 1.6034 3.6520 3.1077 1.5703 20.2651 1.5618 0.9997
Car 0.0000 0.0000 0.0000 741.0000 177.0000 917.0000 290.0000 1.4782 1.5835 3.9450 3.2468 1.5480 11.5397 1.5665 0.9997
Car 0.0000 0.0000 0.0000 848.0000 185.0000 1379.0000 456.0000 1.4500 1.5398 3.6937 3.4031 1.5596 5.8568 1.5013 0.9993
Car 0.0000 0.0000 0.0000 100.0000 194.0000 364.0000 315.0000 1.4548 1.6472 4.2173 -5.6316 1.8237 11.3794 -1.4666 0.9993
Car 0.0000 0.0000 0.0000 672.0000 173.0000 734.0000 221.0000 1.5571 1.5712 3.5327 3.2690 1.5610 25.6666 1.5288 0.9983
Car 0.0000 0.0000 0.0000 453.0000 179.0000 505.0000 216.0000 1.4695 1.5776 3.6226 -5.6226 1.7152 31.4367 1.5708 0.9973
Car 0.0000 0.0000 0.0000 -203.0000 198.0000 -47.0000 282.0000 1.4676 1.5575 3.4929 -15.3280 2.0097 15.1686 1.0022 0.9838
Car 0.0000 0.0000 0.0000 694.0000 163.0000 714.0000 180.0000 1.5273 1.6558 4.0167 8.9111 0.5487 66.8912 -1.3953 0.9799
Car 0.0000 0.0000 0.0000 -581.0000 195.0000 -228.0000 314.0000 1.5150 1.5772 3.6267 -14.7247 1.8561 10.4975 0.1731 0.9795
