Car 0.0000 0.0000 0.0000 579.0000 174.0000 632.0000 224.0000 1.5481 1.6420 3.4071 -0.1180 1.5687 24.2024 1.5708 0.9999
Car 0.0000 0.0000 0.0000 646.0000 148.0000 705.0000 209.0000 2.5843 1.9943 6.0047 3.0272 1.5005 34.0815 1.5404 0.9984
Car 0.0000 0.0000 0.0000 101.0000 144.0000 410.0000 330.0000 1.8904 1.7343 4.4238 -4.7469 1.6148 9.3152 0.6323 0.9979
Car 0.0000 0.0000 0.0000 300.0000 165.0000 476.0000 247.0000 1.7011 1.6328 3.7672 -5.1275 1.5448 16.5980 0.4509 0.9959
Car 0.0000 0.0000 0.0000 -141.0000 180.0000 245.0000 403.0000 1.4903 1.5805 3.4482 -5.0748 1.5680 6.4157 0.5378 0.9952
Car 0.0000 0.0000 0.0000 584.0000 177.0000 618.0000 209.0000 1.5369 1.6326 3.9134 -0.4360 1.7095 37.0562 1.5433 0.9940
Car 0.0000 0.0000 0.0000 -78.0000 181.0000 188.0000 291.0000 1.5025 1.5841 3.6117 -8.7623 1.6206 11.7552 1.5708 0.9918
Car 0.0000 0.0000 0.0000 350.0000 166.0000 494.0000 235.0000 1.7464 1.6451 3.7329 -5.1901 1.5745 19.8062 0.5035 0.9898
Car 0.0000 0.0000 0.0000 410.0000 151.0000 454.0000 180.0000 1.4878 1.6440 3.8390 -9.4525 0.3289 38.6928 1.4923 0.9823
Car 0.0000 0.0000 0.0000 413.0000 181.0000 519.0000 223.0000 1.5250 1.5964 3.6343 -5.4412 1.8076 27.4018 0.2956 0.9683
Car 0.0000 0.0000 0.0000 437.0000 170.0000 536.0000 216.0000 1.7965 1.6956 4.0613 -5.2201 1.6766 30.4135 0.5938 0.9655
