Car 0.0000 0.0000 0.0000 583.0000 175.0000 639.0000 229.0000 1.6211 1.6792 3.2082 0.0538 1.6840 23.4407 1.5708 0.9999
Car 0.0000 0.0000 0.0000 816.0000 156.0000 1096.0000 332.0000 1.7518 1.6995 3.8308 4.0020 1.5961 9.1538 1.5708 0.9997
Car 0.0000 0.0000 0.0000 1018.0000 197.0000 2331.0000 772.0000 1.4955 1.5719 3.6205 3.9602 1.6708 3.8149 1.5676 0.9997
Car 0.0000 0.0000 0.0000 188.0000 176.0000 391.0000 299.0000 1.5251 1.5896 3.6337 -4.9622 1.5834 10.8543 0.7836 0.9995
Car 0.0000 0.0000 0.0000 396.0000 183.0000 518.0000 238.0000 1.4755 1.5716 3.6816 -4.5791 1.7601 21.3462 0.6975 0.9984
Car 0.0000 0.0000 0.0000 -161.0000 175.0000 148.0000 297.0000 1.4533 1.5371 3.5171 -8.5943 1.4814 10.4333 1.5478 0.9976
Car 0.0000 0.0000 0.0000 110.0000 178.0000 293.0000 264.0000 1.5118 1.5903 3.8562 -8.1791 1.6112 14.8098 1.5705 0.9938
Car 0.0000 0.0000 0.0000 466.0000 164.0000 558.0000 210.0000 2.0460 1.7786 4.6051 -4.7167 1.6234 34.4734 0.7244 0.9934
Car 0.0000 0.0000 0.0000 594.0000 178.0000 629.0000 211.0000 1.5586 1.6522 3.7419 0.0593 1.7884 36.6088 1.5441 0.9900
Car 0.0000 0.0000 0.0000 -1313.0000 187.0000 -53.0000 1129.0000 1.4966 1.5817 3.8339 -4.4734 1.5673 2.7620 0.4929 0.9869
Car 0.0000 0.0000 0.0000 443.0000 178.0000 535.0000 215.0000 1.5251 1.5964 3.6317 -5.2557 1.7180 31.4419 0.3709 0.9741
Car 0.0000 0.0000 0.0000 327.0000 151.0000 373.0000 179.0000 1.5842 1.6583 3.9498 -15.1025 0.3031 42.1271 1.4573 0.9734
Car 0.0000 0.0000 0.0000 -905.0000 189.0000 -56.0000 456.0000 1.4926 1.5813 3.6111 -8.2668 1.6477 6.0612 -1.4078 0.9641
Car 0.0000 0.0000 0.0000 400.0000 180.0000 520.0000 229.0000 1.5437 1.5971 3.5605 -4.9013 1.7705 23.8010 0.1293 0.9610
Car 0.0000 0.0000 0.0000 768.0000 172.0000 844.0000 210.0000 1.7458 1.7117 4.6589 9.7261 1.6629 35.3512 -0.8532 0.9603
