Car 0.0000 0.0000 0.0000 -203.0000 198.0000 247.0000 411.0000 1.4224 1.5489 3.6335 -5.1949 1.7062 7.0104 1.5216 0.9997
Car 0.0000 0.0000 0.0000 611.0000 173.0000 646.0000 201.0000 1.6122 1.6601 3.5566 1.2261 1.5449 43.5973 -1.4130 0.9993
Car 0.0000 0.0000 0.0000 652.0000 173.0000 689.0000 207.0000 1.5848 1.6527 3.5267 2.9799 1.5529 35.5174 1.5708 0.9991
Car 0.0000 0.0000 0.0000 1263.0000 115.0000 1540.0000 188.0000 1.6905 1.7049 4.5134 19.7519 0.3291 18.1800 0.2214 0.9991
Car 0.0000 0.0000 0.0000 -106.0000 191.0000 165.0000 300.0000 1.4489 1.6149 4.0823 -9.5126 1.7817 12.2445 1.4761 0.9991
Car 0.0000 0.0000 0.0000 143.0000 186.0000 294.0000 249.0000 1.4669 1.5761 3.6472 -10.2614 1.8267 19.1928 -1.3767 0.9984
Car 0.0000 0.0000 0.0000 1106.0000 156.0000 1231.0000 207.0000 1.5544 1.5958 3.8442 18.1639 0.9906 23.3822 -0.4299 0.9965
Car 0.0000 0.0000 0.0000 674.0000 168.0000 700.0000 193.0000 1.4885 1.6163 3.8595 4.9968 1.1472 46.3142 -1.4787 0.9945
Car 0.0000 0.0000 0.0000 1462.0000 124.0000 1724.0000 191.0000 1.6407 1.7184 4.3530 25.8593 0.4118 19.0557 0.0452 0.9921
Car 0.0000 0.0000 0.0000 910.0000 161.0000 1006.0000 194.0000 1.5781 1.6985 4.2588 17.6021 0.9662 36.4478 0.4475 0.9871
Car 0.0000 0.0000 0.0000 877.0000 154.0000 976.0000 185.0000 1.6505 1.8024 4.6664 17.4781 0.5877 39.7888 0.0750 0.9862
Car 0.0000 0.0000 0.0000 -957.0000 199.0000 -74.0000 468.0000 1.5210 1.6926 4.3842 -9.1692 1.8279 6.7259 1.4451 0.9777
Car 0.0000 0.0000 0.0000 1232.0000 147.0000 1313.0000 205.0000 1.5374 1.5875 3.5933 19.1053 0.8220 20.7750 -0.8227 0.9777
Car 0.0000 0.0000 0.0000 -921.0000 191.0000 -266.0000 377.0000 1.4751 1.5440 3.6027 -12.3443 1.6921 7.8737 1.3533 0.9607
