Car 0.0000 0.0000 0.0000 781.0000 119.0000 1144.0000 370.0000 2.0416 1.9255 4.5412 3.4067 1.6211 8.1771 1.5708 0.9999
Car 0.0000 0.0000 0.0000 717.0000 180.0000 805.0000 244.0000 1.4985 1.5916 3.6568 3.8330 1.6567 18.7661 1.5708 0.9999
Car 0.0000 0.0000 0.0000 587.0000 178.0000 650.0000 239.0000 1.5331 1.6094 3.4551 0.2354 1.6597 20.1449 1.5708 0.9998
Car 0.0000 0.0000 0.0000 687.0000 175.0000 751.0000 222.0000 1.5784 1.6792 4.0617 3.8891 1.6350 26.2190 1.5681 0.9997
Car 0.0000 0.0000 0.0000 513.0000 171.0000 564.0000 203.0000 1.5705 1.6361 3.8968 -3.7433 1.4455 37.7035 1.1959 0.9993
Car 0.0000 0.0000 0.0000 192.0000 173.0000 397.0000 313.0000 1.6588 1.6150 3.4411 -4.6626 1.6735 10.3502 0.8104 0.9987
Car 0.0000 0.0000 0.0000 425.0000 177.0000 533.0000 225.0000 1.4542 1.5862 3.5522 -4.3682 1.5850 23.8398 0.6812 0.9986
Car 0.0000 0.0000 0.0000 -575.0000 176.0000 -64.0000 331.0000 1.5582 1.6317 3.8369 -11.3104 1.6068 9.2481 1.5628 0.9979
Car 0.0000 0.0000 0.0000 -22.0000 161.0000 201.0000 254.0000 1.7415 1.6834 4.4263 -11.1209 1.5167 15.8178 1.5708 0.9978
Car 0.0000 0.0000 0.0000 232.0000 181.0000 453.0000 271.0000 1.4872 1.5424 3.5183 -4.8476 1.6370 13.1436 0.2464 0.9976
Car 0.0000 0.0000 0.0000 595.0000 174.0000 634.0000 210.0000 1.5476 1.6621 3.8107 0.2197 1.5549 32.9224 1.5550 0.9976
Car 0.0000 0.0000 0.0000 344.0000 181.0000 498.0000 255.0000 1.5068 1.5491 3.4267 -4.3300 1.6751 16.3281 0.6265 0.9974
Car 0.0000 0.0000 0.0000 203.0000 176.0000 294.0000 217.0000 1.5255 1.6411 4.0329 -14.4885 1.6379 29.1801 1.5708 0.9971
Car 0.0000 0.0000 0.0000 664.0000 169.0000 700.0000 196.0000 1.5375 1.6304 3.7827 4.3626 1.2837 43.5671 1.5333 0.9919
Car 0.0000 0.0000 0.0000 690.0000 173.0000 715.0000 190.0000 1.5337 1.6549 3.8772 9.1457 1.4865 70.2284 1.5073 0.9761
