Car 0.0000 0.0000 0.0000 1578.0000 135.0000 2213.0000 440.0000 1.6428 1.6524 4.1943 9.5982 1.4370 5.8835 -0.7281 0.9988
Car 0.0000 0.0000 0.0000 449.0000 187.0000 629.0000 258.0000 1.4332 1.6318 4.1184 -1.5803 1.7678 17.0898 -0.7724 0.9979
Car 0.0000 0.0000 0.0000 1175.0000 144.0000 1368.0000 244.0000 1.5258 1.6211 3.7974 11.6820 1.0759 13.0181 -1.0885 0.9978
Car 0.0000 0.0000 0.0000 794.0000 182.0000 1039.0000 311.0000 1.4900 1.6492 4.3190 4.6660 1.6394 10.6704 -0.7322 0.9974
Car 0.0000 0.0000 0.0000 115.0000 198.0000 203.0000 249.0000 1.3931 1.5829 3.6676 -14.1753 2.1835 22.5786 0.7956 0.9972
Car 0.0000 0.0000 0.0000 -759.0000 207.0000 -247.0000 435.0000 1.5303 1.6514 4.1501 -10.7699 1.9394 7.4207 0.8931 0.9960
Car 0.0000 0.0000 0.0000 -25.0000 203.0000 43.0000 255.0000 1.4395 1.6104 3.7875 -19.8932 2.4677 23.7672 0.8406 0.9935
Car 0.0000 0.0000 0.0000 385.0000 187.0000 519.0000 245.0000 1.4545 1.6181 3.7124 -4.4380 1.8553 20.7315 -1.0170 0.9932
Car 0.0000 0.0000 0.0000 -18270.0000 -1698.0000 15803.0000 1878.0000 1.4892 1.6361 3.9537 14.6294 1.4127 1.4426 -0.7976 0.9906
Car 0.0000 0.0000 0.0000 628.0000 180.0000 836.0000 283.0000 1.5358 1.6627 4.1418 2.3408 1.6746 13.1219 -0.7970 0.9714
