Car 0.0000 0.0000 0.0000 351.0000 197.0000 486.0000 297.0000 1.4682 1.6079 3.7979 -3.3678 1.9445 13.2645 1.5285 0.9999
Car 0.0000 0.0000 0.0000 632.0000 190.0000 724.0000 224.0000 1.4606 1.6273 3.9227 3.1267 2.2159 32.4422 0.2164 0.9994
Car 0.0000 0.0000 0.0000 171.0000 199.0000 360.0000 306.0000 1.4519 1.5748 3.8163 -5.7627 1.9435 12.5206 1.5344 0.9991
Car 0.0000 0.0000 0.0000 439.0000 179.0000 526.0000 252.0000 1.8106 1.7549 4.5810 -3.4667 1.9643 20.4673 1.5491 0.9990
Car 0.0000 0.0000 0.0000 335.0000 195.0000 431.0000 258.0000 1.4350 1.5502 3.7014 -5.9751 2.0426 19.3666 1.5280 0.9989
Car 0.0000 0.0000 0.0000 532.0000 192.0000 561.0000 219.0000 1.5411 1.6353 3.9139 -3.8428 2.6782 45.1156 1.5264 0.9983
Car 0.0000 0.0000 0.0000 1164.0000 174.0000 1557.0000 278.0000 1.4936 1.6579 4.2102 11.6365 1.5285 11.4478 0.1179 0.9982
Car 0.0000 0.0000 0.0000 610.0000 187.0000 675.0000 211.0000 1.4859 1.6494 4.0513 2.1690 2.3394 46.2516 0.0727 0.9978
Car 0.0000 0.0000 0.0000 548.0000 187.0000 572.0000 204.0000 1.5239 1.6251 3.9904 -4.4882 2.6983 65.6887 1.3688 0.9966
Car 0.0000 0.0000 0.0000 -110.0000 208.0000 244.0000 388.0000 1.4384 1.5148 3.4649 -5.7334 1.8968 8.1153 1.5194 0.9964
Car 0.0000 0.0000 0.0000 489.0000 192.0000 543.0000 235.0000 1.4510 1.6299 3.7687 -3.4762 2.1623 27.3682 1.5461 0.9963
Car 0.0000 0.0000 0.0000 602.0000 186.0000 621.0000 203.0000 1.5048 1.6271 3.9487 0.2893 2.6513 68.8531 1.5708 0.9943
Car 0.0000 0.0000 0.0000 387.0000 185.0000 457.0000 231.0000 1.4365 1.5258 3.6459 -6.3940 1.8372 24.9220 1.5561 0.9758
Car 0.0000 0.0000 0.0000 661.0000 180.0000 724.0000 201.0000 1.6012 1.7760 4.9042 6.8258 2.1535 58.7265 0.0009 0.9682
