Car 0.0000 0.0000 0.0000 -262.0000 171.0000 252.0000 356.0000 1.7011 1.6650 4.1456 -6.2693 1.7000 7.5773 0.0686 0.9996
Car 0.0000 0.0000 0.0000 157.0000 170.0000 411.0000 262.0000 1.6209 1.6445 4.1417 -6.1347 1.5864 13.7268 0.1172 0.9994
Car 0.0000 0.0000 0.0000 980.0000 172.0000 1060.0000 209.0000 1.4374 1.5388 3.5046 16.9091 1.3861 29.8174 1.5708 0.9991
Car 0.0000 0.0000 0.0000 241.0000 179.0000 439.0000 251.0000 1.5130 1.5803 3.8684 -6.0106 1.6567 16.2216 0.0926 0.9990
Car 0.0000 0.0000 0.0000 1038.0000 169.0000 1217.0000 234.0000 1.5114 1.6315 4.2699 13.5239 1.4197 19.1740 1.5601 0.9989
Car 0.0000 0.0000 0.0000 17.0000 182.0000 321.0000 293.0000 1.5017 1.5674 3.6682 -6.5045 1.6498 10.7740 0.0886 0.9988
Car 0.0000 0.0000 0.0000 666.0000 177.0000 774.0000 218.0000 1.5070 1.6654 3.9831 4.2083 1.6270 27.7828 0.0887 0.9988
Car 0.0000 0.0000 0.0000 -998.0000 193.0000 42.0000 558.0000 1.5479 1.5850 3.7011 -6.5389 1.7295 5.1023 -0.7963 0.9985
Car 0.0000 0.0000 0.0000 436.0000 175.0000 541.0000 212.0000 1.5726 1.6614 4.3000 -5.2929 1.6251 31.9201 0.0440 0.9979
Car 0.0000 0.0000 0.0000 1146.0000 137.0000 1599.0000 309.0000 2.0971 1.9360 4.8736 11.1769 1.6735 11.2845 1.5708 0.9979
Car 0.0000 0.0000 0.0000 649.0000 171.0000 754.0000 210.0000 1.5762 1.6801 4.3489 3.9779 1.4903 30.9590 0.1470 0.9853
