Car 0.0000 0.0000 0.0000 220.0000 187.0000 446.0000 324.0000 1.5438 1.7089 4.3185 -3.7752 1.7708 10.6183 1.5585 0.9999
Car 0.0000 0.0000 0.0000 640.0000 175.0000 685.0000 211.0000 1.4994 1.6262 3.6854 2.2993 1.5656 31.8559 1.5509 0.9997
Car 0.0000 0.0000 0.0000 405.0000 187.0000 494.0000 251.0000 1.4422 1.5338 3.5320 -4.0209 1.8037 18.4863 1.5562 0.9997
Car 0.0000 0.0000 0.0000 763.0000 169.0000 914.0000 217.0000 1.5751 1.7023 4.6563 7.7942 1.4311 24.8395 0.0375 0.9992
Car 0.0000 0.0000 0.0000 748.0000 164.0000 871.0000 209.0000 1.6141 1.6830 4.3231 7.6783 1.2868 27.9043 0.0769 0.9983
Car 0.0000 0.0000 0.0000 1002.0000 143.0000 1123.0000 181.0000 1.6930 1.7816 4.5352 21.3583 0.2941 34.0075 0.0208 0.9976
Car 0.0000 0.0000 0.0000 -18.0000 199.0000 264.0000 332.0000 1.4542 1.6026 3.7550 -6.7271 1.8847 10.4327 1.5530 0.9964
Car 0.0000 0.0000 0.0000 714.0000 172.0000 812.0000 208.0000 1.6143 1.6934 4.2295 7.2131 1.5506 33.9767 0.0260 0.9952
Car 0.0000 0.0000 0.0000 487.0000 184.0000 521.0000 208.0000 1.4726 1.6255 3.8494 -6.8713 2.1483 47.4966 1.5708 0.9946
Car 0.0000 0.0000 0.0000 455.0000 174.0000 481.0000 194.0000 1.5107 1.6102 3.9093 -11.3089 1.5221 57.8383 1.2730 0.9765
