Car 0.0000 0.0000 0.0000 783.0000 176.0000 964.0000 238.0000 1.4615 1.6080 3.9471 6.4429 1.5305 17.9597 0.1083 0.9995
Car 0.0000 0.0000 0.0000 220.0000 142.0000 466.0000 239.0000 2.1071 1.8108 5.0794 -6.1112 1.4311 16.8065 0.0412 0.9995
Car 0.0000 0.0000 0.0000 695.0000 180.0000 843.0000 281.0000 1.5058 1.6467 4.3466 2.6546 1.6255 13.0841 1.5538 0.9994
Car 0.0000 0.0000 0.0000 -73.0000 181.0000 280.0000 309.0000 1.5274 1.5939 3.7760 -6.6672 1.6367 9.6070 0.1335 0.9994
Car 0.0000 0.0000 0.0000 392.0000 178.0000 510.0000 221.0000 1.5284 1.6090 4.0217 -5.8561 1.6823 26.9167 0.0459 0.9993
Car 0.0000 0.0000 0.0000 200.0000 175.0000 429.0000 258.0000 1.5227 1.5840 3.8995 -5.7859 1.5722 14.2982 0.0603 0.9993
Car 0.0000 0.0000 0.0000 -512.0000 186.0000 54.0000 524.0000 1.5321 1.6374 4.1530 -5.9519 1.6399 4.9869 0.4745 0.9990
Car 0.0000 0.0000 0.0000 -341.0000 181.0000 160.0000 356.0000 1.5614 1.5934 3.7656 -6.9947 1.6569 7.3715 0.0780 0.9989
Car 0.0000 0.0000 0.0000 630.0000 173.0000 653.0000 193.0000 1.5123 1.6477 3.7126 2.5585 1.4748 56.3004 1.5708 0.9979
Car 0.0000 0.0000 0.0000 423.0000 175.0000 528.0000 214.0000 1.6054 1.6595 4.2378 -5.8147 1.6916 31.5867 0.1188 0.9976
Car 0.0000 0.0000 0.0000 365.0000 177.0000 488.0000 223.0000 1.5087 1.5806 3.7885 -6.2797 1.6455 24.8051 0.1875 0.9971
Car 0.0000 0.0000 0.0000 37.0000 175.0000 296.0000 276.0000 1.5477 1.5657 3.3724 -7.2547 1.5863 11.9284 0.0731 0.9961
Car 0.0000 0.0000 0.0000 675.0000 173.0000 746.0000 200.0000 1.5150 1.6348 3.9599 5.8228 1.4787 41.6991 0.0702 0.9955
Car 0.0000 0.0000 0.0000 710.0000 175.0000 810.0000 212.0000 1.4763 1.6159 3.8464 6.1701 1.5319 29.7653 0.0577 0.9951
Car 0.0000 0.0000 0.0000 708.0000 177.0000 801.0000 212.0000 1.4985 1.6121 3.9730 6.4533 1.6754 32.2794 0.1217 0.9947
Car 0.0000 0.0000 0.0000 525.0000 173.0000 550.0000 197.0000 1.5921 1.6471 3.6058 -4.9870 1.5779 50.8370 1.5127 0.9912
Car 0.0000 0.0000 0.0000 741.0000 181.0000 878.0000 234.0000 1.5421 1.6394 3.8407 6.0881 1.7675 22.2510 0.0747 0.9888
