Car 0.0000 0.0000 0.0000 249.0000 182.0000 363.0000 244.0000 1.4541 1.5822 3.4145 -7.8769 1.6864 18.9703 1.5708 0.9996
Car 0.0000 0.0000 0.0000 416.0000 179.0000 493.0000 228.0000 1.4342 1.6369 4.3194 -4.9919 1.6167 23.6870 1.5556 0.9994
Car 0.0000 0.0000 0.0000 572.0000 177.0000 606.0000 209.0000 1.6431 1.7149 3.5713 -1.1247 1.8057 39.0801 1.5136 0.9992
Car 0.0000 0.0000 0.0000 334.0000 182.0000 403.0000 225.0000 1.4553 1.5417 3.4217 -8.9049 1.7755 26.8397 1.5313 0.9991
Car 0.0000 0.0000 0.0000 381.0000 181.0000 416.0000 205.0000 1.4460 1.5901 3.6197 -13.4472 1.8984 46.2018 1.4589 0.9991
Car 0.0000 0.0000 0.0000 162.0000 180.0000 264.0000 230.0000 1.5061 1.6232 3.6445 -12.9692 1.7006 23.7537 1.4789 0.9990
Car 0.0000 0.0000 0.0000 103.0000 180.0000 415.0000 379.0000 1.5935 1.6053 3.6262 -3.3808 1.6727 7.6723 1.5559 0.9987
Car 0.0000 0.0000 0.0000 -73.0000 191.0000 211.0000 316.0000 1.4484 1.5547 3.5525 -7.6239 1.7341 10.5622 1.5543 0.9983
Car 0.0000 0.0000 0.0000 579.0000 175.0000 599.0000 193.0000 1.5552 1.6537 3.6250 -1.8187 1.6657 66.0598 1.4945 0.9975
Car 0.0000 0.0000 0.0000 -36.0000 185.0000 141.0000 261.0000 1.4870 1.6136 3.7670 -12.6434 1.7709 16.6101 1.4280 0.9975
Car 0.0000 0.0000 0.0000 490.0000 156.0000 539.0000 201.0000 2.2144 1.8853 5.5048 -4.8831 1.3420 37.8886 1.5655 0.9967
Car 0.0000 0.0000 0.0000 428.0000 183.0000 477.0000 200.0000 1.4456 1.6275 4.0308 -13.8708 2.3016 64.0892 0.0718 0.9906
Car 0.0000 0.0000 0.0000 408.0000 177.0000 461.0000 208.0000 1.4484 1.5745 3.7175 -8.7918 1.6213 36.5349 1.5708 0.9897
Car 0.0000 0.0000 0.0000 529.0000 180.0000 554.0000 203.0000 1.5064 1.6000 4.0053 -4.5591 1.9275 49.1408 1.5105 0.9629
