Car 0.0000 0.0000 0.0000 153.0000 180.0000 354.0000 276.0000 1.6026 1.6019 3.9027 -6.7870 1.7348 14.1703 -1.4186 0.9996
Car 0.0000 0.0000 0.0000 182.0000 166.0000 407.0000 251.0000 1.8342 1.7433 4.5059 -7.2561 1.6991 16.8165 0.0614 0.9996
Car 0.0000 0.0000 0.0000 739.0000 182.0000 908.0000 244.0000 1.4746 1.6064 3.8848 5.2906 1.7112 18.2525 0.1174 0.9996
Car 0.0000 0.0000 0.0000 730.0000 180.0000 885.0000 237.0000 1.5330 1.6304 3.9735 5.5515 1.7169 20.5476 0.0560 0.9995
Car 0.0000 0.0000 0.0000 632.0000 178.0000 676.0000 214.0000 1.5460 1.6249 3.7248 2.0504 1.7623 33.7504 1.5286 0.9994
Car 0.0000 0.0000 0.0000 379.0000 181.0000 496.0000 221.0000 1.4664 1.6308 4.1204 -6.6515 1.7515 28.0711 0.0410 0.9994
Car 0.0000 0.0000 0.0000 782.0000 184.0000 996.0000 265.0000 1.4783 1.6359 4.0696 5.8161 1.7051 15.4890 0.9791 0.9994
Car 0.0000 0.0000 0.0000 -48.0000 182.0000 305.0000 313.0000 1.5882 1.5921 3.7793 -6.3709 1.7256 9.7139 0.0584 0.9993
Car 0.0000 0.0000 0.0000 889.0000 184.0000 1224.0000 320.0000 1.5102 1.6079 3.8989 6.0044 1.6747 10.2932 1.2352 0.9989
Car 0.0000 0.0000 0.0000 1106.0000 174.0000 2063.0000 438.0000 1.4805 1.6374 4.1294 6.1191 1.5121 5.0312 0.0875 0.9988
Car 0.0000 0.0000 0.0000 976.0000 178.0000 1509.0000 347.0000 1.4994 1.6385 3.8615 6.1207 1.5619 7.4359 0.1279 0.9988
Car 0.0000 0.0000 0.0000 -278.0000 183.0000 221.0000 356.0000 1.5415 1.6046 3.8915 -6.3883 1.6570 7.4006 0.0828 0.9985
Car 0.0000 0.0000 0.0000 408.0000 180.0000 506.0000 218.0000 1.5720 1.6027 3.7568 -6.4337 1.8282 30.6699 0.0811 0.9983
Car 0.0000 0.0000 0.0000 -750.0000 202.0000 -76.0000 530.0000 1.5119 1.6173 3.8707 -6.8803 1.7296 4.8418 0.3363 0.9942
Car 0.0000 0.0000 0.0000 618.0000 176.0000 648.0000 200.0000 1.5334 1.6152 3.6528 1.6258 1.6783 49.0377 1.4852 0.9804
