Car 0.0000 0.0000 0.0000 343.0000 179.0000 416.0000 224.0000 1.4742 1.5573 3.7229 -8.2341 1.6759 26.0712 1.5405 0.9997
Car 0.0000 0.0000 0.0000 0.0000 188.0000 263.0000 278.0000 1.5103 1.5965 3.9411 -9.0692 1.8227 13.9125 -0.1988 0.9986
Car 0.0000 0.0000 0.0000 637.0000 171.0000 655.0000 188.0000 1.4917 1.6305 3.7448 3.5399 1.2431 67.4080 1.5708 0.9986
Car 0.0000 0.0000 0.0000 318.0000 178.0000 384.0000 214.0000 1.4993 1.5984 3.8590 -11.5185 1.6848 32.3230 1.5571 0.9984
Car 0.0000 0.0000 0.0000 545.0000 176.0000 567.0000 196.0000 1.5016 1.6224 3.6970 -4.2408 1.6839 58.0054 1.5349 0.9983
Car 0.0000 0.0000 0.0000 650.0000 173.0000 676.0000 194.0000 1.4925 1.6384 3.7949 4.0432 1.4309 52.8601 -1.4231 0.9980
Car 0.0000 0.0000 0.0000 -1070.0000 207.0000 -123.0000 469.0000 1.4415 1.5922 3.7512 -9.0532 1.7948 6.0075 -0.5291 0.9975
Car 0.0000 0.0000 0.0000 -5440.0000 227.0000 -449.0000 1309.0000 1.4461 1.6539 4.1841 -8.6085 1.8168 3.0998 -0.6752 0.9944
Car 0.0000 0.0000 0.0000 419.0000 174.0000 463.0000 206.0000 1.5261 1.6033 4.0940 -8.4398 1.5363 36.4391 1.4819 0.9918
Car 0.0000 0.0000 0.0000 438.0000 175.0000 486.0000 201.0000 1.4677 1.5627 3.5507 -8.9038 1.5687 43.8549 -1.3581 0.9885
Car 0.0000 0.0000 0.0000 1640.0000 108.0000 2440.0000 307.0000 1.6732 1.6775 4.2857 13.4773 1.1352 7.0403 0.0245 0.9881
Car 0.0000 0.0000 0.0000 1229.0000 148.0000 1598.0000 259.0000 1.6361 1.6254 4.1274 13.7540 1.2692 12.7656 1.4189 0.9875
Car 0.0000 0.0000 0.0000 -148.0000 195.0000 170.0000 309.0000 1.4384 1.5704 3.6867 -9.1322 1.8252 11.3682 -0.5477 0.9870
Car 0.0000 0.0000 0.0000 375.0000 177.0000 441.0000 216.0000 1.5499 1.6710 4.2031 -8.5121 1.7007 30.8109 1.5702 0.9851
Car 0.0000 0.0000 0.0000 1381.0000 136.0000 1877.0000 271.0000 1.6664 1.6596 4.2360 13.7139 1.2263 9.9244 0.0518 0.9829
Car 0.0000 0.0000 0.0000 675.0000 166.0000 696.0000 186.0000 1.8561 1.7706 4.4327 7.4546 1.1182 70.0272 1.5708 0.9814
