Car 0.0000 0.0000 0.0000 829.0000 188.0000 1124.0000 350.0000 1.4386 1.5571 3.7006 3.9289 1.6355 8.5059 1.5623 0.9999
Car 0.0000 0.0000 0.0000 588.0000 174.0000 645.0000 229.0000 1.5664 1.6227 3.4679 0.2452 1.5861 22.5869 1.5708 0.9999
Car 0.0000 0.0000 0.0000 757.0000 159.0000 914.0000 268.0000 1.7916 1.7023 3.9833 4.1222 1.5629 13.8635 1.5604 0.9998
Car 0.0000 0.0000 0.0000 1074.0000 195.0000 3014.0000 980.0000 1.4901 1.5537 3.6679 4.0965 1.6331 3.3009 1.5482 0.9997
Car 0.0000 0.0000 0.0000 63.0000 173.0000 375.0000 371.0000 1.5801 1.5907 3.5807 -4.2092 1.5950 7.4832 0.6786 0.9990
Car 0.0000 0.0000 0.0000 -106.0000 180.0000 210.0000 297.0000 1.4661 1.5653 3.6513 -8.1968 1.5633 10.9812 -1.3407 0.9989
Car 0.0000 0.0000 0.0000 316.0000 182.0000 462.0000 259.0000 1.4537 1.5581 3.6346 -4.8788 1.6352 15.5921 0.8121 0.9985
Car 0.0000 0.0000 0.0000 444.0000 170.0000 539.0000 220.0000 1.7004 1.7157 4.2719 -4.4315 1.5886 26.4901 0.9509 0.9967
Car 0.0000 0.0000 0.0000 739.0000 176.0000 784.0000 205.0000 1.6003 1.6920 3.7949 8.6026 1.7068 40.8244 1.5589 0.9918
Car 0.0000 0.0000 0.0000 252.0000 181.0000 349.0000 241.0000 1.4448 1.5315 3.6714 -8.2458 1.6447 19.4850 1.4197 0.9890
Car 0.0000 0.0000 0.0000 814.0000 176.0000 938.0000 221.0000 1.5181 1.6101 3.8904 9.3890 1.6141 25.6370 0.1766 0.9870
Car 0.0000 0.0000 0.0000 -1211.0000 175.0000 -102.0000 492.0000 1.5192 1.5920 3.7929 -8.0941 1.5485 5.3829 1.5708 0.9862
Car 0.0000 0.0000 0.0000 359.0000 153.0000 391.0000 177.0000 1.4548 1.6098 3.7207 -15.1347 0.1868 46.7112 1.3448 0.9769
Car 0.0000 0.0000 0.0000 117.0000 178.0000 289.0000 261.0000 1.5462 1.5879 3.7505 -8.5384 1.6513 15.4670 1.5689 0.9734
