Car 0.0000 0.0000 0.0000 354.0000 177.0000 465.0000 222.0000 1.5023 1.5488 3.3775 -6.8909 1.6106 24.9647 0.0589 0.9997
Car 0.0000 0.0000 0.0000 -65.0000 181.0000 362.0000 318.0000 1.5631 1.6816 4.5229 -5.8729 1.6808 9.6323 -0.1416 0.9995
Car 0.0000 0.0000 0.0000 700.0000 183.0000 808.0000 259.0000 1.4079 1.5287 3.7909 2.9805 1.6215 15.5993 1.5646 0.9994
Car 0.0000 0.0000 0.0000 -934.0000 181.0000 52.0000 487.0000 1.5696 1.6445 4.1571 -6.3001 1.6391 4.6168 0.0476 0.9987
Car 0.0000 0.0000 0.0000 370.0000 175.0000 495.0000 221.0000 1.6603 1.6815 4.3361 -6.7254 1.7245 27.5746 0.0831 0.9985
Car 0.0000 0.0000 0.0000 460.0000 155.0000 558.0000 201.0000 2.8367 2.0392 6.1427 -6.4966 1.6820 47.3207 0.0472 0.9978
Car 0.0000 0.0000 0.0000 657.0000 142.0000 732.0000 218.0000 2.4136 1.9714 5.9149 2.9259 1.4044 26.0166 1.5655 0.9973
Car 0.0000 0.0000 0.0000 734.0000 37.0000 1126.0000 369.0000 2.5863 2.0237 6.1494 3.0094 1.5434 8.7016 1.5708 0.9969
Car 0.0000 0.0000 0.0000 94.0000 185.0000 367.0000 293.0000 1.5330 1.5791 3.7818 -6.0626 1.7373 11.9145 -0.3420 0.9965
Car 0.0000 0.0000 0.0000 639.0000 179.0000 671.0000 206.0000 1.5307 1.6439 3.7569 2.7151 1.8280 43.2502 1.5626 0.9957
Car 0.0000 0.0000 0.0000 493.0000 180.0000 558.0000 205.0000 1.4519 1.5690 3.7691 -5.1760 1.8598 44.7684 -0.3274 0.9953
Car 0.0000 0.0000 0.0000 409.0000 181.0000 511.0000 219.0000 1.5397 1.6033 3.7856 -6.1417 1.8308 29.8219 0.1427 0.9774
