Car 0.0000 0.0000 0.0000 559.0000 180.0000 616.0000 234.0000 1.5637 1.6511 3.3505 -0.7199 1.7563 22.7952 1.5355 0.9999
Car 0.0000 0.0000 0.0000 726.0000 176.0000 908.0000 311.0000 1.5876 1.5912 3.3343 2.7057 1.6289 10.2134 1.5690 0.9998
Car 0.0000 0.0000 0.0000 521.0000 178.0000 559.0000 208.0000 1.4743 1.5940 3.5049 -3.4845 1.6697 36.6972 1.5681 0.9997
Car 0.0000 0.0000 0.0000 810.0000 190.0000 1735.0000 711.0000 1.4984 1.6033 4.0158 2.5587 1.6292 4.2029 1.5411 0.9997
Car 0.0000 0.0000 0.0000 637.0000 179.0000 686.0000 221.0000 1.5325 1.5921 3.3443 1.9768 1.7379 28.1458 1.5508 0.9996
Car 0.0000 0.0000 0.0000 -560.0000 199.0000 389.0000 775.0000 1.4758 1.5686 3.5841 -2.5212 1.6635 3.7836 1.5591 0.9996
Car 0.0000 0.0000 0.0000 -112.0000 189.0000 82.0000 257.0000 1.4593 1.6216 3.8051 -15.4818 1.8697 18.0990 1.5636 0.9993
Car 0.0000 0.0000 0.0000 263.0000 185.0000 473.0000 338.0000 1.4682 1.5822 3.6418 -2.7641 1.6206 8.9381 1.5109 0.9991
Car 0.0000 0.0000 0.0000 387.0000 178.0000 507.0000 267.0000 1.4678 1.5512 3.3417 -2.9960 1.5629 13.7811 1.5618 0.9991
Car 0.0000 0.0000 0.0000 148.0000 185.0000 238.0000 227.0000 1.4470 1.5423 3.3245 -15.7242 1.8816 27.3592 1.5416 0.9989
Car 0.0000 0.0000 0.0000 -396.0000 194.0000 10.0000 468.0000 1.5288 1.5822 3.5016 -6.3081 1.7365 6.0868 0.9481 0.9988
Car 0.0000 0.0000 0.0000 460.0000 175.0000 496.0000 206.0000 1.5275 1.6105 3.7173 -6.9111 1.5914 37.7611 1.3162 0.9974
Car 0.0000 0.0000 0.0000 607.0000 176.0000 635.0000 198.0000 1.5116 1.6256 3.9003 0.8410 1.6832 52.0215 1.4863 0.9953
Car 0.0000 0.0000 0.0000 483.0000 177.0000 521.0000 202.0000 1.5975 1.6811 4.0681 -7.1355 1.7865 47.9467 1.2106 0.9937
Car 0.0000 0.0000 0.0000 275.0000 186.0000 360.0000 264.0000 1.4873 1.5764 3.5818 -6.5436 1.7851 16.1885 1.1983 0.9794
