Car 0.0000 0.0000 0.0000 523.0000 183.0000 564.0000 217.0000 1.4831 1.6058 3.7584 -2.9781 1.8912 33.2607 1.5489 0.9997
Car 0.0000 0.0000 0.0000 729.0000 182.0000 878.0000 286.0000 1.4785 1.5546 3.4737 3.0960 1.6298 12.2264 1.5665 0.9997
Car 0.0000 0.0000 0.0000 688.0000 178.0000 784.0000 252.0000 1.5256 1.5519 3.5084 2.8116 1.6224 16.7239 1.5547 0.9994
Car 0.0000 0.0000 0.0000 401.0000 186.0000 464.0000 208.0000 1.4626 1.6236 3.9346 -12.2665 2.3178 50.2942 0.0505 0.9986
Car 0.0000 0.0000 0.0000 -52763.0000 -27943.0000 143758.0000 59364.0000 1.4688 1.5824 3.9564 2.8517 1.5858 1.9630 1.5331 0.9985
Car 0.0000 0.0000 0.0000 597.0000 180.0000 621.0000 202.0000 1.5142 1.6176 3.7955 0.0500 1.9588 51.3328 1.5708 0.9935
Car 0.0000 0.0000 0.0000 316.0000 184.0000 383.0000 206.0000 1.4631 1.6267 4.0888 -18.1404 2.1569 50.3622 0.0722 0.9933
Car 0.0000 0.0000 0.0000 654.0000 179.0000 707.0000 217.0000 1.5011 1.5899 3.9262 2.9393 1.7193 30.4060 1.5114 0.9920
Car 0.0000 0.0000 0.0000 677.0000 173.0000 748.0000 232.0000 1.5568 1.5586 3.3037 2.8871 1.5566 20.7973 1.5701 0.9915
Car 0.0000 0.0000 0.0000 635.0000 177.0000 668.0000 202.0000 1.5121 1.6251 3.8248 2.6449 1.7290 45.6112 1.5061 0.9897
Car 0.0000 0.0000 0.0000 644.0000 177.0000 689.0000 210.0000 1.5310 1.6180 3.9106 2.7632 1.6827 35.4759 1.4997 0.9868
