Car 0.0000 0.0000 0.0000 134.0000 191.0000 356.0000 311.0000 1.4344 1.5615 3.6670 -5.2564 1.7229 10.8733 1.5499 0.9998
Car 0.0000 0.0000 0.0000 654.0000 173.0000 689.0000 206.0000 1.5760 1.6780 3.5676 3.2282 1.5628 36.8258 -1.4628 0.9997
Car 0.0000 0.0000 0.0000 1232.0000 122.0000 1458.0000 187.0000 1.6559 1.6968 4.4297 19.9349 0.3283 19.6495 -0.0089 0.9991
Car 0.0000 0.0000 0.0000 0.0000 191.0000 218.0000 284.0000 1.4569 1.6138 4.1401 -9.4354 1.8241 13.9793 1.4933 0.9991
Car 0.0000 0.0000 0.0000 618.0000 170.0000 652.0000 196.0000 1.5649 1.6640 3.6454 1.6627 1.3487 45.2378 -1.4057 0.9987
Car 0.0000 0.0000 0.0000 187.0000 187.0000 326.0000 243.0000 1.4189 1.5592 3.7860 -10.1424 1.8350 20.9761 -1.3361 0.9971
Car 0.0000 0.0000 0.0000 -562.0000 195.0000 -107.0000 340.0000 1.4634 1.5660 3.7600 -12.2004 1.7953 9.7371 1.4150 0.9941
Car 0.0000 0.0000 0.0000 -499.0000 199.0000 36.0000 384.0000 1.4900 1.6615 4.1607 -9.1079 1.8486 8.4340 1.4784 0.9938
Car 0.0000 0.0000 0.0000 672.0000 173.0000 702.0000 197.0000 1.5283 1.6492 3.9391 5.1516 1.4627 47.9211 1.5708 0.9935
Car 0.0000 0.0000 0.0000 1170.0000 145.0000 1305.0000 202.0000 1.6005 1.6412 4.0341 19.3147 0.7965 22.3733 -1.2689 0.9898
