Car 0.0000 0.0000 0.0000 410.0000 183.0000 498.0000 244.0000 1.4932 1.6003 3.8111 -4.1915 1.7509 19.9184 1.5705 0.9997
Car 0.0000 0.0000 0.0000 975.0000 128.0000 1255.0000 203.0000 1.5053 1.6874 4.8305 10.9190 0.5869 15.8709 0.1021 0.9997
Car 0.0000 0.0000 0.0000 -34.0000 194.0000 340.0000 387.0000 1.4525 1.5921 4.0187 -4.4681 1.7217 7.8056 1.5495 0.9997
Car 0.0000 0.0000 0.0000 298.0000 184.0000 457.0000 280.0000 1.5312 1.6585 4.4441 -4.3219 1.7587 14.1016 1.5708 0.9996
Car 0.0000 0.0000 0.0000 635.0000 175.0000 670.0000 206.0000 1.5198 1.6342 3.5093 2.2749 1.5774 36.9424 -1.4755 0.9995
Car 0.0000 0.0000 0.0000 1334.0000 124.0000 1514.0000 185.0000 1.8598 1.7479 4.1255 27.5627 0.3348 24.5835 -1.4488 0.9995
Car 0.0000 0.0000 0.0000 463.0000 178.0000 530.0000 225.0000 1.5537 1.6198 3.7099 -4.0206 1.7123 26.1547 1.5708 0.9994
Car 0.0000 0.0000 0.0000 712.0000 171.0000 783.0000 221.0000 1.5892 1.6492 4.0696 4.7694 1.5226 25.3785 1.5573 0.9994
Car 0.0000 0.0000 0.0000 1219.0000 141.0000 1362.0000 190.0000 1.5513 1.6627 3.8050 23.5456 0.5266 25.0829 -1.4396 0.9983
Car 0.0000 0.0000 0.0000 505.0000 182.0000 549.0000 218.0000 1.4726 1.5818 3.9232 -3.6688 1.8581 32.5905 1.5573 0.9966
Car 0.0000 0.0000 0.0000 1156.0000 134.0000 1291.0000 185.0000 1.6128 1.5891 3.5758 20.9010 0.3566 24.6842 1.5708 0.9963
Car 0.0000 0.0000 0.0000 521.0000 181.0000 560.0000 212.0000 1.4840 1.6142 3.9047 -3.4732 1.8559 37.2415 1.5708 0.9905
Car 0.0000 0.0000 0.0000 682.0000 174.0000 709.0000 200.0000 1.5547 1.6126 3.8145 5.4116 1.5748 45.4316 -1.4688 0.9885
Car 0.0000 0.0000 0.0000 872.0000 140.0000 1018.0000 189.0000 1.8781 1.8055 5.0625 13.5704 0.5615 29.2385 -0.0275 0.9680
