Car 0.0000 0.0000 0.0000 587.0000 172.0000 638.0000 222.0000 1.6377 1.6706 3.5861 0.0574 1.6076 26.0716 1.5296 0.9998
Car 0.0000 0.0000 0.0000 307.0000 186.0000 411.0000 245.0000 1.4631 1.6094 3.8854 -6.9619 1.8259 20.3426 1.5641 0.9998
Car 0.0000 0.0000 0.0000 378.0000 174.0000 434.0000 210.0000 1.7864 1.8234 4.4717 -10.9494 1.8306 39.1140 1.5637 0.9993
Car 0.0000 0.0000 0.0000 781.0000 182.0000 994.0000 299.0000 1.4988 1.6071 3.9270 4.5179 1.6563 11.4591 -0.7562 0.9982
Car 0.0000 0.0000 0.0000 654.0000 165.0000 742.0000 204.0000 1.6623 1.7296 4.3410 4.1067 1.2906 32.8134 -0.8113 0.9974
Car 0.0000 0.0000 0.0000 447.0000 178.0000 478.0000 200.0000 1.5032 1.6062 3.7844 -10.5596 1.8365 52.1924 1.5160 0.9947
Car 0.0000 0.0000 0.0000 692.0000 173.0000 844.0000 240.0000 1.5276 1.6596 4.1229 4.1291 1.5056 18.4454 -0.7092 0.9943
Car 0.0000 0.0000 0.0000 -2086.0000 -1003.0000 15267.0000 9809.0000 1.4805 1.6232 3.7855 4.3221 1.6262 0.9431 -0.8167 0.9904
Car 0.0000 0.0000 0.0000 418.0000 177.0000 458.0000 202.0000 1.5215 1.6174 4.0496 -10.7377 1.6968 45.5559 1.5613 0.9897
Car 0.0000 0.0000 0.0000 694.0000 176.0000 809.0000 229.0000 1.4836 1.6191 3.8872 4.4257 1.5507 22.0525 -0.8111 0.9884
Car 0.0000 0.0000 0.0000 691.0000 171.0000 811.0000 217.0000 1.6002 1.6696 4.0616 5.0588 1.5090 26.1314 0.0575 0.9869
Car 0.0000 0.0000 0.0000 649.0000 167.0000 682.0000 195.0000 1.5089 1.6142 3.7718 3.1635 1.1471 40.8634 1.5708 0.9848
Car 0.0000 0.0000 0.0000 485.0000 178.0000 508.0000 195.0000 1.5626 1.6615 3.7569 -10.5930 1.9184 68.4147 1.5534 0.9842
Car 0.0000 0.0000 0.0000 844.0000 169.0000 915.0000 197.0000 1.9276 1.7564 4.3281 19.1392 1.5824 51.0266 0.0017 0.9738
