Car 0.0000 0.0000 0.0000 879.0000 174.0000 1720.0000 595.0000 1.5290 1.6194 3.8951 3.2072 1.5531 4.5779 1.5708 0.9998
Car 0.0000 0.0000 0.0000 660.0000 177.0000 713.0000 216.0000 1.4360 1.5552 3.4808 3.0151 1.5627 28.7920 1.5218 0.9998
Car 0.0000 0.0000 0.0000 98.0000 194.0000 329.0000 316.0000 1.4543 1.5487 3.5360 -5.7195 1.7990 10.8468 1.5688 0.9997
Car 0.0000 0.0000 0.0000 689.0000 177.0000 773.0000 237.0000 1.4891 1.5698 3.8326 3.2883 1.5917 20.1665 1.5369 0.9995
Car 0.0000 0.0000 0.0000 344.0000 185.0000 456.0000 246.0000 1.4604 1.6204 4.2084 -5.6670 1.7968 19.9646 1.5708 0.9995
Car 0.0000 0.0000 0.0000 727.0000 180.0000 856.0000 266.0000 1.4786 1.5754 3.8760 3.4918 1.6195 14.5856 1.5587 0.9994
Car 0.0000 0.0000 0.0000 470.0000 176.0000 511.0000 209.0000 1.4808 1.6073 3.7100 -5.7079 1.5990 35.0199 1.5040 0.9987
Car 0.0000 0.0000 0.0000 -335103.0000 -39901.0000 5865.0000 9226.0000 1.5377 1.5915 3.8420 8.0386 1.3572 0.6731 0.0488 0.9941
Car 0.0000 0.0000 0.0000 -864.0000 206.0000 131.0000 596.0000 1.5525 1.7137 4.0169 -5.6908 1.8673 5.1758 1.5708 0.9933
Car 0.0000 0.0000 0.0000 1180.0000 -8.0000 1967.0000 269.0000 1.9504 1.8139 4.5971 8.6039 0.6777 7.3711 1.5484 0.9931
Car 0.0000 0.0000 0.0000 639.0000 179.0000 659.0000 195.0000 1.4772 1.6354 3.7796 3.8692 1.9302 69.2565 1.5461 0.9717
Car 0.0000 0.0000 0.0000 -945.0000 159.0000 -383.0000 334.0000 1.8879 1.7157 4.5278 -15.4058 1.7527 8.8121 0.1014 0.9616
