Car 0.0000 0.0000 0.0000 579.0000 179.0000 632.0000 229.0000 1.5508 1.6572 3.3632 -0.0923 1.7423 24.2462 1.5708 0.9998
Car 0.0000 0.0000 0.0000 646.0000 153.0000 701.0000 204.0000 2.3148 1.9186 5.5130 3.0680 1.3952 35.5227 1.5171 0.9987
Car 0.0000 0.0000 0.0000 24.0000 181.0000 333.0000 344.0000 1.4895 1.5804 3.7105 -5.0704 1.5891 8.2747 0.5758 0.9984
Car 0.0000 0.0000 0.0000 583.0000 176.0000 618.0000 209.0000 1.5686 1.6625 3.7195 -0.4221 1.6986 37.0689 1.5708 0.9956
Car 0.0000 0.0000 0.0000 -3.0000 178.0000 231.0000 274.0000 1.4682 1.5932 3.9097 -8.7723 1.5552 13.1437 1.5708 0.9951
Car 0.0000 0.0000 0.0000 339.0000 178.0000 492.0000 247.0000 1.5834 1.5802 3.4294 -4.8601 1.7032 17.9715 0.4055 0.9936
Car 0.0000 0.0000 0.0000 635.0000 178.0000 655.0000 197.0000 1.4899 1.6073 3.8088 3.0618 1.8563 59.8060 1.5708 0.9914
Car 0.0000 0.0000 0.0000 194.0000 156.0000 447.0000 299.0000 1.8485 1.7407 4.3671 -4.6977 1.6456 11.3272 0.6725 0.9878
Car 0.0000 0.0000 0.0000 448.0000 176.0000 539.0000 216.0000 1.6862 1.6279 3.8753 -5.1976 1.8094 32.2680 0.5442 0.9844
Car 0.0000 0.0000 0.0000 395.0000 164.0000 488.0000 230.0000 1.7847 1.6754 3.9077 -5.1335 1.5372 21.6057 1.0502 0.9836
Car 0.0000 0.0000 0.0000 -1292.0000 -4528.0000 7435.0000 3242.0000 2.2541 1.9377 5.3785 -4.4093 1.4454 1.1843 0.8586 0.9750
Car 0.0000 0.0000 0.0000 421.0000 154.0000 460.0000 183.0000 1.5312 1.5943 3.6796 -9.3478 0.4605 40.1666 1.4821 0.9653
