Car 0.0000 0.0000 0.0000 710.0000 172.0000 826.0000 267.0000 1.6496 1.6394 3.3754 2.9896 1.6304 14.2946 1.5708 0.9998
Car 0.0000 0.0000 0.0000 294.0000 191.0000 458.0000 302.0000 1.4470 1.5246 3.3710 -3.5850 1.7606 11.5509 1.5708 0.9998
Car 0.0000 0.0000 0.0000 526.0000 175.0000 553.0000 201.0000 1.4764 1.5997 3.6862 -4.3051 1.5827 44.7221 1.4697 0.9996
Car 0.0000 0.0000 0.0000 456.0000 168.0000 528.0000 230.0000 1.7790 1.6945 4.0896 -3.6231 1.6285 22.8954 1.5513 0.9993
Car 0.0000 0.0000 0.0000 -396.0000 197.0000 355.0000 630.0000 1.6198 1.7023 4.1093 -3.3154 1.8370 4.9693 1.5348 0.9993
Car 0.0000 0.0000 0.0000 782.0000 183.0000 1042.0000 335.0000 1.4796 1.6016 3.9395 3.4642 1.6090 9.1591 1.5609 0.9993
Car 0.0000 0.0000 0.0000 926.0000 192.0000 1981.0000 693.0000 1.5146 1.6001 3.9244 3.5604 1.6669 4.2812 1.5445 0.9990
Car 0.0000 0.0000 0.0000 649.0000 177.0000 703.0000 220.0000 1.4763 1.6049 4.1289 2.4418 1.6125 27.1280 1.5708 0.9988
Car 0.0000 0.0000 0.0000 647.0000 175.0000 690.0000 212.0000 1.5472 1.5788 3.4020 2.6237 1.6018 32.3949 1.5426 0.9978
Car 0.0000 0.0000 0.0000 619.0000 175.0000 658.0000 200.0000 1.4809 1.5762 3.7596 1.7526 1.5372 43.5808 1.3822 0.9956
Car 0.0000 0.0000 0.0000 633.0000 175.0000 674.0000 205.0000 1.5173 1.5867 3.7297 2.3619 1.6145 39.0926 1.4576 0.9808
Car 0.0000 0.0000 0.0000 679.0000 165.0000 725.0000 183.0000 1.5428 1.6645 4.0228 8.5675 0.7669 66.2697 0.0308 0.9671
