Car 0.0000 0.0000 0.0000 522.0000 172.0000 742.0000 385.0000 1.5727 1.6247 3.3331 0.1591 1.5801 7.0268 1.5708 0.9997
Car 0.0000 0.0000 0.0000 940.0000 178.0000 1081.0000 220.0000 1.5322 1.6888 4.4098 15.2662 1.6936 27.5636 0.0535 0.9994
Car 0.0000 0.0000 0.0000 426.0000 182.0000 458.0000 204.0000 1.5492 1.6710 4.0294 -12.3561 2.1287 53.5837 1.5233 0.9993
Car 0.0000 0.0000 0.0000 576.0000 179.0000 750.0000 240.0000 1.4729 1.6557 4.3240 1.3849 1.6357 18.7966 0.0996 0.9993
Car 0.0000 0.0000 0.0000 156.0000 188.0000 324.0000 243.0000 1.4512 1.6242 4.0484 -10.4365 1.8727 20.4141 0.1438 0.9990
Car 0.0000 0.0000 0.0000 1151.0000 173.0000 1276.0000 207.0000 1.4901 1.6352 4.1393 27.3088 1.4573 32.6260 0.0890 0.9990
Car 0.0000 0.0000 0.0000 375.0000 184.0000 417.0000 207.0000 1.5127 1.7702 4.3927 -15.5697 2.3024 52.8826 1.5708 0.9983
Car 0.0000 0.0000 0.0000 1408.0000 165.0000 1659.0000 224.0000 1.5335 1.6675 4.4130 25.4065 1.3247 19.9400 0.0989 0.9981
Car 0.0000 0.0000 0.0000 330.0000 185.0000 371.0000 207.0000 1.5266 1.6841 3.8183 -18.7136 2.3209 52.3595 1.5543 0.9963
Car 0.0000 0.0000 0.0000 365.0000 182.0000 396.0000 201.0000 1.4955 1.6166 3.8797 -18.6644 2.1387 59.0356 1.4883 0.9891
