Car 0.0000 0.0000 0.0000 477.0000 179.0000 559.0000 241.0000 1.4591 1.6067 3.7147 -2.3081 1.5947 18.8511 1.5708 0.9998
Car 0.0000 0.0000 0.0000 587.0000 172.0000 645.0000 227.0000 1.5671 1.6508 3.6897 0.2482 1.5194 22.3770 1.5708 0.9997
Car 0.0000 0.0000 0.0000 638.0000 173.0000 671.0000 200.0000 1.5338 1.6385 3.7162 2.6893 1.4861 43.3730 1.5464 0.9996
Car 0.0000 0.0000 0.0000 701.0000 172.0000 822.0000 261.0000 1.5482 1.5657 3.5685 2.8750 1.5329 14.4038 1.5425 0.9996
Car 0.0000 0.0000 0.0000 -258.0000 195.0000 83.0000 328.0000 1.4344 1.5363 3.4114 -9.3185 1.7713 10.0016 1.5290 0.9995
Car 0.0000 0.0000 0.0000 561.0000 168.0000 586.0000 191.0000 1.5397 1.6662 3.7981 -2.5016 1.1563 52.0584 1.5694 0.9994
Car 0.0000 0.0000 0.0000 777.0000 19.0000 1354.0000 440.0000 2.3182 1.9345 5.4537 3.1280 1.4889 6.7141 1.5708 0.9993
Car 0.0000 0.0000 0.0000 670.0000 175.0000 727.0000 221.0000 1.5020 1.5758 3.5789 3.0657 1.5492 25.3163 1.5708 0.9993
Car 0.0000 0.0000 0.0000 357.0000 177.0000 457.0000 235.0000 1.5526 1.6199 3.8021 -6.1059 1.6714 21.3822 0.9371 0.9990
Car 0.0000 0.0000 0.0000 113.0000 177.0000 336.0000 304.0000 1.5160 1.5740 3.4463 -5.6333 1.5810 10.3428 0.6691 0.9989
Car 0.0000 0.0000 0.0000 509.0000 171.0000 568.0000 220.0000 1.4781 1.6068 3.7093 -2.3232 1.4188 24.1810 1.5708 0.9989
Car 0.0000 0.0000 0.0000 222.0000 184.0000 414.0000 279.0000 1.5098 1.5749 3.6941 -5.4758 1.7134 13.3073 0.6358 0.9988
Car 0.0000 0.0000 0.0000 678.0000 179.0000 759.0000 240.0000 1.4335 1.5191 3.6793 2.7910 1.5812 19.1221 1.5543 0.9988
Car 0.0000 0.0000 0.0000 520.0000 170.0000 566.0000 210.0000 1.4954 1.5684 3.5908 -2.6052 1.3474 28.9251 1.5647 0.9947
Car 0.0000 0.0000 0.0000 450.0000 177.0000 514.0000 216.0000 1.5416 1.6228 3.8285 -5.5708 1.7066 31.1779 1.0866 0.9916
Car 0.0000 0.0000 0.0000 51.0000 145.0000 268.0000 255.0000 1.9100 1.7439 4.4850 -9.0227 1.4301 14.9332 1.5580 0.9903
Car 0.0000 0.0000 0.0000 256.0000 178.0000 326.0000 211.0000 1.4613 1.5578 3.6960 -14.7355 1.6474 33.5020 1.5708 0.9849
Car 0.0000 0.0000 0.0000 -90.0000 185.0000 116.0000 267.0000 1.4672 1.5643 3.7860 -12.3288 1.7139 15.1749 1.4518 0.9777
