Car 0.0000 0.0000 0.0000 654.0000 177.0000 702.0000 217.0000 1.6710 1.7147 3.4493 3.0301 1.8084 32.1275 1.5540 0.9998
Car 0.0000 0.0000 0.0000 713.0000 186.0000 872.0000 287.0000 1.4439 1.6097 4.3511 3.0299 1.6956 12.9620 1.5393 0.9997
Car 0.0000 0.0000 0.0000 -120.0000 187.0000 285.0000 331.0000 1.5134 1.5688 3.7231 -6.0982 1.6976 8.5293 0.0452 0.9995
Car 0.0000 0.0000 0.0000 -127998.0000 -35318.0000 1225.0000 454.0000 1.4495 1.6018 4.2300 2.8030 1.5866 2.0530 1.5380 0.9992
Car 0.0000 0.0000 0.0000 -444.0000 187.0000 219.0000 411.0000 1.5211 1.6226 4.0663 -5.7045 1.6610 5.9324 0.0794 0.9991
Car 0.0000 0.0000 0.0000 380.0000 179.0000 498.0000 225.0000 1.6349 1.6528 4.0356 -6.3698 1.8415 27.1468 0.0711 0.9985
Car 0.0000 0.0000 0.0000 14.0000 172.0000 316.0000 291.0000 1.6471 1.5842 3.6491 -6.6201 1.6492 10.8844 0.0765 0.9983
Car 0.0000 0.0000 0.0000 447.0000 166.0000 541.0000 204.0000 1.9290 1.7633 4.7714 -6.1976 1.5600 39.0930 0.0695 0.9978
Car 0.0000 0.0000 0.0000 405.0000 181.0000 517.0000 221.0000 1.5379 1.6800 4.1614 -6.0279 1.8624 29.4591 0.0960 0.9932
Car 0.0000 0.0000 0.0000 429.0000 182.0000 519.0000 218.0000 1.5531 1.5880 3.5985 -5.9399 1.9175 31.8554 0.1445 0.9919
Car 0.0000 0.0000 0.0000 641.0000 176.0000 677.0000 203.0000 1.5168 1.5907 3.7180 2.9739 1.6741 43.3666 1.4748 0.9857
Car 0.0000 0.0000 0.0000 445.0000 179.0000 527.0000 211.0000 1.5721 1.6329 3.8713 -6.2838 1.8363 36.9912 0.0469 0.9728
Car 0.0000 0.0000 0.0000 767.0000 183.0000 793.0000 202.0000 1.4836 1.6046 3.8705 14.0338 2.2022 59.1857 -1.4590 0.9717
Car 0.0000 0.0000 0.0000 498.0000 164.0000 533.0000 193.0000 1.5863 1.6677 3.8153 -5.4540 1.0472 42.4764 1.5518 0.9642
