Car 0.0000 0.0000 0.0000 556.0000 173.0000 623.0000 240.0000 1.6742 1.6583 3.3146 -0.4953 1.6751 19.7972 1.5708 0.9999
Car 0.0000 0.0000 0.0000 388.0000 177.0000 506.0000 259.0000 1.5119 1.6407 4.0460 -3.3442 1.5896 15.4270 1.5600 0.9998
Car 0.0000 0.0000 0.0000 252.0000 177.0000 369.0000 238.0000 1.4401 1.5986 3.7488 -7.8780 1.5423 19.2942 1.5607 0.9997
Car 0.0000 0.0000 0.0000 180.0000 187.0000 443.0000 349.0000 1.4397 1.5753 3.9166 -3.2479 1.6243 8.6237 1.5553 0.9996
Car 0.0000 0.0000 0.0000 513.0000 175.0000 555.0000 210.0000 1.4900 1.6266 3.9037 -3.3411 1.5428 32.6576 1.5374 0.9995
Car 0.0000 0.0000 0.0000 338.0000 180.0000 390.0000 209.0000 1.4350 1.5748 3.6796 -12.8218 1.7676 37.8447 1.5486 0.9993
Car 0.0000 0.0000 0.0000 458.0000 172.0000 535.0000 227.0000 1.5512 1.6969 4.3217 -3.4555 1.5318 22.7235 1.5708 0.9987
Car 0.0000 0.0000 0.0000 390.0000 178.0000 446.0000 217.0000 1.5622 1.6650 3.7262 -8.2080 1.7429 31.1758 1.4906 0.9980
Car 0.0000 0.0000 0.0000 453.0000 177.0000 481.0000 202.0000 1.5067 1.6267 3.8475 -8.7490 1.6819 44.6345 1.4040 0.9953
Car 0.0000 0.0000 0.0000 -151.0000 192.0000 185.0000 328.0000 1.4164 1.5622 3.7432 -7.6687 1.7008 9.7972 1.5501 0.9883
Car 0.0000 0.0000 0.0000 -267.0000 -888.0000 3168.0000 603.0000 2.0916 1.7063 4.2861 -3.0307 1.5228 1.0945 1.5341 0.9841
