Car 0.0000 0.0000 0.0000 645.0000 182.0000 726.0000 243.0000 1.5447 1.5749 3.4364 2.0648 1.7925 20.4348 1.4594 0.9999
Car 0.0000 0.0000 0.0000 564.0000 184.0000 600.0000 216.0000 1.5941 1.6643 3.6708 -1.5263 2.1776 39.2069 1.4526 0.9999
Car 0.0000 0.0000 0.0000 600.0000 182.0000 664.0000 226.0000 1.5012 1.5747 3.4251 0.7951 1.8315 27.1191 1.3455 0.9998
Car 0.0000 0.0000 0.0000 797.0000 148.0000 1267.0000 442.0000 1.6809 1.6951 4.0435 2.9099 1.5534 6.1493 1.5708 0.9997
Car 0.0000 0.0000 0.0000 715.0000 188.0000 890.0000 302.0000 1.4420 1.5719 4.0939 2.8204 1.6978 11.5479 1.5394 0.9995
Car 0.0000 0.0000 0.0000 386.0000 189.0000 447.0000 242.0000 1.5080 1.6086 3.4477 -6.0230 1.9937 22.7244 1.3747 0.9993
Car 0.0000 0.0000 0.0000 542.0000 183.0000 567.0000 206.0000 1.4809 1.6136 3.9341 -3.7317 2.1076 49.5148 1.4942 0.9991
Car 0.0000 0.0000 0.0000 -253.0000 201.0000 -57.0000 296.0000 1.5123 1.5772 3.2400 -14.8145 2.1035 14.1316 1.1228 0.9989
Car 0.0000 0.0000 0.0000 -585.0000 210.0000 -276.0000 314.0000 1.5066 1.6132 3.6011 -19.2144 2.2649 13.5549 1.1852 0.9988
Car 0.0000 0.0000 0.0000 410.0000 181.0000 436.0000 202.0000 1.5433 1.6178 3.8707 -14.3469 2.1223 55.8226 1.3988 0.9929
Car 0.0000 0.0000 0.0000 438.0000 187.0000 471.0000 214.0000 1.5456 1.6310 3.9836 -9.4350 2.3470 44.2394 1.4451 0.9900
Car 0.0000 0.0000 0.0000 523.0000 186.0000 543.0000 204.0000 1.5120 1.6303 4.0164 -6.7307 2.6148 64.5042 1.4933 0.9892
Car 0.0000 0.0000 0.0000 -482.0000 -377.0000 1989.0000 695.0000 1.9790 1.7678 4.4092 2.7956 1.5265 0.0604 -1.4231 0.9680
