Car 0.0000 0.0000 0.0000 751.0000 173.0000 917.0000 229.0000 1.5293 1.6866 4.4678 6.4749 1.5279 21.1343 0.2475 0.9999
Car 0.0000 0.0000 0.0000 273.0000 189.0000 437.0000 301.0000 1.4461 1.5389 3.4205 -3.9002 1.7207 11.4975 1.5252 0.9998
Car 0.0000 0.0000 0.0000 982.0000 193.0000 1378.0000 484.0000 1.4539 1.5832 3.4043 3.9395 1.6461 5.6658 -1.1672 0.9998
Car 0.0000 0.0000 0.0000 381.0000 188.0000 481.0000 265.0000 1.4847 1.5756 3.6116 -4.1342 1.8221 16.2223 1.1530 0.9990
Car 0.0000 0.0000 0.0000 1265.0000 178.0000 1445.0000 260.0000 1.4530 1.5864 3.7418 15.2661 1.5613 14.7271 -0.4921 0.9987
Car 0.0000 0.0000 0.0000 1053.0000 178.0000 1175.0000 227.0000 1.4703 1.6273 4.2482 17.0138 1.6391 24.2379 -0.5042 0.9987
Car 0.0000 0.0000 0.0000 -2378.0000 -1324.0000 1601.0000 564.0000 1.5179 1.5485 3.7899 2.9851 1.5610 1.0674 -1.4815 0.9973
Car 0.0000 0.0000 0.0000 943.0000 184.0000 1209.0000 321.0000 1.4617 1.5995 3.6333 6.2460 1.6180 9.5899 -0.5708 0.9945
Car 0.0000 0.0000 0.0000 1459.0000 171.0000 1637.0000 229.0000 1.4392 1.5866 3.5655 25.5164 1.3901 19.6054 -0.2211 0.9945
Car 0.0000 0.0000 0.0000 1496.0000 168.0000 1679.0000 223.0000 1.5253 1.6316 3.6209 29.9250 1.3846 22.2069 -1.2030 0.9905
Car 0.0000 0.0000 0.0000 -155.0000 -5050.0000 7246.0000 522.0000 1.5241 1.6643 4.0773 -2.9283 1.7448 1.7115 1.4764 0.9901
Car 0.0000 0.0000 0.0000 1332.0000 163.0000 1409.0000 200.0000 1.5358 1.6187 4.0033 32.9774 1.0683 31.1408 -0.5852 0.9859
Car 0.0000 0.0000 0.0000 1259.0000 170.0000 1335.0000 209.0000 1.4605 1.6056 3.8610 27.5966 1.3200 28.8392 -0.6576 0.9624
