Car 0.0000 0.0000 0.0000 245.0000 192.0000 434.0000 309.0000 1.4369 1.5270 3.4796 -3.9280 1.7427 10.9897 1.5708 0.9998
Car 0.0000 0.0000 0.0000 670.0000 178.0000 735.0000 229.0000 1.4604 1.5743 3.8021 2.8626 1.6035 22.8422 1.5708 0.9998
Car 0.0000 0.0000 0.0000 480.0000 179.0000 545.0000 223.0000 1.5372 1.6516 3.9556 -3.6097 1.7331 27.4589 1.5708 0.9997
Car 0.0000 0.0000 0.0000 376.0000 185.0000 491.0000 263.0000 1.5056 1.6374 4.1874 -3.8374 1.7716 16.2962 1.5567 0.9996
Car 0.0000 0.0000 0.0000 1002.0000 122.0000 1346.0000 266.0000 1.7482 1.6928 3.9221 7.9925 1.1274 10.7683 1.4196 0.9995
Car 0.0000 0.0000 0.0000 -12214.0000 -6363.0000 1349.0000 484.0000 1.4713 1.5489 3.7206 2.7318 1.5075 1.6701 1.5708 0.9990
Car 0.0000 0.0000 0.0000 -6249.0000 195.0000 283.0000 4009.0000 1.6096 1.6535 3.7109 -2.7708 1.7207 2.1996 1.5708 0.9984
Car 0.0000 0.0000 0.0000 854.0000 175.0000 964.0000 228.0000 1.4825 1.5992 3.7500 9.1917 1.5172 21.9751 -0.7285 0.9980
Car 0.0000 0.0000 0.0000 708.0000 171.0000 782.0000 201.0000 1.6588 1.6664 4.0598 7.9000 1.5416 42.0515 0.0628 0.9974
Car 0.0000 0.0000 0.0000 510.0000 172.0000 557.0000 216.0000 1.8852 1.7528 4.4213 -3.4056 1.8293 33.2480 1.5612 0.9970
Car 0.0000 0.0000 0.0000 1597.0000 120.0000 1903.0000 263.0000 1.5452 1.6278 4.0741 14.9010 0.9624 9.6750 -0.7013 0.9904
Car 0.0000 0.0000 0.0000 794.0000 177.0000 908.0000 219.0000 1.5014 1.5998 3.8643 9.2241 1.6387 27.5017 -0.2611 0.9903
Car 0.0000 0.0000 0.0000 1211.0000 114.0000 1595.0000 248.0000 1.6095 1.6435 3.7054 11.1189 0.9068 10.5642 1.5708 0.9898
Car 0.0000 0.0000 0.0000 661.0000 176.0000 709.0000 216.0000 1.4857 1.5479 3.5938 2.9399 1.5775 28.4749 1.5708 0.9895
Car 0.0000 0.0000 0.0000 816.0000 179.0000 931.0000 226.0000 1.4783 1.6050 3.9694 9.1685 1.6606 24.9051 -0.5519 0.9775
Car 0.0000 0.0000 0.0000 338.0000 191.0000 387.0000 208.0000 1.5021 1.6228 3.9391 -22.5733 3.1017 65.9997 0.1111 0.9748
Car 0.0000 0.0000 0.0000 531.0000 175.0000 557.0000 197.0000 1.5198 1.6262 3.9386 -4.6428 1.5765 51.9543 1.5309 0.9742
Car 0.0000 0.0000 0.0000 784.0000 175.0000 861.0000 215.0000 1.5378 1.5870 3.6517 8.9696 1.5979 30.1273 -0.8228 0.9663
Car 0.0000 0.0000 0.0000 710.0000 154.0000 791.0000 181.0000 1.5738 1.7534 4.6021 8.6987 0.3767 44.3679 -0.0136 0.9643
