Car 0.0000 0.0000 0.0000 746.0000 183.0000 943.0000 320.0000 1.4753 1.5285 3.3862 2.8831 1.6197 9.6432 1.5708 0.9998
Car 0.0000 0.0000 0.0000 701.0000 184.0000 812.0000 225.0000 1.5051 1.6306 3.9447 5.6068 1.8984 27.7827 0.0369 0.9997
Car 0.0000 0.0000 0.0000 805.0000 175.0000 1051.0000 257.0000 1.5668 1.6613 4.2610 6.3252 1.6088 14.7036 0.0827 0.9997
Car 0.0000 0.0000 0.0000 636.0000 180.0000 670.0000 208.0000 1.6289 1.7067 3.6208 2.6178 1.9744 43.2797 1.5572 0.9996
Car 0.0000 0.0000 0.0000 87.0000 183.0000 392.0000 286.0000 1.5726 1.6524 4.3360 -6.0851 1.7451 12.0298 0.1084 0.9996
Car 0.0000 0.0000 0.0000 349.0000 171.0000 489.0000 220.0000 1.7255 1.7313 4.6724 -6.9376 1.6420 26.4870 0.0535 0.9995
Car 0.0000 0.0000 0.0000 169.0000 182.0000 379.0000 261.0000 1.4909 1.5526 3.5226 -6.6920 1.6667 14.5141 0.0544 0.9995
Car 0.0000 0.0000 0.0000 -33.0000 185.0000 321.0000 310.0000 1.4805 1.6092 3.9566 -6.2027 1.6506 9.7098 0.1526 0.9993
Car 0.0000 0.0000 0.0000 253.0000 182.0000 442.0000 250.0000 1.5063 1.5802 3.8787 -6.1398 1.7248 17.0424 0.0731 0.9992
Car 0.0000 0.0000 0.0000 -232.0000 189.0000 271.0000 371.0000 1.5598 1.6083 3.8382 -5.7103 1.7384 7.1833 0.0724 0.9987
Car 0.0000 0.0000 0.0000 345.0000 183.0000 470.0000 233.0000 1.5559 1.5884 3.6838 -6.6593 1.8840 23.9382 0.0624 0.9987
Car 0.0000 0.0000 0.0000 292.0000 183.0000 453.0000 246.0000 1.6010 1.6259 3.7964 -6.3376 1.8543 19.4352 0.1086 0.9979
Car 0.0000 0.0000 0.0000 704.0000 177.0000 802.0000 216.0000 1.5432 1.6220 3.8514 5.9880 1.7015 30.2037 0.0808 0.9973
Car 0.0000 0.0000 0.0000 -660.0000 202.0000 122.0000 475.0000 1.4961 1.5958 3.7036 -5.8017 1.7368 5.0061 0.0645 0.9969
Car 0.0000 0.0000 0.0000 756.0000 186.0000 898.0000 245.0000 1.4711 1.5961 3.8190 6.1117 1.8313 20.1507 -0.5234 0.9965
Car 0.0000 0.0000 0.0000 725.0000 184.0000 828.0000 231.0000 1.4910 1.6543 4.0687 5.9562 1.8657 25.3875 -0.7973 0.9964
Car 0.0000 0.0000 0.0000 457.0000 179.0000 536.0000 209.0000 1.4743 1.6001 3.8676 -5.8647 1.7773 37.7826 0.0092 0.9931
Car 0.0000 0.0000 0.0000 781.0000 185.0000 959.0000 253.0000 1.4423 1.6213 3.9372 6.2580 1.7404 17.3554 -0.3745 0.9851
Car 0.0000 0.0000 0.0000 472.0000 181.0000 544.0000 209.0000 1.5092 1.5845 3.6578 -5.6357 1.9267 40.4239 0.1675 0.9841
