Car 0.0000 0.0000 0.0000 638.0000 178.0000 680.0000 213.0000 1.5176 1.6133 3.6049 2.2667 1.7100 33.2379 1.5526 0.9998
Car 0.0000 0.0000 0.0000 656.0000 168.0000 876.0000 248.0000 1.6265 1.6892 4.4397 3.2687 1.5362 15.6953 0.1245 0.9996
Car 0.0000 0.0000 0.0000 -876.0000 208.0000 346.0000 884.0000 1.4445 1.5937 3.7023 -2.8194 1.6962 3.5704 1.5609 0.9994
Car 0.0000 0.0000 0.0000 770.0000 164.0000 1315.0000 333.0000 1.5051 1.6907 4.6157 4.0788 1.4445 7.5907 0.1602 0.9992
Car 0.0000 0.0000 0.0000 -284.0000 202.0000 231.0000 416.0000 1.4215 1.5585 3.7924 -5.7333 1.7653 7.1604 -1.4682 0.9988
Car 0.0000 0.0000 0.0000 176.0000 191.0000 358.0000 295.0000 1.4417 1.5499 3.7130 -5.6902 1.7657 12.3995 1.5108 0.9982
Car 0.0000 0.0000 0.0000 294.0000 111.0000 511.0000 312.0000 2.5950 2.0737 5.9883 -3.1225 1.8102 12.3676 1.5577 0.9980
Car 0.0000 0.0000 0.0000 1105.0000 177.0000 6456.0000 1708.0000 1.5057 1.6667 4.0092 3.7634 1.5369 1.7064 0.0855 0.9956
Car 0.0000 0.0000 0.0000 485.0000 168.0000 554.0000 229.0000 1.7140 1.6273 3.5720 -2.6921 1.5633 22.1844 1.5708 0.9917
Car 0.0000 0.0000 0.0000 630.0000 176.0000 662.0000 206.0000 1.5050 1.5712 3.8354 1.9073 1.6231 38.0637 1.5708 0.9747
