Car 0.0000 0.0000 0.0000 728.0000 184.0000 977.0000 337.0000 1.4706 1.6184 4.2905 2.7323 1.6157 9.2555 1.5420 0.9995
Car 0.0000 0.0000 0.0000 -225.0000 181.0000 185.0000 338.0000 1.5406 1.5763 3.6581 -7.0812 1.6415 8.1839 0.1771 0.9991
Car 0.0000 0.0000 0.0000 351.0000 178.0000 494.0000 228.0000 1.5353 1.6311 4.1579 -5.9803 1.6851 23.2446 0.0752 0.9990
Car 0.0000 0.0000 0.0000 734.0000 176.0000 853.0000 219.0000 1.4806 1.6240 3.9243 6.6065 1.5875 26.0925 0.0619 0.9989
Car 0.0000 0.0000 0.0000 312.0000 175.0000 466.0000 231.0000 1.5184 1.5892 3.9262 -6.3014 1.5862 20.7455 0.0927 0.9988
Car 0.0000 0.0000 0.0000 824.0000 179.0000 1068.0000 260.0000 1.4670 1.6257 4.0019 6.4113 1.5869 14.0863 0.0476 0.9987
Car 0.0000 0.0000 0.0000 42.0000 179.0000 374.0000 310.0000 1.5370 1.6178 4.0307 -5.7789 1.6386 10.5540 -0.6754 0.9987
Car 0.0000 0.0000 0.0000 632.0000 176.0000 658.0000 198.0000 1.5503 1.6338 3.6480 2.5959 1.6815 52.4730 1.5534 0.9986
Car 0.0000 0.0000 0.0000 679.0000 175.0000 757.0000 204.0000 1.4921 1.6399 3.9191 5.7135 1.5651 38.0842 0.0476 0.9984
Car 0.0000 0.0000 0.0000 409.0000 176.0000 519.0000 217.0000 1.5299 1.5881 3.8557 -5.5688 1.6165 27.7858 0.1014 0.9980
Car 0.0000 0.0000 0.0000 141.0000 143.0000 428.0000 258.0000 1.9156 1.7350 4.4667 -5.7985 1.4283 13.0936 0.0671 0.9978
Car 0.0000 0.0000 0.0000 -589.0000 169.0000 121.0000 399.0000 1.6080 1.6478 4.1561 -6.6922 1.5991 5.9570 0.0597 0.9973
Car 0.0000 0.0000 0.0000 725.0000 180.0000 836.0000 222.0000 1.5627 1.6690 3.9951 6.6475 1.8166 28.2422 0.0567 0.9971
Car 0.0000 0.0000 0.0000 431.0000 170.0000 519.0000 207.0000 1.6145 1.6431 4.0079 -6.1508 1.4483 32.8572 0.6318 0.9923
Car 0.0000 0.0000 0.0000 -1867.0000 188.0000 -200.0000 666.0000 1.5748 1.5713 3.6011 -6.8816 1.6733 3.5319 -0.1667 0.9922
Car 0.0000 0.0000 0.0000 767.0000 183.0000 933.0000 246.0000 1.5136 1.6043 3.8564 6.0608 1.7654 18.5443 0.1851 0.9919
Car 0.0000 0.0000 0.0000 479.0000 173.0000 548.0000 200.0000 1.6751 1.6452 4.1513 -6.0991 1.6389 46.3191 0.1021 0.9904
