Car 0.0000 0.0000 0.0000 521.0000 179.0000 564.0000 213.0000 1.4915 1.6131 3.5903 -3.0716 1.7445 33.7738 1.5708 0.9999
Car 0.0000 0.0000 0.0000 647.0000 179.0000 704.0000 227.0000 1.5318 1.6012 3.4796 2.2441 1.7096 25.1343 1.5504 0.9999
Car 0.0000 0.0000 0.0000 564.0000 181.0000 620.0000 233.0000 1.5194 1.6222 3.3951 -0.5532 1.7417 23.0293 1.5515 0.9999
Car 0.0000 0.0000 0.0000 777.0000 177.0000 1099.0000 391.0000 1.5850 1.5836 3.3664 2.8210 1.6324 7.0778 1.5630 0.9998
Car 0.0000 0.0000 0.0000 39.0000 192.0000 443.0000 457.0000 1.4776 1.5711 3.6185 -2.6272 1.6635 6.0374 1.5594 0.9996
Car 0.0000 0.0000 0.0000 97.0000 187.0000 217.0000 235.0000 1.4445 1.5952 3.9630 -15.4402 1.9327 24.7922 1.5708 0.9993
Car 0.0000 0.0000 0.0000 326.0000 181.0000 490.0000 297.0000 1.4572 1.5259 3.3045 -2.8604 1.5682 10.7826 1.5708 0.9990
Car 0.0000 0.0000 0.0000 -2263.0000 202.0000 -383.0000 1045.0000 1.5470 1.5924 3.5118 -6.3266 1.7211 3.2122 0.7941 0.9981
Car 0.0000 0.0000 0.0000 -240.0000 190.0000 1.0000 272.0000 1.4651 1.5837 3.5467 -15.2927 1.8477 15.3572 1.5606 0.9971
Car 0.0000 0.0000 0.0000 -2917.0000 -1310.0000 1428.0000 535.0000 1.4181 1.5484 3.7849 2.6620 1.5112 1.1632 1.5663 0.9967
Car 0.0000 0.0000 0.0000 616.0000 176.0000 647.0000 200.0000 1.5286 1.6389 3.8696 1.4885 1.6929 48.8668 1.4910 0.9953
Car 0.0000 0.0000 0.0000 451.0000 179.0000 495.0000 212.0000 1.5037 1.5894 3.7525 -6.5681 1.7358 34.4942 1.2523 0.9946
Car 0.0000 0.0000 0.0000 370.0000 179.0000 479.0000 225.0000 1.5631 1.6042 3.6544 -6.7848 1.7829 26.4090 0.4045 0.9935
Car 0.0000 0.0000 0.0000 583.0000 172.0000 621.0000 206.0000 1.5835 1.6589 3.8542 -0.4040 1.4997 35.2997 1.5147 0.9865
Car 0.0000 0.0000 0.0000 151.0000 195.0000 345.0000 289.0000 1.4615 1.5593 3.4516 -6.6230 1.8617 13.0585 0.5501 0.9831
Car 0.0000 0.0000 0.0000 551.0000 172.0000 583.0000 201.0000 1.4794 1.5865 3.8699 -2.3158 1.4155 39.0629 1.4820 0.9753
Car 0.0000 0.0000 0.0000 489.0000 173.0000 524.0000 199.0000 1.5450 1.6134 3.7435 -6.3409 1.5051 44.9218 1.5708 0.9728
Car 0.0000 0.0000 0.0000 360.0000 190.0000 444.0000 241.0000 1.4747 1.5655 3.5888 -6.8551 2.0378 23.6045 0.9647 0.9664
Car 0.0000 0.0000 0.0000 298.0000 180.0000 353.0000 208.0000 1.4647 1.6379 3.8950 -15.7736 1.8001 40.2416 1.5278 0.9633
