Car 0.0000 0.0000 0.0000 682.0000 182.0000 816.0000 283.0000 1.4575 1.5626 3.6202 2.2207 1.6167 12.4515 1.5641 0.9999
Car 0.0000 0.0000 0.0000 185.0000 186.0000 271.0000 227.0000 1.5423 1.6387 3.6406 -15.5403 2.0412 29.5437 1.5553 0.9997
Car 0.0000 0.0000 0.0000 543.0000 181.0000 588.0000 224.0000 1.5587 1.6405 3.4412 -1.6869 1.8291 28.2390 1.5390 0.9994
Car 0.0000 0.0000 0.0000 -93.0000 189.0000 84.0000 256.0000 1.4587 1.5891 3.6629 -15.3568 1.8649 18.2404 1.4924 0.9992
Car 0.0000 0.0000 0.0000 642.0000 184.0000 714.0000 238.0000 1.4317 1.5821 4.0780 1.9723 1.7706 21.8313 1.5182 0.9992
Car 0.0000 0.0000 0.0000 341.0000 183.0000 452.0000 235.0000 1.4880 1.5813 3.7265 -6.6810 1.7722 22.3700 0.7381 0.9992
Car 0.0000 0.0000 0.0000 -1774.0000 202.0000 369.0000 1422.0000 1.4574 1.5926 3.6592 -2.3730 1.6289 2.7671 1.5650 0.9989
Car 0.0000 0.0000 0.0000 -1206.0000 -579.0000 1571.0000 540.0000 1.9069 1.7314 4.5143 2.9170 1.2934 0.9116 -1.4572 0.9989
Car 0.0000 0.0000 0.0000 281.0000 194.0000 414.0000 255.0000 1.4088 1.5971 3.8359 -7.0394 1.9755 19.1662 0.6881 0.9977
Car 0.0000 0.0000 0.0000 564.0000 179.0000 597.0000 211.0000 1.5602 1.6271 3.6137 -1.4550 1.8207 37.6198 1.5521 0.9968
Car 0.0000 0.0000 0.0000 669.0000 184.0000 769.0000 255.0000 1.4380 1.5103 3.5856 2.4111 1.6869 16.7388 1.4919 0.9967
Car 0.0000 0.0000 0.0000 -91.0000 203.0000 205.0000 375.0000 1.4709 1.6191 3.9564 -6.5692 1.8615 8.3758 0.6097 0.9957
Car 0.0000 0.0000 0.0000 449.0000 173.0000 523.0000 208.0000 1.8235 1.6737 3.9919 -6.7938 1.7997 39.5513 0.6259 0.9922
Car 0.0000 0.0000 0.0000 520.0000 179.0000 551.0000 198.0000 1.5252 1.5954 4.0387 -6.2011 1.9919 60.5365 1.2043 0.9847
Car 0.0000 0.0000 0.0000 404.0000 176.0000 427.0000 195.0000 1.4691 1.5951 3.8706 -16.2919 1.6864 60.7862 1.3829 0.9831
Car 0.0000 0.0000 0.0000 436.0000 179.0000 495.0000 220.0000 1.5268 1.5980 3.8889 -5.8850 1.7421 29.1909 1.1759 0.9793
Car 0.0000 0.0000 0.0000 461.0000 179.0000 508.0000 217.0000 1.5814 1.6535 3.8754 -5.7155 1.8306 32.7544 1.2780 0.9632
