Car 0.0000 0.0000 0.0000 389.0000 187.0000 471.0000 240.0000 1.5566 1.6712 4.0882 -5.8491 2.0130 23.9019 1.5708 0.9998
Car 0.0000 0.0000 0.0000 689.0000 177.0000 785.0000 243.0000 1.4722 1.5950 3.8860 3.0953 1.5606 18.2290 1.5386 0.9997
Car 0.0000 0.0000 0.0000 998.0000 136.0000 1324.0000 236.0000 1.5338 1.6341 4.1654 9.1415 0.9720 12.2430 0.0686 0.9996
Car 0.0000 0.0000 0.0000 271.0000 194.0000 408.0000 272.0000 1.4662 1.6250 4.0784 -6.0054 1.9615 16.4660 1.5642 0.9995
Car 0.0000 0.0000 0.0000 674.0000 174.0000 739.0000 226.0000 1.5778 1.6335 3.7723 3.1083 1.5873 23.6675 1.5708 0.9995
Car 0.0000 0.0000 0.0000 819.0000 163.0000 998.0000 225.0000 1.6016 1.6634 4.2635 8.1883 1.3472 19.9954 0.0750 0.9992
Car 0.0000 0.0000 0.0000 442.0000 186.0000 498.0000 226.0000 1.5088 1.6152 3.8206 -5.7474 2.0242 30.0809 1.5693 0.9992
Car 0.0000 0.0000 0.0000 60.0000 201.0000 309.0000 331.0000 1.4728 1.5618 3.5012 -5.9361 1.9216 10.5104 1.5708 0.9991
Car 0.0000 0.0000 0.0000 887.0000 157.0000 1096.0000 233.0000 1.6135 1.6222 4.0806 9.0088 1.2683 17.2773 0.8762 0.9988
Car 0.0000 0.0000 0.0000 947.0000 150.0000 1200.0000 234.0000 1.5977 1.6382 4.0217 9.3027 1.1639 14.7159 0.0960 0.9988
Car 0.0000 0.0000 0.0000 1346.0000 113.0000 1580.0000 177.0000 1.6227 1.7168 4.3586 23.3291 0.0603 19.7848 0.0035 0.9979
Car 0.0000 0.0000 0.0000 806.0000 117.0000 968.0000 166.0000 1.5432 1.7983 4.9032 9.5326 -0.3212 24.9711 0.0349 0.9974
Car 0.0000 0.0000 0.0000 481.0000 184.0000 525.0000 213.0000 1.4694 1.6497 4.0791 -5.6873 2.0048 39.0317 1.5708 0.9973
Car 0.0000 0.0000 0.0000 657.0000 177.0000 699.0000 211.0000 1.4928 1.5622 3.8694 3.1970 1.6292 33.8459 1.5602 0.9971
Car 0.0000 0.0000 0.0000 519.0000 182.0000 542.0000 203.0000 1.4948 1.6055 3.8329 -5.8872 2.1162 54.1817 1.4648 0.9962
Car 0.0000 0.0000 0.0000 1425.0000 107.0000 1719.0000 185.0000 1.7344 1.7931 4.6697 23.1368 0.2287 17.4407 0.0049 0.9952
Car 0.0000 0.0000 0.0000 1780.0000 81.0000 2292.0000 195.0000 1.6396 1.7479 4.5608 22.4818 0.3005 11.5155 0.0177 0.9924
Car 0.0000 0.0000 0.0000 -638.0000 220.0000 133.0000 542.0000 1.4789 1.6681 3.8317 -5.9129 1.9623 5.7617 1.5367 0.9919
