Car 0.0000 0.0000 0.0000 696.0000 177.0000 889.0000 317.0000 1.5035 1.5960 3.7940 2.1928 1.5599 9.7390 1.5612 0.9999
Car 0.0000 0.0000 0.0000 473.0000 172.0000 535.0000 225.0000 1.5574 1.6383 3.4763 -3.3385 1.5326 23.1841 1.5212 0.9999
Car 0.0000 0.0000 0.0000 642.0000 171.0000 715.0000 230.0000 1.6380 1.6603 4.0195 2.0532 1.5761 22.3965 1.5219 0.9998
Car 0.0000 0.0000 0.0000 -25.0000 184.0000 230.0000 274.0000 1.5129 1.5749 3.6299 -9.2624 1.7236 13.2896 0.0075 0.9995
Car 0.0000 0.0000 0.0000 616.0000 169.0000 656.0000 202.0000 1.7063 1.6992 3.7710 1.4330 1.4508 39.0490 1.4819 0.9991
Car 0.0000 0.0000 0.0000 -266.0000 190.0000 10.0000 280.0000 1.5409 1.5746 3.7106 -13.7696 1.8745 13.5288 0.0529 0.9990
Car 0.0000 0.0000 0.0000 629.0000 173.0000 678.0000 216.0000 1.5537 1.6250 3.9559 1.6853 1.5348 28.4585 1.5519 0.9987
Car 0.0000 0.0000 0.0000 487.0000 161.0000 538.0000 202.0000 1.5162 1.6319 3.9672 -3.7568 1.0522 28.5466 1.5361 0.9968
Car 0.0000 0.0000 0.0000 521.0000 173.0000 557.0000 205.0000 1.5526 1.6177 3.7319 -3.6788 1.5212 37.2996 1.4180 0.9963
Car 0.0000 0.0000 0.0000 -771.0000 204.0000 -17.0000 453.0000 1.4727 1.5607 3.7180 -8.3632 1.8159 6.5938 -1.3983 0.9962
