Car 0.0000 0.0000 0.0000 1079.0000 168.0000 1259.0000 256.0000 1.5836 1.6667 3.5622 11.3732 1.4970 14.9568 -1.3151 0.9998
Car 0.0000 0.0000 0.0000 576.0000 174.0000 642.0000 223.0000 1.4081 1.5564 3.4910 0.0607 1.4255 22.3440 -1.4248 0.9997
Car 0.0000 0.0000 0.0000 956.0000 175.0000 1130.0000 257.0000 1.4754 1.6200 4.1864 8.8053 1.5097 15.0939 -1.4249 0.9996
Car 0.0000 0.0000 0.0000 321.0000 188.0000 483.0000 266.0000 1.4766 1.7046 4.4409 -4.5161 1.8204 16.3694 -1.3772 0.9994
Car 0.0000 0.0000 0.0000 751.0000 169.0000 799.0000 206.0000 1.5829 1.6543 3.4366 7.3992 1.3742 32.2891 -1.4709 0.9994
Car 0.0000 0.0000 0.0000 1210.0000 172.0000 1457.0000 259.0000 1.4498 1.5883 3.8770 13.7450 1.4270 14.0320 -1.3317 0.9990
Car 0.0000 0.0000 0.0000 665.0000 162.0000 772.0000 259.0000 1.7851 1.7278 3.5241 2.3767 1.5871 15.1542 -1.2778 0.9990
Car 0.0000 0.0000 0.0000 816.0000 160.0000 850.0000 194.0000 1.8403 1.7514 3.8609 12.9083 1.0865 41.4974 -1.2645 0.9986
Car 0.0000 0.0000 0.0000 191.0000 182.0000 369.0000 265.0000 1.6920 1.7051 4.1160 -7.6374 1.9009 17.1398 -1.3496 0.9954
Car 0.0000 0.0000 0.0000 -147.0000 198.0000 38.0000 266.0000 1.5434 1.6389 3.7797 -17.8261 2.2671 19.5613 1.5387 0.9915
Car 0.0000 0.0000 0.0000 -21.0000 192.0000 186.0000 261.0000 1.4744 1.6694 4.3536 -13.1844 1.9708 18.3601 -1.4037 0.9900
Car 0.0000 0.0000 0.0000 924.0000 135.0000 1056.0000 180.0000 1.8096 1.8487 4.6990 16.5023 0.2161 31.3654 0.0408 0.9724
Car 0.0000 0.0000 0.0000 943.0000 174.0000 1033.0000 215.0000 1.4789 1.6256 3.8725 14.6284 1.4933 27.7438 -0.6696 0.9721
Car 0.0000 0.0000 0.0000 1516.0000 80.0000 2499.0000 329.0000 2.1589 1.9807 5.4957 13.7094 1.3813 7.5149 0.1060 0.9609
