Car 0.0000 0.0000 0.0000 559.0000 181.0000 616.0000 235.0000 1.5422 1.6280 3.4112 -0.6539 1.7864 22.7158 1.5664 0.9999
Car 0.0000 0.0000 0.0000 714.0000 177.0000 860.0000 291.0000 1.5856 1.5703 3.2975 2.6944 1.6458 11.7128 1.5708 0.9999
Car 0.0000 0.0000 0.0000 631.0000 181.0000 677.0000 220.0000 1.5068 1.5894 3.4077 1.7945 1.7939 29.6640 1.5507 0.9997
Car 0.0000 0.0000 0.0000 -76.0000 193.0000 435.0000 518.0000 1.4778 1.5877 3.5817 -2.5554 1.6629 5.2543 1.5708 0.9997
Car 0.0000 0.0000 0.0000 773.0000 187.0000 1281.0000 493.0000 1.4833 1.5979 3.9466 2.5335 1.6183 5.6254 1.5491 0.9997
Car 0.0000 0.0000 0.0000 170.0000 186.0000 262.0000 226.0000 1.4710 1.6360 3.9597 -15.7935 1.9610 29.1236 1.5428 0.9997
Car 0.0000 0.0000 0.0000 522.0000 181.0000 558.0000 210.0000 1.4628 1.6004 3.5834 -3.6151 1.8390 38.2696 1.5607 0.9995
Car 0.0000 0.0000 0.0000 315.0000 184.0000 490.0000 307.0000 1.4437 1.5753 3.6766 -2.8197 1.6010 10.4723 1.5453 0.9995
Car 0.0000 0.0000 0.0000 -41.0000 190.0000 115.0000 251.0000 1.4586 1.5613 3.5444 -15.5545 1.9240 19.7566 1.5431 0.9992
Car 0.0000 0.0000 0.0000 405.0000 180.0000 510.0000 259.0000 1.4773 1.5248 3.1719 -3.1344 1.6248 15.2526 1.5708 0.9991
Car 0.0000 0.0000 0.0000 -153.0000 187.0000 110.0000 391.0000 1.5830 1.6185 3.6601 -6.4085 1.7342 7.6654 0.9900 0.9970
Car 0.0000 0.0000 0.0000 452.0000 179.0000 502.0000 209.0000 1.5586 1.6237 3.9294 -7.2409 1.8246 39.2524 1.1129 0.9955
Car 0.0000 0.0000 0.0000 610.0000 177.0000 633.0000 198.0000 1.5020 1.6265 3.9144 0.9176 1.7511 53.4969 1.5658 0.9948
Car 0.0000 0.0000 0.0000 570.0000 178.0000 607.0000 213.0000 1.5557 1.6671 3.7047 -0.9745 1.7747 34.5839 1.5469 0.9947
Car 0.0000 0.0000 0.0000 301.0000 185.0000 390.0000 255.0000 1.5148 1.5917 3.6557 -6.5990 1.7879 17.7205 1.0892 0.9911
Car 0.0000 0.0000 0.0000 -2234.0000 -1037.0000 1590.0000 609.0000 1.4685 1.5114 3.4925 2.7223 1.5393 0.8354 1.5663 0.9885
Car 0.0000 0.0000 0.0000 459.0000 178.0000 523.0000 203.0000 1.6370 1.6364 4.0474 -8.0025 1.9000 48.7229 0.4561 0.9700
