Car 0.0000 0.0000 0.0000 690.0000 183.0000 853.0000 301.0000 1.4743 1.5735 3.5090 2.2229 1.6204 10.8900 1.5457 0.9999
Car 0.0000 0.0000 0.0000 515.0000 180.0000 558.0000 215.0000 1.4894 1.5974 3.7224 -3.2687 1.7568 32.8599 1.5652 0.9999
Car 0.0000 0.0000 0.0000 798.0000 189.0000 1276.0000 491.0000 1.5315 1.5684 3.3384 2.6623 1.6724 5.4679 1.5480 0.9998
Car 0.0000 0.0000 0.0000 173.0000 169.0000 478.0000 386.0000 1.6706 1.6607 3.6713 -2.5793 1.6541 7.4149 1.5708 0.9998
Car 0.0000 0.0000 0.0000 639.0000 178.0000 706.0000 232.0000 1.5131 1.5855 3.7280 1.8864 1.6611 22.4682 1.5275 0.9998
Car 0.0000 0.0000 0.0000 665.0000 179.0000 760.0000 250.0000 1.5335 1.5671 3.3598 2.3831 1.6711 17.5074 1.4980 0.9995
Car 0.0000 0.0000 0.0000 377.0000 176.0000 512.0000 277.0000 1.5149 1.5825 3.4893 -2.7717 1.5706 12.6874 1.5635 0.9994
Car 0.0000 0.0000 0.0000 445.0000 180.0000 534.0000 250.0000 1.5464 1.6074 3.6795 -2.8720 1.6907 17.8049 1.5638 0.9984
Car 0.0000 0.0000 0.0000 536.0000 170.0000 575.0000 207.0000 1.8304 1.7550 4.5232 -2.8017 1.6664 38.5976 1.5591 0.9975
Car 0.0000 0.0000 0.0000 597.0000 164.0000 619.0000 182.0000 1.6605 1.6715 4.0669 -0.0328 0.7515 68.1716 -1.4571 0.9713
Car 0.0000 0.0000 0.0000 559.0000 175.0000 588.0000 201.0000 1.5392 1.6437 3.9457 -2.1367 1.5970 44.3978 1.5616 0.9704
Car 0.0000 0.0000 0.0000 601.0000 177.0000 624.0000 197.0000 1.6133 1.7061 4.1569 0.3418 1.8663 60.1080 1.5708 0.9679
Car 0.0000 0.0000 0.0000 643.0000 179.0000 663.0000 194.0000 1.4216 1.6115 3.9543 4.3989 1.9319 71.1326 1.5386 0.9644
