Car 0.0000 0.0000 0.0000 851.0000 199.0000 2454.0000 1052.0000 1.5078 1.6341 4.2604 2.7269 1.7008 3.5321 1.5493 0.9996
Car 0.0000 0.0000 0.0000 821.0000 198.0000 1091.0000 291.0000 1.4895 1.6428 4.0223 5.9985 1.9574 12.9023 0.1003 0.9994
Car 0.0000 0.0000 0.0000 234.0000 191.0000 402.0000 273.0000 1.4795 1.6012 3.8977 -6.2562 1.8661 15.2312 0.6825 0.9992
Car 0.0000 0.0000 0.0000 285.0000 187.0000 466.0000 254.0000 1.5143 1.6203 3.8864 -5.6729 1.8662 17.6647 0.0674 0.9991
Car 0.0000 0.0000 0.0000 356.0000 186.0000 498.0000 239.0000 1.5445 1.6210 3.9582 -5.6162 1.9529 22.3132 0.1401 0.9990
Car 0.0000 0.0000 0.0000 972.0000 179.0000 1398.0000 317.0000 1.4564 1.5764 3.6642 6.4954 1.5375 8.4974 0.0657 0.9990
Car 0.0000 0.0000 0.0000 809.0000 197.0000 884.0000 259.0000 1.4819 1.6014 3.8771 6.7539 2.1681 20.3034 -1.1463 0.9987
Car 0.0000 0.0000 0.0000 -330.0000 99.0000 316.0000 341.0000 2.1733 1.9071 5.4607 -6.2490 1.5366 7.6202 0.0790 0.9985
Car 0.0000 0.0000 0.0000 699.0000 192.0000 792.0000 228.0000 1.5000 1.6870 3.9157 6.0664 2.3532 32.2624 0.0786 0.9977
Car 0.0000 0.0000 0.0000 641.0000 191.0000 670.0000 217.0000 1.5610 1.6838 3.7160 2.9941 2.6878 46.8022 1.5708 0.9972
Car 0.0000 0.0000 0.0000 401.0000 181.0000 510.0000 225.0000 1.5477 1.5989 3.7720 -5.7815 1.8521 27.2923 0.0510 0.9960
Car 0.0000 0.0000 0.0000 511.0000 189.0000 542.0000 218.0000 1.5329 1.6488 3.8917 -4.8095 2.4470 41.7396 1.4176 0.9959
Car 0.0000 0.0000 0.0000 578.0000 186.0000 595.0000 202.0000 1.4153 1.5903 3.8598 -2.1958 2.6612 70.6913 1.5226 0.9906
Car 0.0000 0.0000 0.0000 -655.0000 194.0000 163.0000 461.0000 1.4910 1.6314 3.9029 -5.5829 1.6624 4.9973 0.0470 0.9876
Car 0.0000 0.0000 0.0000 388.0000 191.0000 511.0000 238.0000 1.4926 1.5892 3.7801 -5.4455 2.1194 24.7109 0.1478 0.9868
