Car 0.0000 0.0000 0.0000 334.0000 182.0000 396.0000 216.0000 1.5112 1.6568 3.9866 -11.7122 1.9287 34.8056 1.5617 0.9996
Car 0.0000 0.0000 0.0000 259.0000 186.0000 340.0000 232.0000 1.5521 1.6252 3.5626 -11.6251 2.0471 27.2499 1.5457 0.9993
Car 0.0000 0.0000 0.0000 508.0000 176.0000 536.0000 201.0000 1.5480 1.6740 3.8701 -5.6654 1.7213 47.1004 1.4561 0.9993
Car 0.0000 0.0000 0.0000 416.0000 179.0000 467.0000 212.0000 1.5655 1.6648 4.1073 -8.4510 1.8374 36.7136 1.5656 0.9990
Car 0.0000 0.0000 0.0000 2006.0000 96.0000 4439.0000 583.0000 1.5230 1.5331 3.4917 12.0367 1.2921 4.1507 1.2186 0.9959
Car 0.0000 0.0000 0.0000 976.0000 158.0000 1226.0000 249.0000 1.6339 1.6629 4.0221 10.1019 1.3708 15.1767 1.0850 0.9925
Car 0.0000 0.0000 0.0000 1772.0000 156.0000 2186.0000 336.0000 1.5391 1.6313 3.9438 14.5638 1.3850 7.9347 -0.6075 0.9886
Car 0.0000 0.0000 0.0000 295.0000 182.0000 349.0000 201.0000 1.5037 1.5912 3.8854 -23.3249 2.1634 58.5750 -0.5761 0.9806
Car 0.0000 0.0000 0.0000 -5456.0000 -1090.0000 11491.0000 2879.0000 1.4595 1.6102 3.8525 8.0754 1.5061 0.9708 -0.6720 0.9698
Car 0.0000 0.0000 0.0000 1501.0000 129.0000 1823.0000 246.0000 1.7176 1.7442 4.5238 18.4263 1.0700 12.9679 -0.9647 0.9665
Car 0.0000 0.0000 0.0000 397.0000 185.0000 424.0000 204.0000 1.4769 1.5965 3.8671 -15.9928 2.3469 58.2610 1.4194 0.9641
