Car 0.0000 0.0000 0.0000 1017.0000 146.0000 1105.0000 186.0000 1.6309 1.6166 3.5580 19.9787 0.4894 31.9966 1.5566 0.9998
Car 0.0000 0.0000 0.0000 672.0000 175.0000 723.0000 211.0000 1.4969 1.6241 3.9636 3.8329 1.5530 31.8605 1.5390 0.9998
Car 0.0000 0.0000 0.0000 440.0000 184.0000 502.0000 229.0000 1.5033 1.5954 3.7296 -4.9643 1.8769 26.2770 1.5608 0.9997
Car 0.0000 0.0000 0.0000 849.0000 148.0000 1036.0000 203.0000 1.5880 1.7444 5.0314 10.3284 0.8470 22.5873 0.0195 0.9997
Car 0.0000 0.0000 0.0000 175.0000 182.0000 479.0000 388.0000 1.6559 1.7156 4.3221 -2.7408 1.7576 8.0577 1.5681 0.9996
Car 0.0000 0.0000 0.0000 1054.0000 118.0000 2277.0000 438.0000 1.5028 1.6910 4.6449 5.4856 1.2708 4.2883 0.0276 0.9996
Car 0.0000 0.0000 0.0000 610.0000 179.0000 640.0000 207.0000 1.5836 1.6760 3.6670 1.0059 1.8954 43.5203 1.5708 0.9993
Car 0.0000 0.0000 0.0000 1369.0000 93.0000 1627.0000 163.0000 1.6046 1.7324 4.4190 22.2033 -0.3086 18.1069 -0.0231 0.9991
Car 0.0000 0.0000 0.0000 396.0000 183.0000 476.0000 240.0000 1.4899 1.5619 3.4616 -4.9875 1.7633 21.0653 1.5590 0.9991
Car 0.0000 0.0000 0.0000 1079.0000 147.0000 1159.0000 182.0000 1.4554 1.6053 3.5434 22.7165 0.3437 32.1928 -1.3693 0.9987
Car 0.0000 0.0000 0.0000 473.0000 184.0000 524.0000 221.0000 1.5368 1.6544 3.7613 -4.9343 1.9875 32.5309 1.5708 0.9970
Car 0.0000 0.0000 0.0000 1281.0000 126.0000 1498.0000 189.0000 1.6808 1.6940 4.2073 22.2611 0.4055 20.6748 0.0548 0.9955
Car 0.0000 0.0000 0.0000 1147.0000 135.0000 1263.0000 180.0000 1.8513 1.6979 4.3900 26.5810 0.2368 32.3081 1.5708 0.9703
