Car 0.0000 0.0000 0.0000 201.0000 189.0000 433.0000 330.0000 1.4664 1.5701 3.6321 -3.6566 1.7042 9.6248 1.5708 0.9998
Car 0.0000 0.0000 0.0000 403.0000 188.0000 510.0000 265.0000 1.4452 1.5396 3.6802 -3.2366 1.7737 15.7506 1.5708 0.9998
Car 0.0000 0.0000 0.0000 465.0000 183.0000 539.0000 242.0000 1.4982 1.5980 3.7904 -2.9992 1.7668 20.6289 1.5569 0.9996
Car 0.0000 0.0000 0.0000 686.0000 175.0000 751.0000 238.0000 1.6270 1.6519 3.2410 2.9924 1.6658 20.1247 -1.4471 0.9996
Car 0.0000 0.0000 0.0000 897.0000 159.0000 1288.0000 340.0000 1.6006 1.6725 4.5649 5.2057 1.4939 8.7247 1.5708 0.9995
Car 0.0000 0.0000 0.0000 834.0000 164.0000 1087.0000 255.0000 1.5130 1.6219 3.7452 6.1383 1.3770 12.9819 0.0776 0.9994
Car 0.0000 0.0000 0.0000 505.0000 180.0000 555.0000 218.0000 1.5272 1.5933 3.7220 -3.3159 1.7888 30.8376 1.5708 0.9990
Car 0.0000 0.0000 0.0000 337.0000 179.0000 396.0000 200.0000 1.5200 1.6242 4.2501 -19.1323 1.9710 57.0745 -0.1830 0.9984
Car 0.0000 0.0000 0.0000 -1406.0000 217.0000 216.0000 981.0000 1.5358 1.6819 3.8051 -3.8658 1.8611 3.5609 1.5625 0.9968
Car 0.0000 0.0000 0.0000 695.0000 177.0000 771.0000 224.0000 1.4575 1.5555 3.3391 4.2204 1.5700 24.3227 -1.0862 0.9964
Car 0.0000 0.0000 0.0000 532.0000 181.0000 566.0000 213.0000 1.5210 1.6177 3.8661 -3.0078 1.8586 35.8886 1.4788 0.9941
Car 0.0000 0.0000 0.0000 880.0000 169.0000 946.0000 196.0000 1.4829 1.6023 3.8670 17.8775 1.2264 42.2871 -0.5484 0.9934
Car 0.0000 0.0000 0.0000 878.0000 154.0000 921.0000 176.0000 1.9141 1.7910 4.6863 26.6710 0.1724 65.9274 -0.7375 0.9931
Car 0.0000 0.0000 0.0000 737.0000 176.0000 816.0000 215.0000 1.4261 1.5533 3.7332 6.6751 1.5319 28.5057 -0.8952 0.9834
Car 0.0000 0.0000 0.0000 456.0000 154.0000 486.0000 177.0000 1.5820 1.6327 3.8643 -10.0114 0.1980 52.1068 1.2639 0.9785
