Car 0.0000 0.0000 0.0000 75.0000 178.0000 380.0000 282.0000 1.6183 1.6778 4.3562 -6.3958 1.7126 12.2469 0.0746 0.9999
Car 0.0000 0.0000 0.0000 1015.0000 138.0000 1768.0000 361.0000 1.6588 1.7102 4.5624 6.3032 1.4188 6.2874 0.0406 0.9995
Car 0.0000 0.0000 0.0000 253.0000 176.0000 451.0000 252.0000 1.6602 1.6623 4.2252 -6.0300 1.7283 17.2408 -0.1642 0.9987
Car 0.0000 0.0000 0.0000 429.0000 171.0000 524.0000 208.0000 1.6924 1.6585 4.2888 -6.4507 1.5910 35.2680 0.0652 0.9983
Car 0.0000 0.0000 0.0000 -781.0000 195.0000 -1.0000 459.0000 1.5274 1.5850 3.7548 -6.9478 1.7138 5.2015 0.0824 0.9980
Car 0.0000 0.0000 0.0000 670.0000 180.0000 733.0000 230.0000 1.4829 1.5383 3.6443 2.9182 1.6938 23.3901 1.5635 0.9959
Car 0.0000 0.0000 0.0000 678.0000 115.0000 818.0000 248.0000 2.4818 1.9926 5.9452 2.8918 1.4030 16.5603 1.5627 0.9935
Car 0.0000 0.0000 0.0000 479.0000 164.0000 564.0000 199.0000 2.5934 2.0565 6.2565 -6.5930 1.8707 54.9287 0.0179 0.9921
Car 0.0000 0.0000 0.0000 407.0000 181.0000 500.0000 215.0000 1.4814 1.5980 3.7934 -7.0285 1.8247 32.6860 0.1730 0.9918
Car 0.0000 0.0000 0.0000 628.0000 174.0000 652.0000 196.0000 1.5007 1.6178 3.9999 2.1890 1.5047 51.2181 1.5708 0.9914
Car 0.0000 0.0000 0.0000 -2454.0000 60.0000 -308.0000 750.0000 1.7470 1.7205 4.3609 -6.7977 1.4877 2.8196 0.0658 0.9877
Car 0.0000 0.0000 0.0000 645.0000 141.0000 692.0000 196.0000 2.3450 1.9084 6.0647 2.6720 0.9669 33.6497 1.5708 0.9776
Car 0.0000 0.0000 0.0000 519.0000 181.0000 550.0000 202.0000 1.5002 1.5809 3.6010 -5.4570 1.9837 52.5016 1.2865 0.9682
