Car 0.0000 0.0000 0.0000 573.0000 178.0000 628.0000 228.0000 1.5266 1.6482 3.5365 -0.2392 1.6613 23.7331 1.5708 0.9998
Car 0.0000 0.0000 0.0000 727.0000 184.0000 867.0000 272.0000 1.4283 1.5792 4.0534 3.4308 1.6348 14.0074 1.5513 0.9996
Car 0.0000 0.0000 0.0000 150.0000 182.0000 385.0000 307.0000 1.5061 1.6305 3.8398 -5.1722 1.6436 10.6162 0.6844 0.9992
Car 0.0000 0.0000 0.0000 400.0000 178.0000 517.0000 222.0000 1.5105 1.6182 3.9226 -5.5287 1.6843 26.4691 0.3007 0.9992
Car 0.0000 0.0000 0.0000 -165.0000 185.0000 143.0000 310.0000 1.5269 1.5925 3.5903 -8.9933 1.7077 10.8306 1.5569 0.9989
Car 0.0000 0.0000 0.0000 557.0000 179.0000 586.0000 204.0000 1.5090 1.6334 3.8424 -2.3904 1.8681 46.6003 1.5708 0.9982
Car 0.0000 0.0000 0.0000 -225.0000 181.0000 23.0000 261.0000 1.4750 1.6048 3.8356 -14.8791 1.6313 15.3641 1.5381 0.9975
Car 0.0000 0.0000 0.0000 590.0000 176.0000 638.0000 214.0000 1.5901 1.6422 3.8206 0.1639 1.7071 32.8507 1.4427 0.9953
Car 0.0000 0.0000 0.0000 653.0000 165.0000 708.0000 214.0000 2.1460 1.8955 5.0390 3.3578 1.7671 34.5234 1.5277 0.9944
Car 0.0000 0.0000 0.0000 626.0000 181.0000 646.0000 196.0000 1.3776 1.5880 3.8157 2.6784 2.1181 70.7513 1.5119 0.9942
Car 0.0000 0.0000 0.0000 -163.0000 181.0000 -28.0000 221.0000 1.5332 1.6693 4.0885 -29.0312 1.8150 29.7932 1.5319 0.9933
Car 0.0000 0.0000 0.0000 -584.0000 217.0000 -9.0000 676.0000 1.4559 1.5604 3.4548 -5.0862 1.7916 4.2446 0.6991 0.9834
Car 0.0000 0.0000 0.0000 464.0000 180.0000 542.0000 210.0000 1.5108 1.5991 3.6868 -5.4990 1.8529 37.4867 0.1881 0.9807
Car 0.0000 0.0000 0.0000 352.0000 179.0000 396.0000 204.0000 1.5171 1.6132 3.6798 -14.5534 1.8067 44.8118 1.5366 0.9791
Car 0.0000 0.0000 0.0000 441.0000 158.0000 482.0000 189.0000 1.7967 1.7379 4.1753 -8.8214 0.8786 43.3181 1.5414 0.9730
Car 0.0000 0.0000 0.0000 12.0000 181.0000 119.0000 221.0000 1.5866 1.6493 3.9260 -23.2281 1.8941 30.9283 1.5673 0.9702
Car 0.0000 0.0000 0.0000 514.0000 176.0000 550.0000 206.0000 1.5883 1.6073 3.8448 -4.4977 1.7505 41.6775 1.3439 0.9693
