Car 0.0000 0.0000 0.0000 680.0000 180.0000 763.0000 242.0000 1.4936 1.5829 3.7207 2.9229 1.6762 19.5380 1.5475 0.9998
Car 0.0000 0.0000 0.0000 431.0000 183.0000 491.0000 222.0000 1.4984 1.6464 4.0893 -6.0528 1.8719 29.7700 1.5708 0.9997
Car 0.0000 0.0000 0.0000 259.0000 193.0000 394.0000 273.0000 1.4954 1.5988 3.5047 -6.1565 1.9710 16.0182 1.5708 0.9995
Car 0.0000 0.0000 0.0000 563.0000 181.0000 583.0000 199.0000 1.5149 1.6558 3.7980 -3.2459 2.2037 66.1816 1.5557 0.9983
Car 0.0000 0.0000 0.0000 526.0000 181.0000 551.0000 199.0000 1.5041 1.6581 3.8163 -6.0147 2.1291 62.2304 1.5708 0.9980
Car 0.0000 0.0000 0.0000 1153.0000 139.0000 1303.0000 192.0000 1.9689 1.8349 4.7535 24.8505 0.6834 29.1817 1.5418 0.9976
Car 0.0000 0.0000 0.0000 357.0000 191.0000 451.0000 248.0000 1.4705 1.6227 3.9571 -6.0576 2.0245 21.6201 1.5708 0.9976
Car 0.0000 0.0000 0.0000 1263.0000 136.0000 1413.0000 180.0000 1.6573 1.7091 4.1308 29.1838 0.2124 28.9265 0.0665 0.9923
Car 0.0000 0.0000 0.0000 1301.0000 150.0000 1414.0000 185.0000 1.4895 1.6153 3.9669 33.7081 0.4717 32.5558 -1.3451 0.9870
Car 0.0000 0.0000 0.0000 465.0000 182.0000 509.0000 215.0000 1.5167 1.6118 3.9550 -6.1335 1.9640 36.6023 1.5563 0.9851
Car 0.0000 0.0000 0.0000 -192.0000 197.0000 -38.0000 252.0000 1.5399 1.6199 3.8223 -23.6067 2.3412 23.6161 1.4151 0.9841
Car 0.0000 0.0000 0.0000 631.0000 179.0000 650.0000 196.0000 1.5313 1.6607 3.8211 3.0242 2.0183 68.5243 1.5586 0.9841
Car 0.0000 0.0000 0.0000 -138.0000 190.0000 12.0000 246.0000 1.5275 1.6388 3.5486 -20.8820 2.0756 22.5335 1.4761 0.9817
Car 0.0000 0.0000 0.0000 674.0000 179.0000 696.0000 197.0000 1.4723 1.5930 3.8693 6.6855 1.9048 62.6825 -1.3690 0.9754
Car 0.0000 0.0000 0.0000 787.0000 172.0000 862.0000 198.0000 1.6510 1.7148 4.5238 14.4809 1.5790 48.5085 0.0810 0.9750
Car 0.0000 0.0000 0.0000 709.0000 177.0000 737.0000 195.0000 1.4901 1.6275 3.8271 9.8873 1.7543 62.5809 1.5171 0.9709
Car 0.0000 0.0000 0.0000 815.0000 158.0000 867.0000 177.0000 1.6478 1.7157 4.0095 20.6533 0.2397 64.0119 -0.0713 0.9659
Car 0.0000 0.0000 0.0000 -43.0000 189.0000 107.0000 242.0000 1.4744 1.6397 3.9118 -18.0753 1.9775 22.7528 1.5601 0.9653
