Car 0.0000 0.0000 0.0000 668.0000 180.0000 750.0000 245.0000 1.5677 1.6339 3.7412 2.5744 1.7389 19.4663 1.5620 0.9998
Car 0.0000 0.0000 0.0000 742.0000 189.0000 988.0000 351.0000 1.4620 1.5809 3.7379 2.7149 1.6736 8.6457 1.5618 0.9998
Car 0.0000 0.0000 0.0000 76.0000 174.0000 377.0000 283.0000 1.6704 1.6790 4.1380 -6.2558 1.6924 11.9814 0.0497 0.9997
Car 0.0000 0.0000 0.0000 302.0000 184.0000 457.0000 242.0000 1.4920 1.5910 3.6919 -6.2225 1.7791 19.6842 0.0239 0.9994
Car 0.0000 0.0000 0.0000 -341.0000 189.0000 219.0000 368.0000 1.4960 1.6658 4.2924 -6.4735 1.6817 7.1537 0.1000 0.9993
Car 0.0000 0.0000 0.0000 639.0000 179.0000 682.0000 213.0000 1.5196 1.6009 3.5257 2.4442 1.7747 34.6578 1.5156 0.9992
Car 0.0000 0.0000 0.0000 652.0000 181.0000 714.0000 227.0000 1.4578 1.5786 3.9562 2.5240 1.7323 25.4815 1.5239 0.9992
Car 0.0000 0.0000 0.0000 255.0000 191.0000 435.0000 258.0000 1.4739 1.5733 3.7199 -6.2355 1.8958 17.0924 0.1436 0.9985
Car 0.0000 0.0000 0.0000 365.0000 184.0000 483.0000 224.0000 1.5285 1.6528 4.2759 -7.3689 1.9508 28.8548 0.0673 0.9963
Car 0.0000 0.0000 0.0000 629.0000 180.0000 657.0000 203.0000 1.5270 1.6403 3.8028 2.2957 1.9052 48.6338 1.5484 0.9962
Car 0.0000 0.0000 0.0000 433.0000 180.0000 515.0000 213.0000 1.6754 1.6612 3.9801 -7.1314 2.0080 38.1686 0.0582 0.9951
Car 0.0000 0.0000 0.0000 475.0000 180.0000 519.0000 214.0000 1.4876 1.6528 3.7816 -5.2904 1.8054 34.3269 1.5320 0.9939
Car 0.0000 0.0000 0.0000 483.0000 181.0000 548.0000 206.0000 1.5428 1.5995 3.8496 -5.9171 1.9840 45.8965 0.0875 0.9931
Car 0.0000 0.0000 0.0000 202.0000 192.0000 411.0000 272.0000 1.5048 1.5816 3.5944 -6.1001 1.8944 14.6606 0.0885 0.9912
