Car 0.0000 0.0000 0.0000 249.0000 189.0000 477.0000 341.0000 1.4615 1.5765 3.6587 -2.8452 1.6860 9.0452 1.5708 0.9998
Car 0.0000 0.0000 0.0000 705.0000 173.0000 945.0000 263.0000 1.4910 1.6511 3.8519 3.6851 1.5036 12.9414 0.0757 0.9995
Car 0.0000 0.0000 0.0000 164.0000 192.0000 356.0000 296.0000 1.4126 1.5423 3.7399 -5.7206 1.7601 12.2255 1.5372 0.9995
Car 0.0000 0.0000 0.0000 643.0000 165.0000 794.0000 220.0000 1.5018 1.6207 4.1303 3.1025 1.2730 20.7963 0.1222 0.9992
Car 0.0000 0.0000 0.0000 632.0000 176.0000 670.0000 206.0000 1.4931 1.6106 3.6407 2.1869 1.6193 38.4544 1.5118 0.9988
Car 0.0000 0.0000 0.0000 764.0000 148.0000 1315.0000 334.0000 1.5591 1.6571 4.3154 3.7994 1.3724 7.0025 0.0397 0.9983
Car 0.0000 0.0000 0.0000 -6691.0000 203.0000 262.0000 3704.0000 1.5560 1.6410 3.8471 -2.8529 1.7199 2.2989 1.5333 0.9982
Car 0.0000 0.0000 0.0000 424.0000 134.0000 541.0000 253.0000 2.5874 1.9303 6.0629 -3.0918 1.7400 18.8549 1.5708 0.9979
Car 0.0000 0.0000 0.0000 514.0000 170.0000 564.0000 214.0000 1.6868 1.6913 4.0414 -2.8123 1.5599 29.6773 1.5604 0.9976
Car 0.0000 0.0000 0.0000 318.0000 182.0000 438.0000 249.0000 1.4814 1.5745 3.8335 -5.7339 1.7043 18.2709 1.5708 0.9769
