Car 0.0000 0.0000 0.0000 517.0000 174.0000 571.0000 217.0000 1.4286 1.5877 3.5971 -2.3336 1.4615 26.2901 1.5708 0.9998
Car 0.0000 0.0000 0.0000 581.0000 175.0000 635.0000 227.0000 1.5916 1.6539 3.5478 -0.0036 1.6293 24.0362 1.5708 0.9997
Car 0.0000 0.0000 0.0000 683.0000 181.0000 775.0000 250.0000 1.4933 1.5635 3.5165 2.7661 1.6683 17.4525 1.5493 0.9997
Car 0.0000 0.0000 0.0000 -112.0000 183.0000 100.0000 253.0000 1.4777 1.6369 4.2554 -14.9129 1.7173 17.7760 1.5636 0.9988
Car 0.0000 0.0000 0.0000 280.0000 193.0000 414.0000 270.0000 1.4432 1.5816 3.8359 -6.0171 1.9127 16.2075 0.8651 0.9984
Car 0.0000 0.0000 0.0000 -781.0000 194.0000 369.0000 857.0000 1.5001 1.5916 3.5463 -2.6003 1.6423 3.4968 1.5676 0.9983
Car 0.0000 0.0000 0.0000 402.0000 178.0000 486.0000 223.0000 1.5609 1.6267 3.9616 -6.2929 1.7258 27.1026 0.9350 0.9980
Car 0.0000 0.0000 0.0000 637.0000 176.0000 672.0000 205.0000 1.5278 1.6414 3.9049 2.5808 1.6858 41.2729 1.5485 0.9978
Car 0.0000 0.0000 0.0000 539.0000 173.0000 582.0000 209.0000 1.4831 1.6173 3.9868 -2.0896 1.4589 31.5641 1.5655 0.9966
Car 0.0000 0.0000 0.0000 662.0000 139.0000 722.0000 190.0000 1.7736 1.7196 4.0197 3.0716 0.5788 27.3815 1.5513 0.9962
Car 0.0000 0.0000 0.0000 446.0000 174.0000 529.0000 207.0000 1.6135 1.6127 3.9799 -6.2301 1.6200 36.9036 0.4641 0.9927
Car 0.0000 0.0000 0.0000 -21.0000 206.0000 233.0000 373.0000 1.4640 1.5811 3.6368 -6.1406 1.9046 8.5781 0.6930 0.9899
Car 0.0000 0.0000 0.0000 246.0000 176.0000 320.0000 211.0000 1.5094 1.6030 3.8978 -14.7926 1.6155 32.8794 1.5708 0.9842
Car 0.0000 0.0000 0.0000 587.0000 173.0000 628.0000 205.0000 1.5207 1.6318 3.9434 -0.1144 1.4834 36.3268 1.4619 0.9695
