Car 0.0000 0.0000 0.0000 860.0000 187.0000 1228.0000 392.0000 1.4689 1.5648 3.6022 3.7996 1.6267 7.1210 1.5708 0.9999
Car 0.0000 0.0000 0.0000 228.0000 193.0000 413.0000 301.0000 1.4473 1.5677 3.8198 -4.6554 1.8100 12.1297 1.5708 0.9998
Car 0.0000 0.0000 0.0000 765.0000 183.0000 909.0000 281.0000 1.4561 1.5641 3.5848 3.8235 1.6382 12.7498 1.5708 0.9998
Car 0.0000 0.0000 0.0000 717.0000 180.0000 815.0000 247.0000 1.4802 1.6009 4.1067 3.7592 1.6341 18.0230 1.5708 0.9996
Car 0.0000 0.0000 0.0000 1186.0000 189.0000 8733.0000 3466.0000 1.5362 1.5593 3.4490 3.8714 1.6140 2.1075 1.5239 0.9996
Car 0.0000 0.0000 0.0000 371.0000 186.0000 477.0000 255.0000 1.4700 1.5941 3.7871 -4.4915 1.8073 17.8897 1.5708 0.9996
Car 0.0000 0.0000 0.0000 517.0000 181.0000 557.0000 211.0000 1.4834 1.6165 3.8658 -3.8691 1.9010 39.2692 1.5708 0.9994
Car 0.0000 0.0000 0.0000 691.0000 176.0000 746.0000 218.0000 1.5434 1.5849 3.4953 4.2831 1.6459 28.5737 1.5584 0.9991
Car 0.0000 0.0000 0.0000 694.0000 178.0000 770.0000 230.0000 1.4973 1.5965 3.7063 3.8421 1.6522 23.1192 1.5183 0.9990
Car 0.0000 0.0000 0.0000 432.0000 184.0000 507.0000 235.0000 1.4408 1.6072 4.2546 -4.4050 1.7893 23.2372 1.5675 0.9990
Car 0.0000 0.0000 0.0000 536.0000 179.0000 571.0000 206.0000 1.5512 1.6380 3.9461 -3.3230 1.8467 43.7980 1.5708 0.9780
