Car 0.0000 0.0000 0.0000 717.0000 177.0000 859.0000 276.0000 1.5232 1.5973 3.6449 3.0328 1.5936 13.0541 1.5514 0.9998
Car 0.0000 0.0000 0.0000 383.0000 180.0000 469.0000 232.0000 1.5370 1.6829 4.2563 -5.8856 1.7289 23.5483 1.5708 0.9996
Car 0.0000 0.0000 0.0000 556.0000 180.0000 582.0000 201.0000 1.5436 1.6698 3.7749 -2.9888 2.0090 54.5504 1.5708 0.9989
Car 0.0000 0.0000 0.0000 522.0000 180.0000 548.0000 201.0000 1.5200 1.6558 3.9652 -5.6892 2.0220 55.8777 1.5654 0.9985
Car 0.0000 0.0000 0.0000 -9.0000 201.0000 281.0000 346.0000 1.4879 1.5990 3.4313 -6.0778 1.9118 9.6917 1.5708 0.9983
Car 0.0000 0.0000 0.0000 237.0000 195.0000 395.0000 280.0000 1.4714 1.6370 4.0125 -6.0044 1.9555 15.1873 1.5708 0.9979
Car 0.0000 0.0000 0.0000 434.0000 181.0000 494.0000 220.0000 1.4768 1.6142 3.8620 -5.9682 1.7954 30.0032 1.5708 0.9971
Car 0.0000 0.0000 0.0000 1468.0000 131.0000 1685.0000 186.0000 1.5708 1.6991 4.2183 29.7217 0.3354 22.2291 0.0423 0.9945
Car 0.0000 0.0000 0.0000 1312.0000 135.0000 1531.0000 201.0000 1.8465 1.7833 4.4225 24.9509 0.7662 22.4034 1.5678 0.9944
Car 0.0000 0.0000 0.0000 636.0000 178.0000 660.0000 196.0000 1.5223 1.6527 3.8548 3.3785 1.8376 62.2986 1.5228 0.9942
Car 0.0000 0.0000 0.0000 690.0000 172.0000 756.0000 194.0000 1.5955 1.7343 4.8869 8.7560 1.4598 55.3756 0.0424 0.9857
Car 0.0000 0.0000 0.0000 843.0000 158.0000 873.0000 178.0000 1.7519 1.7740 4.4633 22.3406 0.3505 64.5949 -1.4081 0.9624
