Car 0.0000 0.0000 0.0000 726.0000 184.0000 828.0000 255.0000 1.4989 1.5934 3.6111 3.8971 1.7641 17.3505 1.5708 0.9999
Car 0.0000 0.0000 0.0000 816.0000 97.0000 1325.0000 430.0000 2.0092 1.9021 4.6253 3.4281 1.5719 6.6995 1.5708 0.9998
Car 0.0000 0.0000 0.0000 589.0000 181.0000 653.0000 242.0000 1.5638 1.6472 3.4452 0.2705 1.7614 20.3099 1.5645 0.9997
Car 0.0000 0.0000 0.0000 697.0000 177.0000 766.0000 228.0000 1.5894 1.6940 4.1599 4.1060 1.7135 24.7453 1.5708 0.9995
Car 0.0000 0.0000 0.0000 413.0000 183.0000 531.0000 235.0000 1.4619 1.5946 3.6703 -4.3475 1.7760 22.5095 0.6636 0.9988
Car 0.0000 0.0000 0.0000 200.0000 187.0000 432.0000 290.0000 1.4608 1.5440 3.4188 -4.8104 1.6856 11.7296 0.4093 0.9983
Car 0.0000 0.0000 0.0000 -89.0000 162.0000 154.0000 265.0000 1.7417 1.6457 3.9591 -11.1096 1.5544 14.2286 1.5665 0.9978
Car 0.0000 0.0000 0.0000 515.0000 174.0000 565.0000 210.0000 1.6683 1.7043 4.0632 -3.5593 1.7020 36.3951 1.2729 0.9976
Car 0.0000 0.0000 0.0000 -842.0000 167.0000 -154.0000 357.0000 1.5557 1.6227 3.8395 -11.2498 1.5178 7.8717 1.5679 0.9963
Car 0.0000 0.0000 0.0000 326.0000 180.0000 490.0000 263.0000 1.5086 1.6028 3.5979 -4.2968 1.6588 15.0200 0.7248 0.9960
Car 0.0000 0.0000 0.0000 121.0000 179.0000 373.0000 340.0000 1.5699 1.6118 3.5887 -4.6184 1.6490 8.8722 0.7476 0.9958
Car 0.0000 0.0000 0.0000 668.0000 175.0000 704.0000 204.0000 1.6040 1.6827 3.8069 4.4816 1.6760 42.1378 1.5692 0.9944
Car 0.0000 0.0000 0.0000 194.0000 180.0000 284.0000 223.0000 1.5395 1.6223 3.7389 -14.3488 1.7777 28.0994 1.5614 0.9915
Car 0.0000 0.0000 0.0000 600.0000 176.0000 639.0000 211.0000 1.4777 1.5894 3.8121 0.4011 1.5679 32.7392 1.5408 0.9855
Car 0.0000 0.0000 0.0000 701.0000 175.0000 720.0000 191.0000 1.5336 1.6467 3.8831 9.7388 1.6001 68.8561 -1.4548 0.9681
