Car 0.0000 0.0000 0.0000 412.0000 178.0000 465.0000 223.0000 1.6319 1.6901 3.7668 -6.8993 1.8274 28.8192 1.2398 0.9998
Car 0.0000 0.0000 0.0000 512.0000 183.0000 645.0000 269.0000 1.5065 1.5870 3.4602 -0.7694 1.6928 14.6022 1.1785 0.9997
Car 0.0000 0.0000 0.0000 683.0000 122.0000 1120.0000 370.0000 1.7668 1.6798 4.1697 2.4664 1.4139 7.3697 1.1764 0.9996
Car 0.0000 0.0000 0.0000 -243.0000 205.0000 113.0000 414.0000 1.4866 1.6392 4.0076 -6.8277 1.9000 7.8049 1.1418 0.9995
Car 0.0000 0.0000 0.0000 220.0000 185.0000 269.0000 214.0000 1.5338 1.6608 3.8162 -20.2669 2.1493 40.1686 1.3239 0.9995
Car 0.0000 0.0000 0.0000 1118.0000 154.0000 1323.0000 264.0000 1.5723 1.6492 4.3430 10.3666 1.3042 12.6225 -1.1285 0.9991
Car 0.0000 0.0000 0.0000 -3.0000 190.0000 159.0000 298.0000 1.5290 1.5748 3.3434 -9.0340 1.8388 12.4577 1.1550 0.9987
Car 0.0000 0.0000 0.0000 397.0000 180.0000 443.0000 215.0000 1.5574 1.6192 3.7228 -9.0012 1.8391 34.0841 1.1847 0.9959
Car 0.0000 0.0000 0.0000 587.0000 167.0000 680.0000 207.0000 1.6355 1.6093 3.7092 1.0646 1.3727 30.8307 0.2704 0.9948
Car 0.0000 0.0000 0.0000 380.0000 175.0000 402.0000 198.0000 1.8695 1.7277 4.1036 -18.4475 1.9931 60.9784 1.2604 0.9788
