Car 0.0000 0.0000 0.0000 813.0000 176.0000 1226.0000 404.0000 1.4854 1.5989 3.9981 3.2333 1.5252 6.7439 1.5708 0.9998
Car 0.0000 0.0000 0.0000 709.0000 182.0000 819.0000 255.0000 1.4768 1.5711 3.7918 3.4384 1.6777 16.7291 1.5315 0.9998
Car 0.0000 0.0000 0.0000 657.0000 178.0000 706.0000 216.0000 1.5268 1.5910 3.5817 3.0674 1.7123 31.0422 1.5335 0.9998
Car 0.0000 0.0000 0.0000 375.0000 186.0000 472.0000 240.0000 1.4752 1.6450 4.1705 -5.6190 1.8662 22.1972 1.5708 0.9997
Car 0.0000 0.0000 0.0000 192.0000 194.0000 374.0000 295.0000 1.4823 1.5784 3.6885 -5.6969 1.8851 13.0070 1.5708 0.9996
Car 0.0000 0.0000 0.0000 679.0000 181.0000 758.0000 235.0000 1.5185 1.5848 3.8518 3.2885 1.7339 22.4031 1.5020 0.9994
Car 0.0000 0.0000 0.0000 1058.0000 27.0000 1572.0000 252.0000 2.2173 1.8942 5.1123 8.5996 0.7826 9.7221 1.5708 0.9983
Car 0.0000 0.0000 0.0000 -302.0000 198.0000 235.0000 437.0000 1.5802 1.7068 4.1567 -5.7255 1.8847 7.2256 1.5646 0.9983
Car 0.0000 0.0000 0.0000 479.0000 179.0000 520.0000 210.0000 1.4722 1.6050 3.7662 -5.5978 1.7601 37.3113 1.5531 0.9976
Car 0.0000 0.0000 0.0000 1878.0000 20.0000 8986.0000 1554.0000 1.5270 1.5871 3.8017 8.3796 1.3862 2.7687 -1.1196 0.9956
Car 0.0000 0.0000 0.0000 -3567.0000 -1378.0000 1496.0000 529.0000 1.4619 1.5706 4.0826 3.3262 1.6091 1.2872 1.5499 0.9954
Car 0.0000 0.0000 0.0000 -666.0000 188.0000 -174.0000 324.0000 1.5797 1.6180 4.0043 -15.0688 1.8247 10.8618 -1.1682 0.9951
Car 0.0000 0.0000 0.0000 652.0000 175.0000 697.0000 206.0000 1.4942 1.5413 3.6125 3.2835 1.5604 36.5541 1.4510 0.9785
