Car 0.0000 0.0000 0.0000 763.0000 180.0000 958.0000 324.0000 1.4925 1.5643 3.4447 2.9744 1.5870 9.3219 1.5708 0.9999
Car 0.0000 0.0000 0.0000 946.0000 198.0000 3066.0000 1215.0000 1.4680 1.5814 3.7724 3.0052 1.6281 3.0188 1.5708 0.9999
Car 0.0000 0.0000 0.0000 461.0000 185.0000 507.0000 217.0000 1.4899 1.6293 3.6956 -6.2975 2.0812 36.5592 1.5708 0.9998
Car 0.0000 0.0000 0.0000 194.0000 195.0000 368.0000 290.0000 1.4707 1.5882 3.7713 -6.0674 1.9205 13.7325 1.5708 0.9995
Car 0.0000 0.0000 0.0000 641.0000 177.0000 679.0000 206.0000 1.5122 1.6298 4.0417 2.7825 1.7050 40.0402 1.5303 0.9990
Car 0.0000 0.0000 0.0000 233.0000 192.0000 289.0000 220.0000 1.5381 1.6923 4.1021 -20.9188 2.6473 43.4362 1.4933 0.9984
Car 0.0000 0.0000 0.0000 275.0000 190.0000 329.0000 219.0000 1.5373 1.6950 3.9694 -18.3760 2.5612 43.3088 1.5312 0.9952
Car 0.0000 0.0000 0.0000 197.0000 192.0000 238.0000 219.0000 1.5207 1.6182 4.0017 -23.8451 2.6533 43.9896 1.2292 0.9943
Car 0.0000 0.0000 0.0000 612.0000 181.0000 634.0000 199.0000 1.4897 1.6472 3.9555 1.2264 2.0674 62.5823 1.5486 0.9929
Car 0.0000 0.0000 0.0000 486.0000 186.0000 523.0000 213.0000 1.4395 1.5705 3.6135 -6.0235 2.1640 41.9462 1.5708 0.9927
Car 0.0000 0.0000 0.0000 795.0000 165.0000 823.0000 183.0000 1.5553 1.6576 3.5973 18.1032 0.7587 65.1014 1.5708 0.9871
