Car 0.0000 0.0000 0.0000 744.0000 176.0000 1007.0000 274.0000 1.5044 1.6030 3.8279 4.3270 1.5630 12.1744 0.0097 0.9996
Car 0.0000 0.0000 0.0000 144.0000 180.0000 352.0000 255.0000 1.5123 1.5974 3.7387 -7.8089 1.6690 15.7162 0.0254 0.9994
Car 0.0000 0.0000 0.0000 32.0000 165.0000 304.0000 257.0000 1.5101 1.5752 3.9412 -7.8827 1.3723 13.1347 -0.1492 0.9994
Car 0.0000 0.0000 0.0000 665.0000 170.0000 796.0000 220.0000 1.4675 1.5983 3.9826 3.8808 1.3600 22.9730 -0.5202 0.9991
Car 0.0000 0.0000 0.0000 469.0000 163.0000 496.0000 182.0000 1.5622 1.6641 3.8553 -10.8309 0.7008 61.6307 1.2326 0.9991
Car 0.0000 0.0000 0.0000 297.0000 176.0000 431.0000 232.0000 1.6860 1.6276 3.9064 -8.0573 1.7749 23.7334 -0.5834 0.9987
Car 0.0000 0.0000 0.0000 -449.0000 191.0000 137.0000 410.0000 1.5260 1.5796 3.7763 -7.2553 1.7427 7.3044 -1.1407 0.9985
Car 0.0000 0.0000 0.0000 199.0000 173.0000 384.0000 237.0000 1.5569 1.6205 4.0623 -8.1089 1.5520 18.4862 0.0797 0.9983
Car 0.0000 0.0000 0.0000 312.0000 154.0000 428.0000 199.0000 1.6881 1.6642 4.0523 -9.5131 0.9479 28.8008 0.0333 0.9955
Car 0.0000 0.0000 0.0000 -907.0000 182.0000 -23.0000 446.0000 1.4959 1.6048 3.7710 -7.0396 1.5769 5.0046 0.0031 0.9913
Car 0.0000 0.0000 0.0000 342.0000 164.0000 440.0000 205.0000 1.6827 1.6545 4.0987 -9.5297 1.3128 31.3755 0.4883 0.9875
Car 0.0000 0.0000 0.0000 646.0000 175.0000 762.0000 219.0000 1.4627 1.6031 3.7691 3.3576 1.5136 25.5406 -0.4106 0.9714
