Car 0.0000 0.0000 0.0000 655.0000 178.0000 734.0000 242.0000 1.5004 1.5782 3.6806 2.1189 1.6236 18.8917 1.5557 0.9998
Car 0.0000 0.0000 0.0000 550.0000 177.0000 595.0000 220.0000 1.5439 1.6309 3.5350 -1.3959 1.6763 27.8961 1.5356 0.9998
Car 0.0000 0.0000 0.0000 290.0000 186.0000 502.0000 337.0000 1.4471 1.5883 3.6688 -2.4250 1.6211 8.9625 1.5596 0.9996
Car 0.0000 0.0000 0.0000 -445.0000 198.0000 404.0000 719.0000 1.4516 1.5669 3.5348 -2.4458 1.6378 3.9264 1.5641 0.9995
Car 0.0000 0.0000 0.0000 634.0000 176.0000 687.0000 219.0000 1.5407 1.6325 4.2411 1.9214 1.6535 28.2209 1.5418 0.9989
Car 0.0000 0.0000 0.0000 103.0000 182.0000 201.0000 230.0000 1.5012 1.6053 3.8591 -15.5637 1.7716 24.6983 1.3547 0.9987
Car 0.0000 0.0000 0.0000 -861.0000 195.0000 -145.0000 624.0000 1.5505 1.6418 3.8915 -6.3405 1.7258 4.7015 0.8213 0.9985
Car 0.0000 0.0000 0.0000 451.0000 175.0000 520.0000 209.0000 1.5802 1.6265 3.9883 -6.1625 1.6644 35.5399 0.9091 0.9969
Car 0.0000 0.0000 0.0000 -738.0000 185.0000 -251.0000 313.0000 1.4526 1.5508 3.6484 -15.2002 1.6300 10.2903 1.4661 0.9950
Car 0.0000 0.0000 0.0000 347.0000 186.0000 467.0000 232.0000 1.4883 1.5997 3.9258 -7.1325 1.9310 25.2817 0.4212 0.9907
Car 0.0000 0.0000 0.0000 190.0000 183.0000 372.0000 272.0000 1.5605 1.6527 4.1040 -6.8057 1.7690 14.6814 0.6574 0.9894
Car 0.0000 0.0000 0.0000 397.0000 177.0000 486.0000 220.0000 1.5774 1.6101 3.6841 -6.7244 1.7293 28.6410 0.7258 0.9877
Car 0.0000 0.0000 0.0000 467.0000 165.0000 535.0000 197.0000 1.9123 1.7631 4.5649 -6.9579 1.4077 46.1144 0.7255 0.9865
Car 0.0000 0.0000 0.0000 655.0000 180.0000 723.0000 230.0000 1.4655 1.4991 3.4563 2.4884 1.6688 23.2890 1.4811 0.9809
Car 0.0000 0.0000 0.0000 265.0000 176.0000 329.0000 208.0000 1.5006 1.5736 3.6802 -15.6959 1.6293 36.3681 1.5708 0.9672
Car 0.0000 0.0000 0.0000 774.0000 -10.0000 1337.0000 418.0000 2.4325 1.9740 5.7925 3.1652 1.4097 7.0002 1.5708 0.9662
Car 0.0000 0.0000 0.0000 513.0000 173.0000 553.0000 198.0000 1.6305 1.6128 3.9654 -5.3794 1.6150 50.5582 1.1548 0.9605
