Car 0.0000 0.0000 0.0000 366.0000 186.0000 501.0000 285.0000 1.4403 1.5545 3.7042 -2.9885 1.6875 12.8072 1.5531 0.9999
Car 0.0000 0.0000 0.0000 641.0000 174.0000 766.0000 221.0000 1.4890 1.6441 4.0290 3.1182 1.5316 24.2474 0.0808 0.9996
Car 0.0000 0.0000 0.0000 -140.0000 189.0000 406.0000 513.0000 1.5056 1.6147 4.0827 -2.9551 1.6610 5.5718 1.5452 0.9996
Car 0.0000 0.0000 0.0000 679.0000 181.0000 866.0000 251.0000 1.4925 1.6378 3.9368 3.5955 1.6732 16.4783 0.0546 0.9995
Car 0.0000 0.0000 0.0000 -215.0000 198.0000 227.0000 401.0000 1.4516 1.5644 3.6754 -5.6915 1.7545 7.4092 1.5361 0.9994
Car 0.0000 0.0000 0.0000 721.0000 162.0000 1049.0000 287.0000 1.6680 1.6674 4.1848 3.8067 1.5403 10.6031 0.0760 0.9990
Car 0.0000 0.0000 0.0000 458.0000 143.0000 549.0000 242.0000 2.7377 1.9931 6.1641 -3.1983 1.9155 23.0943 1.5708 0.9983
Car 0.0000 0.0000 0.0000 296.0000 182.0000 414.0000 255.0000 1.4893 1.5633 3.4761 -5.7985 1.6912 16.7443 1.5500 0.9959
Car 0.0000 0.0000 0.0000 525.0000 169.0000 570.0000 210.0000 1.8420 1.7450 4.2197 -2.9224 1.6531 34.8219 1.5708 0.9946
Car 0.0000 0.0000 0.0000 623.0000 177.0000 661.0000 206.0000 1.5494 1.6128 3.6430 1.9015 1.7616 41.8653 1.4568 0.9926
Car 0.0000 0.0000 0.0000 348.0000 186.0000 462.0000 242.0000 1.4178 1.5549 3.8312 -5.8546 1.8038 21.0279 -1.3455 0.9852
Car 0.0000 0.0000 0.0000 685.0000 151.0000 766.0000 187.0000 1.8296 1.7583 4.5207 6.3353 0.6673 39.5164 0.9795 0.9739
