Car 0.0000 0.0000 0.0000 589.0000 174.0000 645.0000 229.0000 1.6215 1.6461 3.4061 0.2099 1.6535 23.2255 1.5701 0.9998
Car 0.0000 0.0000 0.0000 311.0000 178.0000 392.0000 224.0000 1.7757 1.7898 4.4505 -10.8354 1.9650 30.6088 1.5708 0.9988
Car 0.0000 0.0000 0.0000 678.0000 165.0000 789.0000 217.0000 1.5845 1.6955 4.1312 4.2481 1.3177 24.2388 -0.8291 0.9977
Car 0.0000 0.0000 0.0000 1278.0000 183.0000 2398.0000 941.0000 1.4866 1.6171 3.6680 4.1963 1.5516 3.3424 -0.8253 0.9974
Car 0.0000 0.0000 0.0000 738.0000 178.0000 948.0000 271.0000 1.5019 1.6800 4.0289 4.4989 1.6095 13.7216 -0.5957 0.9971
Car 0.0000 0.0000 0.0000 368.0000 179.0000 425.0000 211.0000 1.5418 1.6347 3.9605 -10.8135 1.8123 36.8565 1.5708 0.9968
Car 0.0000 0.0000 0.0000 494.0000 172.0000 530.0000 201.0000 1.9588 1.8000 4.2952 -6.9672 1.8598 52.1789 1.5708 0.9957
Car 0.0000 0.0000 0.0000 732.0000 179.0000 885.0000 247.0000 1.4945 1.6455 3.9640 4.9847 1.6310 17.8443 -0.6804 0.9955
Car 0.0000 0.0000 0.0000 654.0000 163.0000 679.0000 187.0000 1.5694 1.6386 3.6142 4.0370 0.8569 49.7373 -1.4669 0.9947
Car 0.0000 0.0000 0.0000 665.0000 174.0000 708.0000 210.0000 1.5148 1.6045 3.5811 3.5173 1.5187 32.2590 -1.3765 0.9944
Car 0.0000 0.0000 0.0000 778.0000 177.0000 1015.0000 309.0000 1.4579 1.5952 3.8983 4.0669 1.5111 9.9421 -0.7789 0.9944
Car 0.0000 0.0000 0.0000 -17.0000 181.0000 37.0000 217.0000 1.5715 1.6159 3.7499 -27.9957 1.9258 33.5572 0.7850 0.9937
Car 0.0000 0.0000 0.0000 414.0000 179.0000 459.0000 205.0000 1.5042 1.6250 4.0306 -10.4501 1.8075 43.9241 1.5708 0.9936
Car 0.0000 0.0000 0.0000 887.0000 163.0000 982.0000 200.0000 2.1211 1.8229 4.7332 19.1547 1.4952 42.5067 0.0434 0.9903
Car 0.0000 0.0000 0.0000 303.0000 179.0000 336.0000 209.0000 1.5090 1.5647 3.6098 -15.4830 1.7917 38.5962 1.2043 0.9865
