Car 0.0000 0.0000 0.0000 772.0000 176.0000 1034.0000 331.0000 1.4889 1.5815 4.0600 3.2707 1.5325 9.0071 1.5657 0.9999
Car 0.0000 0.0000 0.0000 699.0000 184.0000 788.0000 246.0000 1.4158 1.5295 3.7590 3.4113 1.7127 18.9702 1.5396 0.9998
Car 0.0000 0.0000 0.0000 935.0000 197.0000 2550.0000 952.0000 1.4862 1.5896 3.9760 3.2807 1.6526 3.5164 1.5579 0.9997
Car 0.0000 0.0000 0.0000 400.0000 187.0000 484.0000 237.0000 1.4868 1.6332 4.1591 -5.5618 1.9584 24.3884 1.5708 0.9996
Car 0.0000 0.0000 0.0000 257.0000 192.0000 400.0000 277.0000 1.5041 1.6017 3.6686 -5.8026 1.9243 15.2871 1.5705 0.9995
Car 0.0000 0.0000 0.0000 672.0000 181.0000 740.0000 229.0000 1.4714 1.5663 3.6838 3.2299 1.7380 24.6507 1.4976 0.9994
Car 0.0000 0.0000 0.0000 -38.0000 198.0000 309.0000 361.0000 1.5408 1.7149 4.1137 -5.7403 1.9198 9.3976 1.5708 0.9994
Car 0.0000 0.0000 0.0000 976.0000 70.0000 1349.0000 249.0000 2.3293 1.9509 5.5524 8.6513 0.9894 12.2172 1.5530 0.9993
Car 0.0000 0.0000 0.0000 656.0000 179.0000 703.0000 214.0000 1.4989 1.5898 3.7801 3.1749 1.7378 33.2596 1.5162 0.9991
Car 0.0000 0.0000 0.0000 1387.0000 137.0000 2404.0000 393.0000 1.4945 1.6059 3.9984 8.4629 1.3068 5.1217 0.0639 0.9986
Car 0.0000 0.0000 0.0000 2194.0000 59.0000 6095.0000 852.0000 1.5570 1.6007 3.8044 8.8241 1.3561 2.2847 0.0406 0.9964
Car 0.0000 0.0000 0.0000 -397.0000 184.0000 -71.0000 289.0000 1.5761 1.6091 3.8265 -14.9122 1.7734 13.0557 1.4867 0.9948
Car 0.0000 0.0000 0.0000 485.0000 181.0000 526.0000 210.0000 1.4774 1.6179 3.8252 -5.6068 1.8782 39.3676 1.5708 0.9879
Car 0.0000 0.0000 0.0000 -217.0000 182.0000 26.0000 257.0000 1.4976 1.5946 3.8737 -15.0449 1.6948 15.4383 0.0813 0.9836
Car 0.0000 0.0000 0.0000 649.0000 176.0000 695.0000 206.0000 1.4935 1.5486 3.5539 3.3519 1.6350 38.7821 1.3827 0.9800
Car 0.0000 0.0000 0.0000 280.0000 175.0000 336.0000 207.0000 1.5102 1.6143 4.0553 -15.5088 1.6067 37.2654 1.4467 0.9732
