Car 0.0000 0.0000 0.0000 458.0000 177.0000 546.0000 246.0000 1.6073 1.7123 4.3080 -2.7350 1.7009 19.1219 1.5631 0.9999
Car 0.0000 0.0000 0.0000 362.0000 184.0000 457.0000 248.0000 1.4759 1.5939 4.0057 -5.1831 1.7504 19.0562 1.5171 0.9998
Car 0.0000 0.0000 0.0000 794.0000 155.0000 943.0000 199.0000 1.6057 1.7437 5.1409 9.9439 0.9293 27.9515 0.0855 0.9997
Car 0.0000 0.0000 0.0000 1194.0000 137.0000 1372.0000 186.0000 1.4781 1.6413 4.1850 21.9350 0.3492 23.5470 0.0222 0.9996
Car 0.0000 0.0000 0.0000 596.0000 174.0000 626.0000 199.0000 1.6102 1.6873 3.4822 0.1700 1.6558 48.5651 -1.4694 0.9994
Car 0.0000 0.0000 0.0000 655.0000 170.0000 694.0000 204.0000 1.6174 1.6715 3.9158 3.3132 1.4600 37.0162 1.5708 0.9992
Car 0.0000 0.0000 0.0000 833.0000 155.0000 1248.0000 285.0000 1.5363 1.6501 4.4311 5.3960 1.3386 9.5005 0.0433 0.9987
Car 0.0000 0.0000 0.0000 1141.0000 140.0000 1301.0000 189.0000 1.6740 1.7218 4.2313 21.9935 0.5092 25.9992 0.0333 0.9977
Car 0.0000 0.0000 0.0000 947.0000 143.0000 1014.0000 174.0000 1.4829 1.5813 3.8930 19.2736 -0.0136 37.5246 1.5708 0.9952
Car 0.0000 0.0000 0.0000 1622.0000 113.0000 2004.0000 215.0000 1.7771 1.6708 4.2947 22.6479 0.7217 13.6925 0.0241 0.9940
Car 0.0000 0.0000 0.0000 989.0000 146.0000 1066.0000 177.0000 1.5276 1.6592 3.7848 21.8563 0.1628 37.7135 1.5212 0.9879
Car 0.0000 0.0000 0.0000 1093.0000 145.0000 1238.0000 190.0000 1.6347 1.7093 4.3393 21.8740 0.5974 28.5431 0.5117 0.9866
Car 0.0000 0.0000 0.0000 638.0000 170.0000 659.0000 189.0000 1.4774 1.6043 3.9453 3.1419 1.1587 57.1841 1.5708 0.9659
