Car 0.0000 0.0000 0.0000 779.0000 188.0000 968.0000 306.0000 1.5265 1.6220 3.7221 3.9509 1.7787 11.5175 1.5681 0.9999
Car 0.0000 0.0000 0.0000 596.0000 180.0000 658.0000 239.0000 1.5795 1.6581 3.5278 0.4936 1.7624 21.1223 1.5708 0.9998
Car 0.0000 0.0000 0.0000 729.0000 180.0000 822.0000 247.0000 1.5518 1.6863 4.1320 4.2211 1.7312 18.9245 1.5708 0.9996
Car 0.0000 0.0000 0.0000 162.0000 187.0000 403.0000 332.0000 1.4788 1.5699 3.6907 -4.3734 1.6567 9.2808 0.7686 0.9993
Car 0.0000 0.0000 0.0000 680.0000 176.0000 724.0000 209.0000 1.5658 1.6441 3.7788 4.6283 1.6790 36.1524 1.5549 0.9992
Car 0.0000 0.0000 0.0000 476.0000 183.0000 560.0000 220.0000 1.4232 1.5464 3.4594 -3.8492 1.8116 30.0513 0.7180 0.9991
Car 0.0000 0.0000 0.0000 361.0000 179.0000 508.0000 255.0000 1.5601 1.6206 3.8483 -4.1912 1.7025 16.8536 0.8062 0.9990
Car 0.0000 0.0000 0.0000 63.0000 174.0000 208.0000 231.0000 1.5779 1.6839 4.1496 -14.2594 1.5938 21.9491 1.5708 0.9988
Car 0.0000 0.0000 0.0000 -3345.0000 -1099.0000 1620.0000 519.0000 1.8620 1.7170 4.0162 3.5747 1.4950 1.1687 1.5640 0.9984
Car 0.0000 0.0000 0.0000 690.0000 180.0000 737.0000 218.0000 1.4916 1.5586 3.4966 4.4282 1.7698 30.9186 1.5708 0.9974
Car 0.0000 0.0000 0.0000 618.0000 175.0000 639.0000 193.0000 1.5304 1.6704 3.9112 1.7554 1.6713 64.1738 1.5587 0.9970
Car 0.0000 0.0000 0.0000 -108.0000 199.0000 245.0000 451.0000 1.4581 1.5885 3.6193 -4.7994 1.7092 6.1424 0.6847 0.9956
Car 0.0000 0.0000 0.0000 234.0000 181.0000 367.0000 242.0000 1.4622 1.5805 3.9003 -8.2231 1.6604 19.5056 -1.4550 0.9872
Car 0.0000 0.0000 0.0000 321.0000 175.0000 407.0000 223.0000 1.4646 1.5564 3.8161 -8.0327 1.5163 23.8976 1.5652 0.9814
Car 0.0000 0.0000 0.0000 607.0000 176.0000 644.0000 211.0000 1.5234 1.6309 3.9558 0.7474 1.6461 34.1357 1.5702 0.9806
Car 0.0000 0.0000 0.0000 547.0000 165.0000 602.0000 196.0000 2.5505 1.9433 4.8816 -2.9969 1.8233 62.3084 0.7590 0.9682
Car 0.0000 0.0000 0.0000 726.0000 178.0000 798.0000 203.0000 1.5705 1.7040 4.4468 10.1349 1.8680 47.8864 0.0783 0.9673
