Car 0.0000 0.0000 0.0000 594.0000 182.0000 684.0000 267.0000 1.5245 1.6136 3.4471 0.6116 1.7021 14.8738 1.5708 0.9998
Car 0.0000 0.0000 0.0000 477.0000 183.0000 526.0000 215.0000 1.6055 1.7956 4.1604 -5.7797 2.1174 39.1732 1.5708 0.9996
Car 0.0000 0.0000 0.0000 335.0000 185.0000 412.0000 226.0000 1.5628 1.7108 4.2164 -9.8551 2.0519 30.4507 1.5708 0.9992
Car 0.0000 0.0000 0.0000 205.0000 185.0000 293.0000 225.0000 1.5090 1.6029 3.7244 -14.6355 1.9601 29.4271 1.5708 0.9991
Car 0.0000 0.0000 0.0000 731.0000 184.0000 857.0000 246.0000 1.4521 1.6071 3.9929 5.0709 1.7539 19.4742 -0.8288 0.9982
Car 0.0000 0.0000 0.0000 1481.0000 202.0000 5950.0000 3000.0000 1.4502 1.5900 3.6977 3.9138 1.6027 2.1777 -0.6726 0.9978
Car 0.0000 0.0000 0.0000 -180.0000 203.0000 181.0000 363.0000 1.4844 1.6075 3.4553 -7.2405 1.9186 9.0186 1.5708 0.9968
Car 0.0000 0.0000 0.0000 384.0000 185.0000 444.0000 219.0000 1.5673 1.7002 4.3054 -9.8877 2.1526 36.8137 1.5708 0.9961
Car 0.0000 0.0000 0.0000 450.0000 184.0000 489.0000 208.0000 1.4998 1.6101 4.0148 -9.0218 2.1449 46.9705 1.5708 0.9933
Car 0.0000 0.0000 0.0000 675.0000 179.0000 715.0000 209.0000 1.4714 1.5852 3.7398 4.4825 1.7496 37.2474 -1.3210 0.9911
Car 0.0000 0.0000 0.0000 689.0000 182.0000 770.0000 220.0000 1.4917 1.6492 3.8633 5.1731 1.8413 30.6845 -0.8620 0.9863
Car 0.0000 0.0000 0.0000 318.0000 185.0000 374.0000 214.0000 1.4980 1.6168 3.8767 -14.3048 2.1002 39.3524 1.5708 0.9805
Car 0.0000 0.0000 0.0000 616.0000 174.0000 643.0000 198.0000 1.4878 1.6176 3.7929 1.3598 1.5319 47.5392 1.5600 0.9762
