Car 0.0000 0.0000 0.0000 817.0000 160.0000 1020.0000 226.0000 1.6138 1.6967 4.6310 8.0774 1.2990 19.1136 0.0252 0.9999
Car 0.0000 0.0000 0.0000 246.0000 196.0000 442.0000 321.0000 1.5031 1.5919 3.5207 -3.8426 1.8853 10.9693 1.5708 0.9998
Car 0.0000 0.0000 0.0000 653.0000 181.0000 708.0000 224.0000 1.4088 1.5617 3.9607 2.5169 1.6762 26.1707 1.5620 0.9997
Car 0.0000 0.0000 0.0000 792.0000 162.0000 959.0000 221.0000 1.6892 1.7148 4.5009 8.0742 1.3679 22.1862 0.0539 0.9996
Car 0.0000 0.0000 0.0000 752.0000 174.0000 865.0000 215.0000 1.5567 1.6497 4.0201 7.7745 1.5704 28.3441 0.0637 0.9993
Car 0.0000 0.0000 0.0000 477.0000 183.0000 516.0000 211.0000 1.5047 1.6660 4.0212 -6.4634 2.0243 41.6722 1.5575 0.9986
Car 0.0000 0.0000 0.0000 -1234.0000 208.0000 290.0000 934.0000 1.4945 1.7052 4.3777 -3.5406 1.7708 3.8772 1.5422 0.9986
Car 0.0000 0.0000 0.0000 403.0000 192.0000 470.0000 237.0000 1.4973 1.6100 4.1251 -6.4675 2.2192 27.3186 1.5475 0.9979
Car 0.0000 0.0000 0.0000 321.0000 186.0000 421.0000 244.0000 1.4333 1.5451 3.6164 -6.5346 1.7923 20.0557 1.5708 0.9959
Car 0.0000 0.0000 0.0000 1020.0000 155.0000 1095.0000 188.0000 1.5217 1.6273 3.8855 21.7073 0.6508 35.0119 -1.4333 0.9888
Car 0.0000 0.0000 0.0000 979.0000 159.0000 1070.0000 190.0000 1.5808 1.6780 4.0793 21.8617 0.8335 38.0343 0.4778 0.9884
Car 0.0000 0.0000 0.0000 937.0000 160.0000 983.0000 186.0000 1.4487 1.5928 3.7200 20.3091 0.6850 41.7191 -1.3349 0.9868
Car 0.0000 0.0000 0.0000 1062.0000 157.0000 1197.0000 193.0000 1.4558 1.6932 4.3898 22.4903 0.7749 31.2723 0.2343 0.9732
Car 0.0000 0.0000 0.0000 621.0000 179.0000 640.0000 196.0000 1.4896 1.5887 3.9830 1.9690 1.9250 65.3231 1.5576 0.9610
Car 0.0000 0.0000 0.0000 430.0000 186.0000 490.0000 229.0000 1.6486 1.6809 4.4062 -6.2766 2.2018 30.7496 1.5668 0.9606
